	09/30/22	Test # 002 Location 1 Ramp 1	Tip H10	Box 5b Xtal 1		DLC	100 uN	02.4%		Points/Segment: 59	
		Seg 	ID Tag	Number	Time	Power	C0	C1	L1	R1	fs	fa	fr	f1	f2	Ch1 (Pk-Pk)	Ch2 (Pk-Pk)	Ch1 (RMS)	Ch2 (RMS)	
						uW	F	F	H	Ohms	Hz	Hz	Hz	Hz	Hz	V	V	V	V	
		B	s1	0	2:48:46 PM	0.0000000400	+1.57884385328881E-11	+1.53237621324699E-14	+6.75238453992733E-02	+2.10146102905273E+01	+4.94776252952100E+06	+0.00000000000000E+00	+4.94776362155915E+06	+4.94773776367188E+06	+4.94778729549408E+06 	0	0	0	0
		B	s1	1	2:48:48 PM	0.0000002124	+2.29308949888998E-10	+1.52870599671621E-14	+6.76859691536944E-02	+2.11513252258301E+01	+4.94776223252723E+06	+0.00000000000000E+00	+4.94776345077515E+06	+4.94773736526489E+06	+4.94778709991455E+06 	0	0	0	0
		B	s1	2	2:48:50 PM	0.0000007294	+1.00179713360847E-10	+1.53878235140475E-14	+6.72427427063515E-02	+2.10611877441406E+01	+4.94776226127069E+06	+0.00000000000000E+00	+4.94776375064850E+06	+4.94773733676911E+06	+4.94778718589783E+06 	0	0	0	0
		B	s1	3	2:48:52 PM	0.0000015912	+1.42197698961207E-10	+1.53385005574657E-14	+6.74589722555758E-02	+2.10438003540039E+01	+4.94776219867201E+06	+0.00000000000000E+00	+4.94776347152710E+06	+4.94773737457276E+06	+4.94778702289581E+06 	0	0	0	0
		B	s1	4	2:48:55 PM	0.0000027976	+9.85037252978655E-11	+1.53534132553270E-14	+6.73934471997409E-02	+2.10011653900146E+01	+4.94776228950008E+06	+0.00000000000000E+00	+4.94776344829560E+06	+4.94773749160767E+06	+4.94778708751679E+06 	0	0	0	0
		B	s1	5	2:48:56 PM	0.0000043488	+1.01568884603734E-10	+1.53900245387849E-14	+6.72331268543940E-02	+2.10028057098389E+01	+4.94776222602322E+06	+0.00000000000000E+00	+4.94776354682923E+06	+4.94773736705780E+06	+4.94778708511353E+06 	0	0	0	0
		B	s1	6	2:48:58 PM	0.0000062447	+1.39405634783933E-10	+1.53782141457986E-14	+6.72847600095331E-02	+2.09340744018555E+01	+4.94776228324418E+06	+0.00000000000000E+00	+4.94776351596832E+06	+4.94773752464295E+06	+4.94778704196930E+06 	0	0	0	0
		B	s1	7	2:49:01 PM	0.0000084853	+2.50761984730631E-11	+1.53661501692914E-14	+6.73375842992268E-02	+2.08199386596680E+01	+4.94776232101045E+06	+0.00000000000000E+00	+4.94776349731445E+06	+4.94773771671295E+06	+4.94778692543030E+06 	0	0	0	0
		B	s1	8	2:49:03 PM	0.0000110706	+1.36503838043428E-10	+1.53432250864472E-14	+6.74381985955651E-02	+2.07837085723877E+01	+4.94776225383403E+06	+0.00000000000000E+00	+4.94776352279663E+06	+4.94773772899628E+06	+4.94778677879334E+06 	0	0	0	0
		B	s1	9	2:49:05 PM	0.0000140006	+6.07932023442988E-11	+1.53433568777974E-14	+6.74376199661040E-02	+2.07806854248047E+01	+4.94776223075512E+06	+0.00000000000000E+00	+4.94776347801209E+06	+4.94773770927429E+06	+4.94778675235748E+06 	0	0	0	0
		B	s1	10	2:49:07 PM	0.0000172753	+2.22681974042664E-11	+1.53586749986138E-14	+6.73703587673640E-02	+2.07019729614258E+01	+4.94776229119934E+06	+0.00000000000000E+00	+4.94776346771240E+06	+4.94773783821106E+06	+4.94778674430847E+06 	0	0	0	0
		B	s1	11	2:49:09 PM	0.0000208947	+6.37406257540289E-11	+1.53371933574574E-14	+6.74647208251739E-02	+2.06607093811035E+01	+4.94776223560054E+06	+0.00000000000000E+00	+4.94776344940186E+06	+4.94773786548615E+06	+4.94778660583496E+06 	0	0	0	0
		B	s1	12	2:49:11 PM	0.0000248588	+6.06928287809977E-11	+1.53302594268074E-14	+6.74952363742356E-02	+2.06104564666748E+01	+4.94776219833129E+06	+0.00000000000000E+00	+4.94776343818665E+06	+4.94773789848328E+06	+4.94778649829865E+06 	0	0	0	0
		B	s1	13	2:49:13 PM	0.0000291676	+9.86529315642468E-11	+1.53176134381012E-14	+6.75509581878854E-02	+2.06029911041260E+01	+4.94776224326857E+06	+0.00000000000000E+00	+4.94776344017029E+06	+4.94773797225952E+06	+4.94778651439667E+06 	0	0	0	0
		B	s1	14	2:49:15 PM	0.0000338211	+9.37348854945171E-11	+1.53657547502119E-14	+6.73393205566750E-02	+2.05376186370850E+01	+4.94776219587096E+06	+0.00000000000000E+00	+4.94776334342957E+06	+4.94773792583466E+06	+4.94778646602631E+06 	0	0	0	0
		B	s1	15	2:49:18 PM	0.0000388194	+1.38491757684483E-10	+1.53274807533947E-14	+6.75074737381930E-02	+2.05689849853516E+01	+4.94776214874049E+06	+0.00000000000000E+00	+4.94776337451935E+06	+4.94773790218353E+06	+4.94778639541626E+06 	0	0	0	0
		B	s1	16	2:49:20 PM	0.0000441623	+5.33879723005191E-11	+1.53541899127550E-14	+6.73900420168642E-02	+2.05328006744385E+01	+4.94776215131541E+06	+0.00000000000000E+00	+4.94776333969116E+06	+4.94773790523529E+06	+4.94778639751435E+06 	0	0	0	0
		B	s1	17	2:49:22 PM	0.0000498500	+5.13148143211188E-11	+1.53849569046796E-14	+6.72552753521130E-02	+2.04616107940674E+01	+4.94776212848462E+06	+0.00000000000000E+00	+4.94776331600189E+06	+4.94773791805268E+06	+4.94778633903504E+06 	0	0	0	0
		B	s1	18	2:49:24 PM	0.0000558823	+9.38522548971568E-11	+1.53457481094550E-14	+6.74271151494755E-02	+2.04695930480957E+01	+4.94776209997002E+06	+0.00000000000000E+00	+4.94776335659027E+06	+4.94773794181824E+06	+4.94778625823975E+06 	0	0	0	0
		B	s1	19	2:49:26 PM	0.0000622594	+1.30580775583401E-10	+1.53362153813052E-14	+6.74690274537595E-02	+2.04714012145996E+01	+4.94776207183669E+06	+0.00000000000000E+00	+4.94776325206757E+06	+4.94773792655945E+06	+4.94778621723175E+06 	0	0	0	0
		B	s1	20	2:49:28 PM	0.0000689811	+8.62628764363457E-11	+1.53337814521987E-14	+6.74797362531432E-02	+2.04710922241211E+01	+4.94776209201646E+06	+0.00000000000000E+00	+4.94776324470520E+06	+4.94773795093537E+06	+4.94778623321533E+06 	0	0	0	0
		B	s1	21	2:49:30 PM	0.0000760476	+3.63898808709306E-11	+1.53871934774638E-14	+6.72455053714064E-02	+2.04002761840820E+01	+4.94776191633057E+06	+0.00000000000000E+00	+4.94776305015564E+06	+4.94773777496338E+06	+4.94778605781555E+06 	0	0	0	0
		B	s1	22	2:49:32 PM	0.0000834587	+8.00437452226478E-11	+1.54169136559984E-14	+6.71158717003414E-02	+2.03709068298340E+01	+4.94776192275828E+06	+0.00000000000000E+00	+4.94776310779572E+06	+4.94773776958466E+06	+4.94778607604981E+06 	0	0	0	0
		B	s1	23	2:49:34 PM	0.0000912146	+8.67330134774707E-11	+1.53672310038429E-14	+6.73328546365971E-02	+2.04291477203369E+01	+4.94776208438705E+06	+0.00000000000000E+00	+4.94776325588227E+06	+4.94773794021607E+06	+4.94778622867584E+06 	0	0	0	0
		B	s1	24	2:49:37 PM	0.0000993152	+8.85572253274369E-11	+1.53457043538202E-14	+6.74273079219840E-02	+2.04236888885498E+01	+4.94776208104938E+06	+0.00000000000000E+00	+4.94776323020935E+06	+4.94773797714234E+06	+4.94778618507385E+06 	0	0	0	0
		B	s1	25	2:49:39 PM	0.0001077605	+9.04629749637802E-11	+1.53582998353948E-14	+6.73720100448688E-02	+2.04286098480225E+01	+4.94776208574134E+06	+0.00000000000000E+00	+4.94776324645996E+06	+4.94773795623780E+06	+4.94778621536255E+06 	0	0	0	0
		B	s1	26	2:49:41 PM	0.0001165505	+4.72546013443692E-11	+1.53472811874931E-14	+6.74203809334327E-02	+2.04020214080811E+01	+4.94776205425125E+06	+0.00000000000000E+00	+4.94776324157715E+06	+4.94773797344208E+06	+4.94778613517761E+06 	0	0	0	0
		B	s1	27	2:49:43 PM	0.0001256852	+4.69745285037396E-11	+1.53701353640902E-14	+6.73201318094862E-02	+2.03761062622070E+01	+4.94776206695416E+06	+0.00000000000000E+00	+4.94776322917938E+06	+4.94773798091889E+06	+4.94778615310669E+06 	0	0	0	0
		B	s1	28	2:49:45 PM	0.0001351646	+8.85263696305793E-11	+1.53447816904587E-14	+6.74313636869804E-02	+2.03835258483887E+01	+4.94776202815884E+06	+0.00000000000000E+00	+4.94776322574616E+06	+4.94773797309876E+06	+4.94778608333588E+06 	0	0	0	0
		B	s1	29	2:49:47 PM	0.0001449887	+1.28423583872163E-10	+1.53735937713641E-14	+6.73049898150359E-02	+2.03992862701416E+01	+4.94776198671184E+06	+0.00000000000000E+00	+4.94776318027497E+06	+4.94773786785126E+06	+4.94778610569001E+06 	0	0	0	0
		B	s1	30	2:49:49 PM	0.0001551575	+8.67517838054518E-11	+1.53871156046571E-14	+6.72458437620224E-02	+2.03548622131348E+01	+4.94776198743679E+06	+0.00000000000000E+00	+4.94776322879791E+06	+4.94773789993286E+06	+4.94778607505798E+06 	0	0	0	0
		B	s1	31	2:49:51 PM	0.0001656710	+4.46635200642331E-11	+1.53586230786604E-14	+6.73705944527596E-02	+2.03670616149902E+01	+4.94776199966304E+06	+0.00000000000000E+00	+4.94776319263458E+06	+4.94773794235230E+06	+4.94778605709076E+06 	0	0	0	0
		B	s1	32	2:49:53 PM	0.0001765292	+8.65974479946839E-11	+1.53778995868079E-14	+6.72861441252762E-02	+2.03426761627197E+01	+4.94776199689738E+06	+0.00000000000000E+00	+4.94776317707062E+06	+4.94773793823242E+06	+4.94778605567932E+06 	0	0	0	0
		B	s1	33	2:49:55 PM	0.0001877322	+8.41230455092563E-11	+1.53695449841952E-14	+6.73227208566988E-02	+2.03392925262451E+01	+4.94776195213199E+06	+0.00000000000000E+00	+4.94776316036225E+06	+4.94773791053772E+06	+4.94778599384308E+06 	0	0	0	0
		B	s1	34	2:49:57 PM	0.0001992798	+8.62294003598980E-11	+1.53828762765207E-14	+6.72643759696697E-02	+2.03402061462402E+01	+4.94776198394646E+06	+0.00000000000000E+00	+4.94776320709229E+06	+4.94773792041779E+06	+4.94778604759216E+06 	0	0	0	0
		B	s1	35	2:49:59 PM	0.0002111721	+8.58946283971593E-11	+1.53765100729034E-14	+6.72922250993577E-02	+2.03304824829102E+01	+4.94776197507739E+06	+0.00000000000000E+00	+4.94776315010071E+06	+4.94773793300629E+06	+4.94778601726532E+06 	0	0	0	0
		B	s1	36	2:50:01 PM	0.0002234092	+8.37055666852343E-11	+1.53902220664926E-14	+6.72322707209637E-02	+2.03253250122070E+01	+4.94776197660320E+06	+0.00000000000000E+00	+4.94776318363190E+06	+4.94773791919709E+06	+4.94778603412628E+06 	0	0	0	0
		B	s1	37	2:50:03 PM	0.0002359909	+8.71032797862652E-11	+1.53704100883134E-14	+6.73189305099085E-02	+2.03326129913330E+01	+4.94776199521903E+06	+0.00000000000000E+00	+4.94776316757202E+06	+4.94773796016693E+06	+4.94778603038788E+06 	0	0	0	0
		B	s1	38	2:50:05 PM	0.0002489174	+8.53621569296687E-11	+1.53607949249330E-14	+6.73610702427833E-02	+2.02970981597900E+01	+4.94776195390613E+06	+0.00000000000000E+00	+4.94776319038391E+06	+4.94773797584534E+06	+4.94778593208313E+06 	0	0	0	0
		B	s1	39	2:50:07 PM	0.0002621886	+4.37255718008786E-11	+1.53820719243407E-14	+6.72678931659636E-02	+2.03234214782715E+01	+4.94776198987842E+06	+0.00000000000000E+00	+4.94776317729950E+06	+4.94773794746399E+06	+4.94778603240967E+06 	0	0	0	0
		B	s1	40	2:50:09 PM	0.0002758044	+8.59216581400231E-11	+1.54023172212947E-14	+6.71794748503723E-02	+2.03083496093750E+01	+4.94776196231716E+06	+0.00000000000000E+00	+4.94776318470001E+06	+4.94773790611267E+06	+4.94778601863861E+06 	0	0	0	0
		B	s1	41	2:50:11 PM	0.0002897650	+3.96520384277607E-11	+1.53774534471436E-14	+6.72880980242182E-02	+2.03018665313721E+01	+4.94776193241016E+06	+0.00000000000000E+00	+4.94776311489105E+06	+4.94773792270661E+06	+4.94778594223023E+06 	0	0	0	0
		B	s1	42	2:50:14 PM	0.0003040703	+8.24665534294559E-11	+1.53879763540054E-14	+6.72420839070669E-02	+2.02978630065918E+01	+4.94776192705045E+06	+0.00000000000000E+00	+4.94776314815521E+06	+4.94773790565491E+06	+4.94778594856262E+06 	0	0	0	0
		B	s1	43	2:50:15 PM	0.0003187203	+4.24981593210723E-11	+1.53852509996596E-14	+6.72539947734389E-02	+2.02979927062988E+01	+4.94776194339645E+06	+0.00000000000000E+00	+4.94776315639496E+06	+4.94773792610169E+06	+4.94778596080780E+06 	0	0	0	0
		B	s1	44	2:50:18 PM	0.0003337150	+8.25839211925513E-11	+1.53866675916863E-14	+6.72478036800460E-02	+2.03094539642334E+01	+4.94776191667442E+06	+0.00000000000000E+00	+4.94776313072205E+06	+4.94773788360596E+06	+4.94778594985962E+06 	0	0	0	0
		B	s1	45	2:50:19 PM	0.0003490544	+4.03756455961395E-11	+1.53916902645770E-14	+6.72258591691810E-02	+2.02871646881103E+01	+4.94776191522493E+06	+0.00000000000000E+00	+4.94776315174103E+06	+4.94773790069580E+06	+4.94778592987061E+06 	0	0	0	0
		B	s1	46	2:50:22 PM	0.0003647385	+8.29809830737814E-11	+1.54119018622893E-14	+6.71376969111758E-02	+2.03031063079834E+01	+4.94776192968238E+06	+0.00000000000000E+00	+4.94776318073273E+06	+4.94773786472321E+06	+4.94778599475861E+06 	0	0	0	0
		B	s1	47	2:50:24 PM	0.0003807673	+4.24094354801338E-11	+1.54007377898885E-14	+6.71863657693741E-02	+2.02879199981689E+01	+4.94776191482431E+06	+0.00000000000000E+00	+4.94776315811157E+06	+4.94773788528443E+06	+4.94778594448090E+06 	0	0	0	0
		B	s1	48	2:50:26 PM	0.0003971408	+4.23583235574635E-11	+1.54066491259729E-14	+6.71605872482540E-02	+2.02944946289062E+01	+4.94776191348908E+06	+0.00000000000000E+00	+4.94776314300537E+06	+4.94773786693573E+06	+4.94778596015930E+06 	0	0	0	0
		B	s1	49	2:50:28 PM	0.0004138590	+4.36056620582652E-11	+1.54097465719420E-14	+6.71470871291358E-02	+2.02812576293945E+01	+4.94776193052176E+06	+0.00000000000000E+00	+4.94776316486359E+06	+4.94773789482117E+06	+4.94778596633911E+06 	0	0	0	0
		B	s1	50	2:50:31 PM	0.0004309219	+8.46334987864075E-11	+1.53988938281284E-14	+6.71944108793611E-02	+2.02938442230225E+01	+4.94776192270164E+06	+0.00000000000000E+00	+4.94776315303803E+06	+4.94773788902283E+06	+4.94778595649719E+06 	0	0	0	0
		B	s1	51	2:50:32 PM	0.0004483296	+8.44938795597084E-11	+1.53925442795109E-14	+6.72221284770802E-02	+2.02838153839111E+01	+4.94776194620028E+06	+0.00000000000000E+00	+4.94776315387726E+06	+4.94773793430329E+06	+4.94778595821381E+06 	0	0	0	0
		B	s1	52	2:50:34 PM	0.0004660819	+4.41133552720665E-11	+1.54211907224235E-14	+6.70972578494116E-02	+2.03028583526611E+01	+4.94776189575058E+06	+0.00000000000000E+00	+4.94776317573548E+06	+4.94773781658173E+06	+4.94778597503662E+06 	0	0	0	0
		B	s1	53	2:50:36 PM	0.0004841789	+4.61357349155438E-11	+1.54241386680342E-14	+6.70844337759525E-02	+2.03084163665771E+01	+4.94776189866877E+06	+0.00000000000000E+00	+4.94776315975189E+06	+4.94773780830383E+06	+4.94778598915100E+06 	0	0	0	0
		B	s1	54	2:50:37 PM	0.0005026207	+4.14088263169397E-11	+1.54100540949901E-14	+6.71457472759093E-02	+2.02801609039307E+01	+4.94776192558173E+06	+0.00000000000000E+00	+4.94776316280365E+06	+4.94773789070130E+06	+4.94778596057892E+06 	0	0	0	0
		B	s1	55	2:50:39 PM	0.0005214071	+4.32501590818614E-11	+1.54153646202695E-14	+6.71226157755287E-02	+2.02806072235107E+01	+4.94776192874789E+06	+0.00000000000000E+00	+4.94776316387177E+06	+4.94773788505554E+06	+4.94778597255707E+06 	0	0	0	0
		B	s1	56	2:50:42 PM	0.0005405383	+8.28880988549696E-11	+1.54348943752730E-14	+6.70376860170664E-02	+2.02644424438477E+01	+4.94776191346997E+06	+0.00000000000000E+00	+4.94776319545746E+06	+4.94773785850525E+06	+4.94778596855164E+06 	0	0	0	0
		B	s1	57	2:50:44 PM	0.0005600142	+8.10862809845319E-11	+1.54222162238649E-14	+6.70927964718140E-02	+2.02623348236084E+01	+4.94776188617592E+06	+0.00000000000000E+00	+4.94776314300537E+06	+4.94773785346985E+06	+4.94778591899872E+06 	0	0	0	0
		B	s1	58	2:50:46 PM	0.0005798347	+8.31394458051221E-11	+1.54318702495561E-14	+6.70508233187206E-02	+2.02552032470703E+01	+4.94776190690877E+06	+0.00000000000000E+00	+4.94776316638947E+06	+4.94773786762238E+06	+4.94778594631195E+06 	0	0	0	0
		B	s1	59	2:50:48 PM	0.0006000000	+8.54861233934921E-11	+1.54234006245649E-14	+6.70876434282380E-02	+2.02540893554688E+01	+4.94776191654095E+06	+0.00000000000000E+00	+4.94776314544678E+06	+4.94773789176941E+06	+4.94778594142914E+06 	0	0	0	0
		T	s2 	60	2:55:57 PM	0.0006000000	+6.16189510457931E-11	+1.54261472353630E-14	+6.70756742339673E-02	+2.08372058868408E+01	+4.94776281289601E+06	+0.00000000000000E+00	+4.94776408512116E+06	+4.94773809204102E+06	+4.94778753387451E+06 	0.584000	0.152000	0.192679	0.039782
		T	s2 	61	2:56:02 PM	0.0005798347	+7.28964988514740E-11	+1.54159769308243E-14	+6.71199199579056E-02	+2.08056964874268E+01	+4.94776302562287E+06	+0.00000000000000E+00	+4.94776433959961E+06	+4.94773835842133E+06	+4.94778769294739E+06 	0.576000	0.170000	0.190253	0.039915
		T	s2 	62	2:56:08 PM	0.0005600142	+7.92838353962080E-11	+1.54233660357943E-14	+6.70877598195533E-02	+2.08877849578857E+01	+4.94776317254539E+06	+0.00000000000000E+00	+4.94776440525055E+06	+4.94773839614868E+06	+4.94778794906616E+06 	0.576000	0.342000	0.185937	0.039116
		T	s2 	63	2:56:13 PM	0.0005405383	+8.08933083824318E-11	+1.54287285778908E-14	+6.70644419202618E-02	+2.09229450225830E+01	+4.94776318355054E+06	+0.00000000000000E+00	+4.94776443927765E+06	+4.94773835681916E+06	+4.94778801040650E+06 	0.560000	0.182000	0.183096	0.038866
		T	s2 	64	2:56:19 PM	0.0005214071	+8.16131066405557E-11	+1.54064887117563E-14	+6.71612517413705E-02	+2.09378070831299E+01	+4.94776319501380E+06	+0.00000000000000E+00	+4.94776445224762E+06	+4.94773838645935E+06	+4.94778800369263E+06 	0.560000	0.164000	0.180099	0.038135
		T	s2 	65	2:56:24 PM	0.0005026207	+4.28105122177247E-11	+1.54208442618521E-14	+6.70987304655014E-02	+2.09428577423096E+01	+4.94776318101371E+06	+0.00000000000000E+00	+4.94776446434021E+06	+4.94773834335327E+06	+4.94778801879883E+06 	0.536000	0.144000	0.177128	0.037370
		T	s2 	66	2:56:30 PM	0.0004841789	+7.99091082865329E-11	+1.54102456833203E-14	+6.71448771335035E-02	+2.09478302001953E+01	+4.94776322804898E+06	+0.00000000000000E+00	+4.94776446296692E+06	+4.94773840156555E+06	+4.94778805465698E+06 	0.536000	0.218000	0.173370	0.036565
		T	s2 	67	2:56:36 PM	0.0004660819	+8.25104056767597E-11	+1.54482477691726E-14	+6.69797043148944E-02	+2.09610614776611E+01	+4.94776319276265E+06	+0.00000000000000E+00	+4.94776446315766E+06	+4.94773828933716E+06	+4.94778809631348E+06 	0.536000	0.188000	0.169990	0.036436
		T	s2 	68	2:56:41 PM	0.0004483296	+8.31161605438424E-11	+1.54404271460679E-14	+6.70136275679326E-02	+2.09743118286133E+01	+4.94776327287127E+06	+0.00000000000000E+00	+4.94776453403473E+06	+4.94773836631775E+06	+4.94778817955017E+06 	0.504000	0.156000	0.166738	0.035168
		T	s2 	69	2:56:46 PM	0.0004309219	+4.80760496802829E-11	+1.54265575402302E-14	+6.70738760865551E-02	+2.09902267456055E+01	+4.94776333350590E+06	+0.00000000000000E+00	+4.94776455379486E+06	+4.94773843044281E+06	+4.94778823669434E+06 	0.528000	0.134000	0.162836	0.034242
		T	s2 	70	2:56:51 PM	0.0004138590	+9.09710671573409E-11	+1.53931616588222E-14	+6.72193933368056E-02	+2.10189609527588E+01	+4.94776338288726E+06	+0.00000000000000E+00	+4.94776460491181E+06	+4.94773849971771E+06	+4.94778826618195E+06 	0.496000	0.178000	0.160507	0.034889
		T	s2 	71	2:56:56 PM	0.0003971408	+5.19191756329502E-11	+1.54185238533089E-14	+6.71088228484419E-02	+2.10215587615967E+01	+4.94776338859001E+06	+0.00000000000000E+00	+4.94776460182190E+06	+4.94773846134186E+06	+4.94778831596375E+06 	0.480000	0.142000	0.157848	0.032544
		T	s2 	72	2:57:02 PM	0.0003807673	+8.76072673716936E-11	+1.54217379787887E-14	+6.70948370163151E-02	+2.10003242492676E+01	+4.94776336387087E+06	+0.00000000000000E+00	+4.94776455547333E+06	+4.94773845661164E+06	+4.94778827125549E+06 	0.496000	0.174000	0.153899	0.031788
		T	s2 	73	2:57:07 PM	0.0003647385	+5.27910175728383E-11	+1.54006539282444E-14	+6.71866908331379E-02	+2.10306682586670E+01	+4.94776341668535E+06	+0.00000000000000E+00	+4.94776460670471E+06	+4.94773850753784E+06	+4.94778832595825E+06 	0.480000	0.138000	0.150619	0.032386
		T	s2 	74	2:57:12 PM	0.0003490544	+9.18212711167538E-11	+1.54038184588181E-14	+6.71728873073263E-02	+2.10511741638184E+01	+4.94776344697389E+06	+0.00000000000000E+00	+4.94776469806671E+06	+4.94773850841522E+06	+4.94778838565827E+06 	0.448000	0.130000	0.147306	0.032470
		T	s2 	75	2:57:17 PM	0.0003337150	+9.80746510277700E-11	+1.53956078026078E-14	+6.72087090513122E-02	+2.10646877288818E+01	+4.94776353295716E+06	+0.00000000000000E+00	+4.94776476791382E+06	+4.94773859169007E+06	+4.94778847434998E+06 	0.472000	0.126000	0.144416	0.031181
		T	s2 	76	2:57:22 PM	0.0003187203	+6.17468983058959E-11	+1.54288832093642E-14	+6.70637571847835E-02	+2.10805473327637E+01	+4.94776364840860E+06	+0.00000000000000E+00	+4.94776479476929E+06	+4.94773863441467E+06	+4.94778866252899E+06 	0.448000	0.142000	0.141313	0.029610
		T	s2 	77	2:57:28 PM	0.0003040703	+6.32493350722645E-11	+1.54161980294439E-14	+6.71189395263303E-02	+2.10777034759521E+01	+4.94776368169196E+06	+0.00000000000000E+00	+4.94776480636597E+06	+4.94773869163513E+06	+4.94778867187500E+06 	0.432000	0.166000	0.138637	0.029703
		T	s2 	78	2:57:34 PM	0.0002897650	+6.89728956506582E-11	+1.54083830195712E-14	+6.71529810101850E-02	+2.10942363739014E+01	+4.94776370787982E+06	+0.00000000000000E+00	+4.94776489437103E+06	+4.94773871089936E+06	+4.94778870498657E+06 	0.424000	0.170000	0.135074	0.028679
		T	s2 	79	2:57:39 PM	0.0002758044	+7.67195415648015E-11	+1.53964864047897E-14	+6.72048660762299E-02	+2.11203765869141E+01	+4.94776381650327E+06	+0.00000000000000E+00	+4.94776500823975E+06	+4.94773880786896E+06	+4.94778882526398E+06 	0.432000	0.158000	0.131465	0.027787
		T	s2 	80	2:57:44 PM	0.0002621886	+3.68590447351655E-11	+1.54017276948581E-14	+6.71819949861481E-02	+2.11245250701904E+01	+4.94776385022512E+06	+0.00000000000000E+00	+4.94776495510102E+06	+4.94773882816315E+06	+4.94778887241364E+06 	0.416000	0.116000	0.127970	0.027659
		T	s2 	81	2:57:50 PM	0.0002489174	+3.92799236113282E-11	+1.53878391946574E-14	+6.72426312726981E-02	+2.11195125579834E+01	+4.94776384000188E+06	+0.00000000000000E+00	+4.94776504573822E+06	+4.94773884643555E+06	+4.94778883369446E+06 	0.392000	0.138000	0.125392	0.027268
		T	s2 	82	2:57:55 PM	0.0002359909	+7.53089361570548E-11	+1.53838199732920E-14	+6.72601991108505E-02	+2.11234664916992E+01	+4.94776384612447E+06	+0.00000000000000E+00	+4.94776499500275E+06	+4.94773885440827E+06	+4.94778883796692E+06 	0.416000	0.174000	0.122307	0.026417
		T	s2 	83	2:58:01 PM	0.0002234092	+3.88945036557352E-11	+1.53942486279072E-14	+6.72146332635916E-02	+2.11361732482910E+01	+4.94776389058461E+06	+0.00000000000000E+00	+4.94776496997833E+06	+4.94773886688233E+06	+4.94778891441345E+06 	0.408000	0.138000	0.117849	0.028346
		T	s2 	84	2:58:07 PM	0.0002111721	+4.06204451088565E-11	+1.53611426806552E-14	+6.73594915975351E-02	+2.11558284759521E+01	+4.94776392541295E+06	+0.00000000000000E+00	+4.94776506649017E+06	+4.94773893230438E+06	+4.94778891864777E+06 	0.376000	0.154000	0.114868	0.025646
		T	s2 	85	2:58:12 PM	0.0001992798	+8.06351336019197E-11	+1.53975339299146E-14	+6.72002902147513E-02	+2.11612834930420E+01	+4.94776395564409E+06	+0.00000000000000E+00	+4.94776507930756E+06	+4.94773889686585E+06	+4.94778901454926E+06 	0.376000	0.132000	0.111358	0.025624
		T	s2 	86	2:58:18 PM	0.0001877322	+8.07030035980313E-11	+1.53755239467899E-14	+6.72964877265154E-02	+2.11520576477051E+01	+4.94776393199321E+06	+0.00000000000000E+00	+4.94776506095886E+06	+4.94773891994477E+06	+4.94778894416809E+06 	0.384000	0.128000	0.108789	0.023980
		T	s2 	87	2:58:24 PM	0.0001765292	+8.02516425126134E-11	+1.53721407538573E-14	+6.73112979637356E-02	+2.11413536071777E+01	+4.94776396056538E+06	+0.00000000000000E+00	+4.94776508388519E+06	+4.94773896667481E+06	+4.94778895458222E+06 	0.360000	0.148000	0.106024	0.023673
		T	s2 	88	2:58:29 PM	0.0001656710	+8.09585286911601E-11	+1.53798697589206E-14	+6.72774708171379E-02	+2.11551589965820E+01	+4.94776397908559E+06	+0.00000000000000E+00	+4.94776512889862E+06	+4.94773895629883E+06	+4.94778900199890E+06 	0.328000	0.146000	0.101288	0.023236
		T	s2 	89	2:58:35 PM	0.0001551575	+8.47788114316924E-11	+1.53758498850772E-14	+6.72950592643600E-02	+2.11687221527100E+01	+4.94776400208817E+06	+0.00000000000000E+00	+4.94776512428284E+06	+4.94773896980286E+06	+4.94778903450012E+06 	0.360000	0.136000	0.098920	0.023279
		T	s2 	90	2:58:40 PM	0.0001449887	+4.72009126211515E-11	+1.53876087689107E-14	+6.72436322357397E-02	+2.11435031890869E+01	+4.94776405997625E+06	+0.00000000000000E+00	+4.94776519523621E+06	+4.94773903839111E+06	+4.94778908168793E+06 	0.432000	0.138000	0.095521	0.021925
		T	s2 	91	2:58:46 PM	0.0001351646	+8.85593383303743E-11	+1.53969508713895E-14	+6.72028305477099E-02	+2.11668834686279E+01	+4.94776411898940E+06	+0.00000000000000E+00	+4.94776522827149E+06	+4.94773905452728E+06	+4.94778918357849E+06 	0.328000	0.106000	0.092325	0.021387
		T	s2 	92	2:58:52 PM	0.0001256852	+5.57522610766438E-11	+1.54009197040981E-14	+6.71855107122731E-02	+2.12098026275635E+01	+4.94776417781174E+06	+0.00000000000000E+00	+4.94776528186798E+06	+4.94773905605316E+06	+4.94778929969788E+06 	0.312000	0.098000	0.089177	0.021365
		T	s2 	93	2:58:57 PM	0.0001165505	+9.54168470389182E-11	+1.53610738443116E-14	+6.73597840267847E-02	+2.12037582397461E+01	+4.94776427150107E+06	+0.00000000000000E+00	+4.94776534286499E+06	+4.94773922187805E+06	+4.94778932125092E+06 	0.336000	0.146000	0.085879	0.021990
		T	s2 	94	2:59:02 PM	0.0001077605	+6.43179176011033E-11	+1.53632141662166E-14	+6.73503988202261E-02	+2.11791725158691E+01	+4.94776430812230E+06	+0.00000000000000E+00	+4.94776541797638E+06	+4.94773928405762E+06	+4.94778933231354E+06 	0.280000	0.112000	0.083725	0.021063
		T	s2 	95	2:59:08 PM	0.0000993152	+6.87174054339982E-11	+1.53495620682744E-14	+6.74102992836192E-02	+2.12254600524902E+01	+4.94776437592838E+06	+0.00000000000000E+00	+4.94776550193787E+06	+4.94773931945801E+06	+4.94778943252564E+06 	0.264000	0.100000	0.079103	0.018715
		T	s2 	96	2:59:14 PM	0.0000912146	+7.55254993351819E-11	+1.53592705531926E-14	+6.73676864169825E-02	+2.12277374267578E+01	+4.94776449708307E+06	+0.00000000000000E+00	+4.94776566276550E+06	+4.94773942207337E+06	+4.94778957221985E+06 	0.280000	0.100000	0.076429	0.019800
		T	s2 	97	2:59:19 PM	0.0000834587	+4.19339658691723E-11	+1.53259538360894E-14	+6.75141329324617E-02	+2.12394638061523E+01	+4.94776458701476E+06	+0.00000000000000E+00	+4.94776568180084E+06	+4.94773955257416E+06	+4.94778962158203E+06 	0.264000	0.104000	0.072907	0.019511
		T	s2 	98	2:59:25 PM	0.0000760476	+8.29750802812855E-11	+1.53440298510237E-14	+6.74345956244022E-02	+2.12286815643311E+01	+4.94776467393255E+06	+0.00000000000000E+00	+4.94776579952240E+06	+4.94773962268830E+06	+4.94778972530365E+06 	0.264000	0.156000	0.069923	0.017118
		T	s2 	99	2:59:30 PM	0.0000689811	+1.16288338875873E-11	+1.53641430636738E-14	+6.73463173059999E-02	+2.13028755187988E+01	+4.94776466042791E+06	+0.00000000000000E+00	+4.94776582122803E+06	+4.94773948867798E+06	+4.94778983230591E+06 	0.280000	0.094000	0.066517	0.017174
		T	s2 	100	2:59:36 PM	0.0000622594	+5.79585847917611E-11	+1.53329710349747E-14	+6.74832279852158E-02	+2.12412738800049E+01	+4.94776483701088E+06	+0.00000000000000E+00	+4.94776599205017E+06	+4.94773978897095E+06	+4.94778988517761E+06 	0.232000	0.100000	0.065142	0.016700
		T	s2 	101	2:59:41 PM	0.0000558823	+1.35913909902709E-10	+1.53393207377829E-14	+6.74552923383711E-02	+2.12556171417236E+01	+4.94776487384164E+06	+0.00000000000000E+00	+4.94776600891113E+06	+4.94773979850769E+06	+4.94778994930268E+06 	0.216000	0.114000	0.061769	0.016130
		T	s2 	102	2:59:47 PM	0.0000498500	+6.70774047037562E-11	+1.53278398752698E-14	+6.75058144927097E-02	+2.12749671936035E+01	+4.94776499205909E+06	+0.00000000000000E+00	+4.94776608932495E+06	+4.94773991268158E+06	+4.94779007156372E+06 	0.200000	0.134000	0.056680	0.016526
		T	s2 	103	2:59:53 PM	0.0000441623	+7.40662424104456E-11	+1.53749334196350E-14	+6.72990425036755E-02	+2.12829856872559E+01	+4.94776503388681E+06	+0.00000000000000E+00	+4.94776620273590E+06	+4.94773986797333E+06	+4.94779019992829E+06 	0.200000	0.134000	0.053449	0.014862
		T	s2 	104	2:59:58 PM	0.0000388194	+4.19368438113283E-12	+1.53836104607669E-14	+6.72610803425077E-02	+2.13305168151855E+01	+4.94776512603046E+06	+0.00000000000000E+00	+4.94776632583618E+06	+4.94773988967896E+06	+4.94779036251068E+06 	0.192000	0.122000	0.050271	0.014763
		T	s2 	105	3:00:03 PM	0.0000338211	+4.16278277496186E-11	+1.53833968848948E-14	+6.72620096796038E-02	+2.13067741394043E+01	+4.94776529095904E+06	+0.00000000000000E+00	+4.94776640468598E+06	+4.94774008304596E+06	+4.94779049900055E+06 	0.184000	0.076000	0.048087	0.023958
		T	s2 	106	3:00:08 PM	0.0000291676	+5.30239730640055E-11	+1.53848160673627E-14	+6.72558063061817E-02	+2.12923965454102E+01	+4.94776524480128E+06	+0.00000000000000E+00	+4.94776643821717E+06	+4.94774005157471E+06	+4.94779043815613E+06 	0.240000	0.072000	0.043655	0.014312
		T	s2 	107	3:00:14 PM	0.0000248588	+5.65152590908775E-11	+1.53733583926395E-14	+6.73059260423516E-02	+2.13498687744141E+01	+4.94776545157669E+06	+0.00000000000000E+00	+4.94776659214020E+06	+4.94774020915985E+06	+4.94779069412232E+06 	0.192000	0.136000	0.041276	0.014922
		T	s2 	108	3:00:20 PM	0.0000208947	+1.09092604152034E-10	+1.53324200178084E-14	+6.74856334733263E-02	+2.13672275543213E+01	+4.94776556016229E+06	+0.00000000000000E+00	+4.94776672248841E+06	+4.94774036449433E+06	+4.94779075595856E+06 	0.176000	0.116000	0.038407	0.014809
		T	s2 	109	3:00:25 PM	0.0000172753	+6.91054695814107E-11	+1.53750119593628E-14	+6.72986818026638E-02	+2.13508453369141E+01	+4.94776565583464E+06	+0.00000000000000E+00	+4.94776684055329E+06	+4.94774040954590E+06	+4.94779090225220E+06 	0.160000	0.074000	0.035117	0.013729
		T	s2 	110	3:00:30 PM	0.0000140006	+1.11514922376305E-10	+1.53900220895545E-14	+6.72330451844842E-02	+2.14562644958496E+01	+4.94776562482038E+06	+0.00000000000000E+00	+4.94776691490174E+06	+4.94774022911072E+06	+4.94779102066040E+06 	0.160000	0.126000	0.033622	0.015229
		T	s2 	111	3:00:36 PM	0.0000110706	+1.18826651508679E-10	+1.53747826377460E-14	+6.72996843108933E-02	+2.14810638427734E+01	+4.94776570292629E+06	+0.00000000000000E+00	+4.94776701026917E+06	+4.94774030303955E+06	+4.94779110294342E+06 	0.152000	0.108000	0.031414	0.013280
		T	s2 	112	3:00:41 PM	0.0000084853	+8.44899869956167E-11	+1.53740825761626E-14	+6.73027467586258E-02	+2.15169658660889E+01	+4.94776577847616E+06	+0.00000000000000E+00	+4.94776702556610E+06	+4.94774033729553E+06	+4.94779121978760E+06 	0.136000	0.114000	0.027059	0.012915
		T	s2 	113	3:00:47 PM	0.0000062447	+1.15609771904874E-10	+1.54149873148561E-14	+6.71241539628991E-02	+2.16485080718994E+01	+4.94776578902264E+06	+0.00000000000000E+00	+4.94776702117920E+06	+4.94774012420654E+06	+4.94779145397186E+06 	0.120000	0.090000	0.027377	0.015415
		T	s2 	114	3:00:53 PM	0.0000043488	+4.64990427133464E-11	+1.53665111471157E-14	+6.73359077244568E-02	+2.16641712188721E+01	+4.94776580147795E+06	+0.00000000000000E+00	+4.94776708404541E+06	+4.94774019886017E+06	+4.94779140422821E+06 	0.104000	0.064000	0.023558	0.015439
		T	s2 	115	3:00:58 PM	0.0000027976	+1.19074266693811E-10	+1.54265703944627E-14	+6.70737540339082E-02	+2.17438888549805E+01	+4.94776577380131E+06	+0.00000000000000E+00	+4.94776704891205E+06	+4.94773997653961E+06	+4.94779157119751E+06 	0.096000	0.120000	0.018801	0.012671
		T	s2 	116	3:01:03 PM	0.0000015912	+5.15724962375029E-11	+1.54043649266836E-14	+6.71704399807063E-02	+2.17316665649414E+01	+4.94776581797577E+06	+0.00000000000000E+00	+4.94776708648682E+06	+4.94774007232666E+06	+4.94779156375885E+06 	0.096000	0.062000	0.018635	0.014791
		T	s2 	117	3:01:09 PM	0.0000007294	+7.14835995911987E-12	+1.54086218394397E-14	+6.71518805257583E-02	+2.18571281433105E+01	+4.94776590624705E+06	+0.00000000000000E+00	+4.94776701660156E+06	+4.94774000480652E+06	+4.94779180782318E+06 	0.096000	0.136000	0.013851	0.014181
		T	s2 	118	3:01:15 PM	0.0000002124	+8.09264909905530E-11	+1.52995759794132E-14	+6.76305037589294E-02	+2.20039501190186E+01	+4.94776567204377E+06	+0.00000000000000E+00	+4.94776710304260E+06	+4.94773978115082E+06	+4.94779156307221E+06 	0.112000	0.108000	0.013858	0.016439
		T	s2 	119	3:01:20 PM	0.0000000400	-8.36860005347893E-11	+1.50192732823263E-14	+6.88926811170124E-02	+2.16348361968994E+01	+4.94776573405631E+06	+0.00000000000000E+00	+4.94776694568634E+06	+4.94774074386597E+06	+4.94779072437287E+06 	0.088000	0.134000	0.015336	0.012256
		B	s3	120	3:04:32 PM	0.0000000400	+1.75450858885260E-10	+1.52373881629382E-14	+6.79066324698722E-02	+2.19738998413086E+01	+4.94776163865064E+06	+0.00000000000000E+00	+4.94776289730072E+06	+4.94773588825226E+06	+4.94778738918305E+06 	0	0	0	0
		B	s3	121	3:04:33 PM	0.0000002124	+2.32305854574680E-11	+1.53671235497456E-14	+6.73333399471202E-02	+2.19798583984375E+01	+4.94776155209398E+06	+0.00000000000000E+00	+4.94776281990051E+06	+4.94773557540894E+06	+4.94778752891541E+06 	0	0	0	0
		B	s3	122	3:04:35 PM	0.0000007294	+1.00543297117262E-12	+1.53983327420639E-14	+6.71968715423900E-02	+2.20323333740234E+01	+4.94776147259509E+06	+0.00000000000000E+00	+4.94776313652039E+06	+4.94773538101197E+06	+4.94778756431580E+06 	0	0	0	0
		B	s3	123	3:04:38 PM	0.0000015912	+1.75812652289610E-11	+1.54271571201136E-14	+6.70713174661815E-02	+2.19240016937256E+01	+4.94776155491667E+06	+0.00000000000000E+00	+4.94776276874542E+06	+4.94773554302216E+06	+4.94778756694794E+06 	0	0	0	0
		B	s3	124	3:04:40 PM	0.0000027976	+5.21407519465472E-11	+1.53520679139103E-14	+6.73993720664211E-02	+2.17930355072021E+01	+4.94776159193978E+06	+0.00000000000000E+00	+4.94776282707215E+06	+4.94773586128235E+06	+4.94778732273102E+06 	0	0	0	0
		B	s3	125	3:04:42 PM	0.0000043488	+2.32049225834189E-11	+1.54305653211449E-14	+6.70565022337439E-02	+2.18286552429199E+01	+4.94776159048929E+06	+0.00000000000000E+00	+4.94776284545899E+06	+4.94773568599701E+06	+4.94778749511719E+06 	0	0	0	0
		B	s3	126	3:04:44 PM	0.0000062447	+1.28060429471037E-10	+1.53854583989056E-14	+6.72530978386351E-02	+2.17245578765869E+01	+4.94776158793448E+06	+0.00000000000000E+00	+4.94776287273407E+06	+4.94773588233948E+06	+4.94778729366303E+06 	0	0	0	0
		B	s3	127	3:04:47 PM	0.0000084853	+6.02061652044357E-11	+1.53964747660726E-14	+6.72049749909377E-02	+2.16412143707275E+01	+4.94776167733232E+06	+0.00000000000000E+00	+4.94776297912598E+06	+4.94773605201721E+06	+4.94778730278015E+06 	0	0	0	0
		B	s3	128	3:04:49 PM	0.0000110706	+6.77853320993850E-11	+1.53826761757058E-14	+6.72652583998955E-02	+2.15322437286377E+01	+4.94776171023487E+06	+0.00000000000000E+00	+4.94776296260834E+06	+4.94773623680115E+06	+4.94778718379975E+06 	0	0	0	0
		B	s3	129	3:04:51 PM	0.0000140006	+1.35238863975175E-10	+1.53827514452837E-14	+6.72649278598598E-02	+2.14794178009033E+01	+4.94776176184805E+06	+0.00000000000000E+00	+4.94776294685364E+06	+4.94773635078430E+06	+4.94778717304230E+06 	0	0	0	0
		B	s3	130	3:04:54 PM	0.0000172753	+3.26381856826078E-11	+1.53836638727190E-14	+6.72609378338779E-02	+2.14178657531738E+01	+4.94776177823254E+06	+0.00000000000000E+00	+4.94776293437958E+06	+4.94773643848419E+06	+4.94778711811066E+06 	0	0	0	0
		B	s3	131	3:04:56 PM	0.0000208947	+9.84181529513045E-11	+1.53822981437030E-14	+6.72669092754324E-02	+2.13636436462402E+01	+4.94776179190857E+06	+0.00000000000000E+00	+4.94776297176361E+06	+4.94773651855469E+06	+4.94778706539154E+06 	0	0	0	0
		B	s3	132	3:04:57 PM	0.0000248588	+6.41208284000288E-11	+1.53604463377608E-14	+6.73626056926901E-02	+2.13070106506348E+01	+4.94776170527732E+06	+0.00000000000000E+00	+4.94776289932251E+06	+4.94773653472901E+06	+4.94778687595368E+06 	0	0	0	0
		B	s3	133	3:05:00 PM	0.0000291676	+1.01323923442066E-10	+1.53594625225101E-14	+6.73669223835611E-02	+2.13477096557617E+01	+4.94776163428556E+06	+0.00000000000000E+00	+4.94776291934967E+06	+4.94773641727448E+06	+4.94778685142517E+06 	0	0	0	0
		B	s3	134	3:05:02 PM	0.0000338211	+9.34634323943815E-11	+1.53483561944587E-14	+6.74156700031344E-02	+2.12651882171631E+01	+4.94776164220165E+06	+0.00000000000000E+00	+4.94776281578064E+06	+4.94773654083252E+06	+4.94778674369812E+06 	0	0	0	0
		B	s3	135	3:05:04 PM	0.0000388194	+1.34251245457511E-10	+1.53491790944551E-14	+6.74120563044781E-02	+2.13052825927734E+01	+4.94776162057207E+06	+0.00000000000000E+00	+4.94776285068512E+06	+4.94773647052765E+06	+4.94778677074433E+06 	0	0	0	0
		B	s3	136	3:05:06 PM	0.0000441623	+9.80632754663254E-11	+1.53711277489865E-14	+6.73157983379480E-02	+2.12520141601563E+01	+4.94776159562408E+06	+0.00000000000000E+00	+4.94776282169342E+06	+4.94773647258759E+06	+4.94778671878815E+06 	0	0	0	0
		B	s3	137	3:05:08 PM	0.0000498500	+2.17881138446117E-11	+1.53794752593090E-14	+6.72792615900162E-02	+2.12014064788818E+01	+4.94776158770882E+06	+0.00000000000000E+00	+4.94776285732269E+06	+4.94773651088715E+06	+4.94778666465759E+06 	0	0	0	0
		B	s3	138	3:05:10 PM	0.0000558823	+5.61274083803881E-11	+1.53642919700436E-14	+6.73457486374979E-02	+2.12405338287353E+01	+4.94776157355619E+06	+0.00000000000000E+00	+4.94776278148651E+06	+4.94773647525788E+06	+4.94778667198181E+06 	0	0	0	0
		B	s3	139	3:05:13 PM	0.0000622594	+5.52411034769622E-11	+1.53751243139703E-14	+6.72983006679575E-02	+2.12096805572510E+01	+4.94776158818565E+06	+0.00000000000000E+00	+4.94776281730652E+06	+4.94773650867462E+06	+4.94778666782379E+06 	0	0	0	0
		B	s3	140	3:05:14 PM	0.0000689811	+1.30605789239451E-10	+1.53928626317685E-14	+6.72207489762304E-02	+2.12109699249268E+01	+4.94776154967612E+06	+0.00000000000000E+00	+4.94776278011322E+06	+4.94773643970490E+06	+4.94778665977478E+06 	0	0	0	0
		B	s3	141	3:05:17 PM	0.0000760476	+9.29196003150070E-11	+1.53687719167036E-14	+6.73261176258782E-02	+2.11957263946533E+01	+4.94776157159185E+06	+0.00000000000000E+00	+4.94776278560639E+06	+4.94773651893616E+06	+4.94778662437439E+06 	0	0	0	0
		B	s3	142	3:05:19 PM	0.0000834587	+5.53958063703301E-11	+1.53739399289220E-14	+6.73034858378606E-02	+2.11516761779785E+01	+4.94776156573651E+06	+0.00000000000000E+00	+4.94776276844025E+06	+4.94773655673981E+06	+4.94778657485962E+06 	0	0	0	0
		B	s3	143	3:05:21 PM	0.0000912146	+9.19548436567394E-11	+1.53656033351425E-14	+6.73400016443329E-02	+2.11517086029053E+01	+4.94776155240421E+06	+0.00000000000000E+00	+4.94776274875641E+06	+4.94773655693054E+06	+4.94778654800415E+06 	0	0	0	0
		B	s3	144	3:05:23 PM	0.0000993152	+5.00896729824941E-11	+1.53971837808081E-14	+6.72018839951743E-02	+2.11155414581299E+01	+4.94776154179931E+06	+0.00000000000000E+00	+4.94776274551392E+06	+4.94773653778076E+06	+4.94778654594422E+06 	0	0	0	0
		B	s3	145	3:05:25 PM	0.0001077605	+9.16031016226433E-11	+1.54038328692455E-14	+6.71728777681237E-02	+2.11176815032959E+01	+4.94776148394936E+06	+0.00000000000000E+00	+4.94776274578095E+06	+4.94773646659851E+06	+4.94778650142670E+06 	0	0	0	0
		B	s3	146	3:05:27 PM	0.0001165505	+4.97327547581907E-11	+1.53934927085477E-14	+6.72179985819531E-02	+2.11250514984131E+01	+4.94776151128171E+06	+0.00000000000000E+00	+4.94776275508881E+06	+4.94773650199890E+06	+4.94778652069092E+06 	0	0	0	0
		B	s3	147	3:05:29 PM	0.0001256852	+5.12586760929778E-11	+1.53729788592221E-14	+6.73076955433818E-02	+2.10757884979248E+01	+4.94776148833676E+06	+0.00000000000000E+00	+4.94776272468567E+06	+4.94773657062531E+06	+4.94778640617371E+06 	0	0	0	0
		B	s3	148	3:05:32 PM	0.0001351646	+8.95998765265567E-11	+1.53832595909613E-14	+6.72627141022823E-02	+2.10576248168945E+01	+4.94776146161483E+06	+0.00000000000000E+00	+4.94776270656586E+06	+4.94773654872894E+06	+4.94778637462616E+06 	0	0	0	0
		B	s3	149	3:05:34 PM	0.0001449887	+8.68419434437633E-11	+1.53838510853179E-14	+6.72601272629120E-02	+2.10620059967041E+01	+4.94776148560925E+06	+0.00000000000000E+00	+4.94776270450592E+06	+4.94773656658173E+06	+4.94778640476227E+06 	0	0	0	0
		B	s3	150	3:05:36 PM	0.0001551575	+8.67533283869110E-11	+1.53923477103559E-14	+6.72230001396467E-02	+2.10461101531982E+01	+4.94776146052764E+06	+0.00000000000000E+00	+4.94776269371033E+06	+4.94773654655457E+06	+4.94778637462616E+06 	0	0	0	0
		B	s3	151	3:05:38 PM	0.0001656710	+8.61618244930651E-11	+1.53926985277034E-14	+6.72214681365154E-02	+2.10407485961914E+01	+4.94776145734240E+06	+0.00000000000000E+00	+4.94776273937226E+06	+4.94773654914856E+06	+4.94778636566162E+06 	0	0	0	0
		B	s3	152	3:05:40 PM	0.0001765292	+5.13993361195818E-11	+1.54166751678193E-14	+6.71169221307946E-02	+2.10269432067871E+01	+4.94776147374548E+06	+0.00000000000000E+00	+4.94776265842438E+06	+4.94773654312134E+06	+4.94778640449524E+06 	0	0	0	0
		B	s3	153	3:05:42 PM	0.0001877322	+8.39846182571858E-11	+1.54129114235424E-14	+6.71333118806979E-02	+2.09928646087646E+01	+4.94776146697463E+06	+0.00000000000000E+00	+4.94776268272400E+06	+4.94773658283234E+06	+4.94778635124207E+06 	0	0	0	0
		B	s3	154	3:05:45 PM	0.0001992798	+8.68205539809306E-11	+1.53978566598358E-14	+6.71989495812565E-02	+2.10167560577393E+01	+4.94776145799099E+06	+0.00000000000000E+00	+4.94776266468048E+06	+4.94773656986237E+06	+4.94778634624481E+06 	0	0	0	0
		B	s3	155	3:05:47 PM	0.0002111721	+8.80166759531399E-11	+1.54228480086841E-14	+6.70900596772611E-02	+2.10182380676270E+01	+4.94776145810522E+06	+0.00000000000000E+00	+4.94776273029328E+06	+4.94773652782440E+06	+4.94778638851166E+06 	0	0	0	0
		B	s3	156	3:05:49 PM	0.0002234092	+5.03112312697142E-11	+1.53890529347489E-14	+6.72373924886885E-02	+2.10278606414795E+01	+4.94776146071851E+06	+0.00000000000000E+00	+4.94776268898010E+06	+4.94773657367707E+06	+4.94778634788513E+06 	0	0	0	0
		B	s3	157	3:05:51 PM	0.0002359909	+8.78735447773379E-11	+1.54045614516896E-14	+6.71697017731959E-02	+2.10234184265137E+01	+4.94776144528796E+06	+0.00000000000000E+00	+4.94776271213532E+06	+4.94773653842926E+06	+4.94778635227204E+06 	0	0	0	0
		B	s3	158	3:05:54 PM	0.0002489174	+8.80617854315536E-11	+1.53949673284633E-14	+6.72115620371167E-02	+2.10129680633545E+01	+4.94776143811647E+06	+0.00000000000000E+00	+4.94776268585205E+06	+4.94773655914307E+06	+4.94778631721497E+06 	0	0	0	0
		B	s3	159	3:05:56 PM	0.0002621886	+9.09743452901071E-11	+1.54223361303963E-14	+6.70922861480996E-02	+2.10135002136230E+01	+4.94776146901529E+06	+0.00000000000000E+00	+4.94776273578644E+06	+4.94773654518128E+06	+4.94778639297485E+06 	0	0	0	0
		B	s3	160	3:05:58 PM	0.0002758044	+4.93387826737912E-11	+1.54012193578952E-14	+6.71842776714108E-02	+2.09991722106934E+01	+4.94776144729085E+06	+0.00000000000000E+00	+4.94776267501831E+06	+4.94773657455445E+06	+4.94778632015228E+06 	0	0	0	0
		B	s3	161	3:06:00 PM	0.0002897650	+9.19117806184862E-11	+1.54004052136459E-14	+6.71878286504822E-02	+2.09848384857178E+01	+4.94776147401289E+06	+0.00000000000000E+00	+4.94776266929627E+06	+4.94773661956787E+06	+4.94778632858277E+06 	0	0	0	0
		B	s3	162	3:06:02 PM	0.0003040703	+8.77364568998715E-11	+1.54185774723751E-14	+6.71086414516863E-02	+2.09768180847168E+01	+4.94776147246784E+06	+0.00000000000000E+00	+4.94776272129059E+06	+4.94773659820557E+06	+4.94778634685517E+06 	0	0	0	0
		B	s3	163	3:06:04 PM	0.0003187203	+8.88895743419690E-11	+1.54269999429035E-14	+6.70720031308083E-02	+2.09857501983643E+01	+4.94776146964484E+06	+0.00000000000000E+00	+4.94776273952484E+06	+4.94773657119751E+06	+4.94778636821747E+06 	0	0	0	0
		B	s3	164	3:06:05 PM	0.0003337150	+9.06989118290605E-11	+1.54012741905512E-14	+6.71840372368304E-02	+2.09665851593018E+01	+4.94776149297204E+06	+0.00000000000000E+00	+4.94776274902344E+06	+4.94773665874481E+06	+4.94778632732392E+06 	0	0	0	0
		B	s3	165	3:06:07 PM	0.0003490544	+9.06618919637285E-11	+1.54230178261741E-14	+6.70893209460590E-02	+2.09859104156494E+01	+4.94776145905909E+06	+0.00000000000000E+00	+4.94776272773743E+06	+4.94773656684876E+06	+4.94778635139465E+06 	0	0	0	0
		B	s3	166	3:06:09 PM	0.0003647385	+4.89664394912112E-11	+1.54264469549776E-14	+6.70744078694722E-02	+2.09648151397705E+01	+4.94776145394749E+06	+0.00000000000000E+00	+4.94776271877289E+06	+4.94773658123017E+06	+4.94778632678986E+06 	0	0	0	0
		B	s3	167	3:06:11 PM	0.0003807673	+5.10022252454302E-11	+1.54323652458661E-14	+6.70486842380735E-02	+2.09485950469971E+01	+4.94776147933435E+06	+0.00000000000000E+00	+4.94776269580841E+06	+4.94773661632538E+06	+4.94778634246826E+06 	0	0	0	0
		B	s3	168	3:06:14 PM	0.0003971408	+5.53827609291583E-11	+1.54371723752561E-14	+6.70278059362671E-02	+2.09542655944824E+01	+4.94776145600741E+06	+0.00000000000000E+00	+4.94776275382996E+06	+4.94773657852173E+06	+4.94778633361817E+06 	0	0	0	0
		B	s3	169	3:06:15 PM	0.0004138590	+9.04420383823260E-11	+1.54371564038421E-14	+6.70278752440145E-02	+2.09446640014648E+01	+4.94776145747612E+06	+0.00000000000000E+00	+4.94776272880554E+06	+4.94773659141541E+06	+4.94778632366181E+06 	0	0	0	0
		B	s3	170	3:06:17 PM	0.0004309219	+9.05224375109269E-11	+1.54321115233602E-14	+6.70497865816452E-02	+2.09473323822021E+01	+4.94776147998286E+06	+0.00000000000000E+00	+4.94776274188996E+06	+4.94773661888123E+06	+4.94778634120941E+06 	0	0	0	0
		B	s3	171	3:06:19 PM	0.0004483296	+8.82209441558231E-11	+1.54413007513920E-14	+6.70098856648260E-02	+2.09298877716064E+01	+4.94776144717649E+06	+0.00000000000000E+00	+4.94776271305084E+06	+4.94773659198761E+06	+4.94778630249024E+06 	0	0	0	0
		B	s3	172	3:06:21 PM	0.0004660819	+5.23882246191555E-11	+1.54453060965200E-14	+6.69925085899315E-02	+2.09339981079102E+01	+4.94776143886040E+06	+0.00000000000000E+00	+4.94776273632050E+06	+4.94773657234192E+06	+4.94778630550385E+06 	0	0	0	0
		B	s3	173	3:06:23 PM	0.0004841789	+9.08741362057756E-11	+1.54289244058532E-14	+6.70636373820133E-02	+2.09285449981689E+01	+4.94776146228280E+06	+0.00000000000000E+00	+4.94776271091461E+06	+4.94773662860871E+06	+4.94778629608155E+06 	0	0	0	0
		B	s3	174	3:06:25 PM	0.0005026207	+8.76901050541535E-11	+1.54567965240421E-14	+6.69427069307759E-02	+2.09200725555420E+01	+4.94776144256064E+06	+0.00000000000000E+00	+4.94776271751404E+06	+4.94773657409668E+06	+4.94778631114960E+06 	0	0	0	0
		B	s3	175	3:06:27 PM	0.0005214071	+5.05238276106173E-11	+1.54637469893278E-14	+6.69126179005034E-02	+2.09157695770264E+01	+4.94776145736164E+06	+0.00000000000000E+00	+4.94776272090912E+06	+4.94773658283234E+06	+4.94778633201599E+06 	0	0	0	0
		B	s3	176	3:06:29 PM	0.0005405383	+8.92661230714457E-11	+1.54618178551628E-14	+6.69209665052478E-02	+2.09062690734863E+01	+4.94776145451976E+06	+0.00000000000000E+00	+4.94776270229340E+06	+4.94773659439087E+06	+4.94778631477356E+06 	0	0	0	0
		B	s3	177	3:06:32 PM	0.0005600142	+5.00673253640027E-11	+1.54484501036231E-14	+6.69788743810274E-02	+2.09157066345215E+01	+4.94776144477326E+06	+0.00000000000000E+00	+4.94776268066406E+06	+4.94773659492493E+06	+4.94778629474640E+06 	0	0	0	0
		B	s3	178	3:06:34 PM	0.0005798347	+8.95928817093266E-11	+1.54577675003939E-14	+6.69385019534393E-02	+2.09069499969482E+01	+4.94776144202666E+06	+0.00000000000000E+00	+4.94776271228790E+06	+4.94773658760071E+06	+4.94778629657746E+06 	0	0	0	0
		B	s3	179	3:06:36 PM	0.0006000000	+5.37125925887194E-11	+1.54452831210472E-14	+6.69926080523250E-02	+2.09207820892334E+01	+4.94776144593674E+06	+0.00000000000000E+00	+4.94776272525787E+06	+4.94773659515381E+06	+4.94778629684448E+06 	0	0	0	0

