	10/04/22	Test 10 N (today) Location 05 Ramp 01	Tip H10	Box 5b Xtal 01		DLC	450 uN	02.5%		Points/Segment: 59	
		Seg 	ID Tag	Number	Time	Power	C0	C1	L1	R1	fs	fa	fr	f1	f2	Ch1 (Pk-Pk)	Ch2 (Pk-Pk)	Ch1 (RMS)	Ch2 (RMS)	
						uW	F	F	H	Ohms	Hz	Hz	Hz	Hz	Hz	V	V	V	V	
		B	s1	0	4:46:32 PM	0.0000000400	+1.98104116653712E-12	+1.52295622588479E-14	+6.79414969759366E-02	+2.03998832702637E+01	+4.94776273755980E+06	+0.00000000000000E+00	+4.94776439754486E+06	+4.94773884395600E+06	+4.94778663127899E+06 	0	0	0	0
		B	s1	1	4:46:34 PM	0.0000003847	+5.05754198943515E-11	+1.54493822968773E-14	+6.69747956575473E-02	+2.09134216308594E+01	+4.94776282311876E+06	+0.00000000000000E+00	+4.94776407199860E+06	+4.94773797447205E+06	+4.94778767189026E+06 	0	0	0	0
		B	s1	2	4:46:36 PM	0.0000014189	+5.32719881493049E-11	+1.53129082062395E-14	+6.75717023574728E-02	+2.09972743988037E+01	+4.94776269599458E+06	+0.00000000000000E+00	+4.94776397064209E+06	+4.94773796810150E+06	+4.94778742401123E+06 	0	0	0	0
		B	s1	3	4:46:38 PM	0.0000031425	+4.51258840603591E-11	+1.54233519773864E-14	+6.70878339472621E-02	+2.08798484802246E+01	+4.94776269401074E+06	+0.00000000000000E+00	+4.94776393413544E+06	+4.94773792705536E+06	+4.94778746109009E+06 	0	0	0	0
		B	s1	4	4:46:40 PM	0.0000055555	+5.62097982962300E-11	+1.53958713990415E-14	+6.72075803602206E-02	+2.07920017242432E+01	+4.94776272294595E+06	+0.00000000000000E+00	+4.94776402065277E+06	+4.94773810413361E+06	+4.94778734188080E+06 	0	0	0	0
		B	s1	5	4:46:43 PM	0.0000086579	+5.42225144058111E-11	+1.53974685426181E-14	+6.72006084790007E-02	+2.07091007232666E+01	+4.94776274486187E+06	+0.00000000000000E+00	+4.94776396522522E+06	+4.94773822166443E+06	+4.94778726818085E+06 	0	0	0	0
		B	s1	6	4:46:44 PM	0.0000124498	+8.76165364087331E-11	+1.54239702858432E-14	+6.70851448458756E-02	+2.06409740447998E+01	+4.94776268359802E+06	+0.00000000000000E+00	+4.94776398761749E+06	+4.94773819900513E+06	+4.94778716831207E+06 	0	0	0	0
		B	s1	7	4:46:47 PM	0.0000169311	+9.02588900176600E-11	+1.53864409232850E-14	+6.72487723380221E-02	+2.05763301849365E+01	+4.94776272659033E+06	+0.00000000000000E+00	+4.94776396694184E+06	+4.94773837806702E+06	+4.94778707523346E+06 	0	0	0	0
		B	s1	8	4:46:49 PM	0.0000221019	+4.67699589965755E-11	+1.53946166742573E-14	+6.72130595233958E-02	+2.05483264923096E+01	+4.94776266891221E+06	+0.00000000000000E+00	+4.94776394176483E+06	+4.94773834060669E+06	+4.94778699733734E+06 	0	0	0	0
		B	s1	9	4:46:51 PM	0.0000279621	+8.58917559398115E-11	+1.53715220012511E-14	+6.73140434926316E-02	+2.04904937744141E+01	+4.94776263622076E+06	+0.00000000000000E+00	+4.94776377998352E+06	+4.94773841278076E+06	+4.94778685977936E+06 	0	0	0	0
		B	s1	10	4:46:53 PM	0.0000345117	+8.42835635721283E-11	+1.53452012678282E-14	+6.74295038021141E-02	+2.04582614898682E+01	+4.94776262021850E+06	+0.00000000000000E+00	+4.94776380989075E+06	+4.94773847629547E+06	+4.94778676425934E+06 	0	0	0	0
		B	s1	11	4:46:55 PM	0.0000417508	+1.26017557951781E-10	+1.54074915782052E-14	+6.71568953874969E-02	+2.03909397125244E+01	+4.94776263727011E+06	+0.00000000000000E+00	+4.94776383399963E+06	+4.94773847511292E+06	+4.94778679954529E+06 	0	0	0	0
		B	s1	12	4:46:57 PM	0.0000496793	+4.42359894793955E-11	+1.53820282117868E-14	+6.72680687150536E-02	+2.04192619323730E+01	+4.94776256404702E+06	+0.00000000000000E+00	+4.94776381114960E+06	+4.94773840831757E+06	+4.94778671989441E+06 	0	0	0	0
		B	s1	13	4:47:00 PM	0.0000582972	+4.74276142244297E-11	+1.53839405054022E-14	+6.72597059237077E-02	+2.03548183441162E+01	+4.94776260322432E+06	+0.00000000000000E+00	+4.94776380989075E+06	+4.94773852073670E+06	+4.94778668582917E+06 	0	0	0	0
		B	s1	14	4:47:02 PM	0.0000676045	+5.04356741058731E-12	+1.53922623015163E-14	+6.72233419995378E-02	+2.03654041290283E+01	+4.94776260681001E+06	+0.00000000000000E+00	+4.94776382976532E+06	+4.94773849876404E+06	+4.94778671497345E+06 	0	0	0	0
		B	s1	15	4:47:04 PM	0.0000776013	+4.75072194616034E-11	+1.54005249985198E-14	+6.71872742656172E-02	+2.03309497833252E+01	+4.94776264489990E+06	+0.00000000000000E+00	+4.94776385620117E+06	+4.94773856472016E+06	+4.94778672519684E+06 	0	0	0	0
		B	s1	16	4:47:06 PM	0.0000882876	+4.96585563745836E-11	+1.54169869389308E-14	+6.71155331136569E-02	+2.03038196563721E+01	+4.94776264369830E+06	+0.00000000000000E+00	+4.94776387180329E+06	+4.94773856994629E+06	+4.94778671756745E+06 	0	0	0	0
		B	s1	17	4:47:09 PM	0.0000996632	+8.82718656126011E-11	+1.54091685093125E-14	+6.71495857939493E-02	+2.03057842254639E+01	+4.94776267856468E+06	+0.00000000000000E+00	+4.94776390007019E+06	+4.94773861469269E+06	+4.94778674255371E+06 	0	0	0	0
		B	s1	18	4:47:10 PM	0.0001117283	+8.95785239572324E-11	+1.53804594844785E-14	+6.72749258375654E-02	+2.02447128295898E+01	+4.94776270645069E+06	+0.00000000000000E+00	+4.94776387561798E+06	+4.94773875965119E+06	+4.94778665336609E+06 	0	0	0	0
		B	s1	19	4:47:12 PM	0.0001244828	+8.86283570313601E-11	+1.53755560034663E-14	+6.72963813182781E-02	+2.02588310241699E+01	+4.94776268583220E+06	+0.00000000000000E+00	+4.94776390689850E+06	+4.94773872997284E+06	+4.94778664180756E+06 	0	0	0	0
		B	s1	20	4:47:15 PM	0.0001379268	+8.74865558984789E-11	+1.54376699281434E-14	+6.70256113711132E-02	+2.02598285675049E+01	+4.94776272100324E+06	+0.00000000000000E+00	+4.94776395343781E+06	+4.94773866718292E+06	+4.94778677494049E+06 	0	0	0	0
		B	s1	21	4:47:16 PM	0.0001520602	+9.67839818571225E-11	+1.53607166856973E-14	+6.73613903988703E-02	+2.02776908874512E+01	+4.94776279657287E+06	+0.00000000000000E+00	+4.94776399742127E+06	+4.94773884155274E+06	+4.94778675170899E+06 	0	0	0	0
		B	s1	22	4:47:18 PM	0.0001668830	+5.73539724858936E-11	+1.54041440404008E-14	+6.71714860858164E-02	+2.02780494689941E+01	+4.94776276405225E+06	+0.00000000000000E+00	+4.94776398574829E+06	+4.94773874088288E+06	+4.94778678733826E+06 	0	0	0	0
		B	s1	23	4:47:20 PM	0.0001823953	+5.47412245278692E-11	+1.53820265373678E-14	+6.72680718174071E-02	+2.02141284942627E+01	+4.94776271924916E+06	+0.00000000000000E+00	+4.94776392044068E+06	+4.94773880619049E+06	+4.94778663242340E+06 	0	0	0	0
		B	s1	24	4:47:23 PM	0.0001985970	+9.44497233794720E-11	+1.54092260757273E-14	+6.71493335861575E-02	+2.02190704345703E+01	+4.94776272821347E+06	+0.00000000000000E+00	+4.94776391174317E+06	+4.94773876701355E+06	+4.94778668952942E+06 	0	0	0	0
		B	s1	25	4:47:24 PM	0.0002154881	+5.53572823234221E-11	+1.53906139344163E-14	+6.72305381007057E-02	+2.02120990753174E+01	+4.94776274148879E+06	+0.00000000000000E+00	+4.94776398632050E+06	+4.94773881748200E+06	+4.94778666561127E+06 	0	0	0	0
		B	s1	26	4:47:26 PM	0.0002330687	+5.47105545288930E-11	+1.53882173047198E-14	+6.72410080228596E-02	+2.01911201477051E+01	+4.94776277320814E+06	+0.00000000000000E+00	+4.94776396087647E+06	+4.94773887775421E+06	+4.94778666877747E+06 	0	0	0	0
		B	s1	27	4:47:28 PM	0.0002513387	+9.56648160411709E-11	+1.53918914840117E-14	+6.72249584431430E-02	+2.01632595062256E+01	+4.94776272029842E+06	+0.00000000000000E+00	+4.94776393608094E+06	+4.94773885211945E+06	+4.94778658859253E+06 	0	0	0	0
		B	s1	28	4:47:30 PM	0.0002702982	+5.67244221502524E-11	+1.53850120418416E-14	+6.72550170264422E-02	+2.01737098693848E+01	+4.94776276464427E+06	+0.00000000000000E+00	+4.94776396156311E+06	+4.94773889476776E+06	+4.94778663463593E+06 	0	0	0	0
		B	s1	29	4:47:32 PM	0.0002899470	+9.72762135170283E-11	+1.53959176815009E-14	+6.72073775218404E-02	+2.01611919403076E+01	+4.94776275247537E+06	+0.00000000000000E+00	+4.94776394275666E+06	+4.94773888050080E+06	+4.94778662456513E+06 	0	0	0	0
		B	s1	30	4:47:34 PM	0.0003102853	+5.56945372425356E-11	+1.54094480558310E-14	+6.71483661322779E-02	+2.01344604492188E+01	+4.94776273326842E+06	+0.00000000000000E+00	+4.94776391689301E+06	+4.94773887199402E+06	+4.94778659465790E+06 	0	0	0	0
		B	s1	31	4:47:36 PM	0.0003313131	+5.22538908102625E-11	+1.54119752003222E-14	+6.71373553585282E-02	+2.01159038543701E+01	+4.94776274318672E+06	+0.00000000000000E+00	+4.94776392967224E+06	+4.94773889999390E+06	+4.94778658649445E+06 	0	0	0	0
		B	s1	32	4:47:38 PM	0.0003530302	+5.60114691377652E-11	+1.54355909150909E-14	+6.70346381146056E-02	+2.01324291229248E+01	+4.94776275447796E+06	+0.00000000000000E+00	+4.94776398815155E+06	+4.94773885513306E+06	+4.94778665393829E+06 	0	0	0	0
		B	s1	33	4:47:40 PM	0.0003754369	+9.62799934874747E-11	+1.54411478222812E-14	+6.70105140316255E-02	+2.01334877014160E+01	+4.94776275033896E+06	+0.00000000000000E+00	+4.94776397705078E+06	+4.94773884113312E+06	+4.94778665966034E+06 	0	0	0	0
		B	s1	34	4:47:42 PM	0.0003985329	+5.31589864754358E-11	+1.54076078395353E-14	+6.71563858683725E-02	+2.01106281280518E+01	+4.94776273941023E+06	+0.00000000000000E+00	+4.94776392318726E+06	+4.94773890922547E+06	+4.94778656970978E+06 	0	0	0	0
		B	s1	35	4:47:44 PM	0.0004223184	+5.57727160030429E-11	+1.54132415319700E-14	+6.71318393987729E-02	+2.01122398376465E+01	+4.94776274476983E+06	+0.00000000000000E+00	+4.94776395599365E+06	+4.94773890396118E+06	+4.94778658569336E+06 	0	0	0	0
		B	s1	36	4:47:46 PM	0.0004467933	+9.67191990177682E-11	+1.54304454368500E-14	+6.70569920832657E-02	+2.01046028137207E+01	+4.94776273912400E+06	+0.00000000000000E+00	+4.94776395500183E+06	+4.94773888076782E+06	+4.94778659759522E+06 	0	0	0	0
		B	s1	37	4:47:48 PM	0.0004719576	+5.44004232699474E-11	+1.54463361218117E-14	+6.69880061812904E-02	+2.00835666656494E+01	+4.94776273408860E+06	+0.00000000000000E+00	+4.94776395469666E+06	+4.94773887615204E+06	+4.94778659214020E+06 	0	0	0	0
		B	s1	38	4:47:49 PM	0.0004978114	+5.90237096012518E-11	+1.54238790754196E-14	+6.70855388140773E-02	+2.00914382934570E+01	+4.94776278484327E+06	+0.00000000000000E+00	+4.94776396930695E+06	+4.94773895225525E+06	+4.94778661754608E+06 	0	0	0	0
		B	s1	39	4:47:52 PM	0.0005243546	+5.76724027251036E-11	+1.54385719887647E-14	+6.70216944539391E-02	+2.00876426696777E+01	+4.94776274597141E+06	+0.00000000000000E+00	+4.94776398006439E+06	+4.94773889518738E+06	+4.94778659687042E+06 	0	0	0	0
		B	s1	40	4:47:53 PM	0.0005515873	+1.76900529411103E-11	+1.54363009205177E-14	+6.70315536929413E-02	+2.00923328399658E+01	+4.94776279537174E+06	+0.00000000000000E+00	+4.94776400863648E+06	+4.94773894252777E+06	+4.94778664833069E+06 	0	0	0	0
		B	s1	41	4:47:55 PM	0.0005795093	+5.89312336147679E-11	+1.54570489090923E-14	+6.69415782663690E-02	+2.00797233581543E+01	+4.94776275869334E+06	+0.00000000000000E+00	+4.94776400836945E+06	+4.94773888877869E+06	+4.94778662872315E+06 	0	0	0	0
		B	s1	42	4:47:57 PM	0.0006081209	+5.92725252078216E-11	+1.54704246526246E-14	+6.68837003809996E-02	+2.00774154663086E+01	+4.94776276367143E+06	+0.00000000000000E+00	+4.94776405014038E+06	+4.94773887584686E+06	+4.94778665161133E+06 	0	0	0	0
		B	s1	43	4:47:58 PM	0.0006374218	+5.83042519078558E-11	+1.54822614694466E-14	+6.68325646007033E-02	+2.00672073364258E+01	+4.94776278139067E+06	+0.00000000000000E+00	+4.94776404235840E+06	+4.94773888744354E+06	+4.94778667545319E+06 	0	0	0	0
		B	s1	44	4:48:01 PM	0.0006674122	+6.05228816253731E-11	+1.54767004356874E-14	+6.68565785090495E-02	+2.00617103576660E+01	+4.94776278636892E+06	+0.00000000000000E+00	+4.94776403675080E+06	+4.94773890754700E+06	+4.94778666530609E+06 	0	0	0	0
		B	s1	45	4:48:03 PM	0.0006980920	+6.42170840807897E-11	+1.54738390964028E-14	+6.68689412146243E-02	+2.00603713989258E+01	+4.94776278837167E+06	+0.00000000000000E+00	+4.94776407482147E+06	+4.94773891555786E+06	+4.94778666130066E+06 	0	0	0	0
		B	s1	46	4:48:04 PM	0.0007294612	+6.41763634171787E-11	+1.54795189136564E-14	+6.68444045474776E-02	+2.00484123229980E+01	+4.94776281810726E+06	+0.00000000000000E+00	+4.94776406085968E+06	+4.94773895076752E+06	+4.94778668556214E+06 	0	0	0	0
		B	s1	47	4:48:06 PM	0.0007615199	+6.94520248387194E-11	+1.54785383993813E-14	+6.68486390449308E-02	+2.00473270416260E+01	+4.94776281347242E+06	+0.00000000000000E+00	+4.94776413585663E+06	+4.94773894893647E+06	+4.94778667812348E+06 	0	0	0	0
		B	s1	48	4:48:08 PM	0.0007942680	+2.26174217852164E-11	+1.54800225360321E-14	+6.68422298791304E-02	+2.00405025482178E+01	+4.94776281709641E+06	+0.00000000000000E+00	+4.94776409931183E+06	+4.94773895839691E+06	+4.94778667591095E+06 	0	0	0	0
		B	s1	49	4:48:11 PM	0.0008277056	+2.76311161775599E-11	+1.55010761775141E-14	+6.67514439587482E-02	+2.00403060913086E+01	+4.94776283412888E+06	+0.00000000000000E+00	+4.94776416820526E+06	+4.94773894321442E+06	+4.94778672515869E+06 	0	0	0	0
		B	s1	50	4:48:12 PM	0.0008618326	+7.09712123707850E-11	+1.54853068118894E-14	+6.68194201979355E-02	+2.00491828918457E+01	+4.94776282218894E+06	+0.00000000000000E+00	+4.94776418395996E+06	+4.94773894500733E+06	+4.94778669948578E+06 	0	0	0	0
		B	s1	51	4:48:14 PM	0.0008966490	+6.92221945823106E-11	+1.54733119730624E-14	+6.68712171336985E-02	+2.00485363006592E+01	+4.94776286529511E+06	+0.00000000000000E+00	+4.94776418151856E+06	+4.94773900737763E+06	+4.94778672332764E+06 	0	0	0	0
		B	s1	52	4:48:16 PM	0.0009321549	+7.35173108556141E-11	+1.54817331807056E-14	+6.68348420559072E-02	+2.00470180511475E+01	+4.94776289600337E+06	+0.00000000000000E+00	+4.94776420375824E+06	+4.94773902690888E+06	+4.94778676521301E+06 	0	0	0	0
		B	s1	53	4:48:17 PM	0.0009683502	+7.28200554139891E-11	+1.54830367023200E-14	+6.68292147086949E-02	+2.00537395477295E+01	+4.94776291456182E+06	+0.00000000000000E+00	+4.94776423233032E+06	+4.94773903545380E+06	+4.94778679378510E+06 	0	0	0	0
		B	s1	54	4:48:19 PM	0.0010052349	+7.48642102586277E-11	+1.54856437230218E-14	+6.68179638510118E-02	+2.00548477172852E+01	+4.94776291845279E+06	+0.00000000000000E+00	+4.94776424053192E+06	+4.94773903400421E+06	+4.94778680301666E+06 	0	0	0	0
		B	s1	55	4:48:21 PM	0.0010428090	+7.34934642629539E-11	+1.54955039090658E-14	+6.67754462871662E-02	+2.00603961944580E+01	+4.94776290296501E+06	+0.00000000000000E+00	+4.94776426506043E+06	+4.94773899669647E+06	+4.94778680934906E+06 	0	0	0	0
		B	s1	56	4:48:23 PM	0.0010810726	+2.92596759337337E-11	+1.55051366927266E-14	+6.67339609177349E-02	+2.00606174468994E+01	+4.94776290988862E+06	+0.00000000000000E+00	+4.94776421428681E+06	+4.94773898849487E+06	+4.94778683139801E+06 	0	0	0	0
		B	s1	57	4:48:26 PM	0.0011200256	+3.33241393230043E-11	+1.54752504854359E-14	+6.68628395544532E-02	+2.00549030303955E+01	+4.94776289985622E+06	+0.00000000000000E+00	+4.94776424598694E+06	+4.94773903137207E+06	+4.94778676845551E+06 	0	0	0	0
		B	s1	58	4:48:28 PM	0.0011596681	+7.66237426409000E-11	+1.54771074147704E-14	+6.68548169223448E-02	+2.00656204223633E+01	+4.94776291795688E+06	+0.00000000000000E+00	+4.94776424484253E+06	+4.94773903385163E+06	+4.94778680217743E+06 	0	0	0	0
		B	s1	59	4:48:30 PM	0.0012000000	+3.28330580982380E-11	+1.54923599674355E-14	+6.67889971328611E-02	+2.00710945129395E+01	+4.94776291139546E+06	+0.00000000000000E+00	+4.94776424846649E+06	+4.94773899723053E+06	+4.94778682567597E+06 	0	0	0	0
		T	s2 	60	4:53:36 PM	0.0012000000	+6.07880203180675E-11	+1.54350876405612E-14	+6.70367074044505E-02	+2.08613815307617E+01	+4.94776705125334E+06	+0.00000000000000E+00	+4.94776847190857E+06	+4.94774228733063E+06	+4.94779181529999E+06 	0.888000	0.357992	0.293162	0.073629
		T	s2 	61	4:53:41 PM	0.0011596681	+5.97350463989970E-11	+1.54479430845383E-14	+6.69809219889522E-02	+2.07613258361816E+01	+4.94776701129487E+06	+0.00000000000000E+00	+4.94776847091675E+06	+4.94774234561920E+06	+4.94779167709351E+06 	0.872000	0.357992	0.289913	0.071663
		T	s2 	62	4:53:47 PM	0.0011200256	+6.14155184592423E-11	+1.54843663516742E-14	+6.68233653439516E-02	+2.07314853668213E+01	+4.94776701320211E+06	+0.00000000000000E+00	+4.94776852214813E+06	+4.94774232490540E+06	+4.94779170162201E+06 	0.840000	0.337992	0.285572	0.069357
		T	s2 	63	4:53:52 PM	0.0010810726	+6.18215974810738E-11	+1.54634807074927E-14	+6.69136198873403E-02	+2.07108745574951E+01	+4.94776701234409E+06	+0.00000000000000E+00	+4.94776850212097E+06	+4.94774238185883E+06	+4.94779164295197E+06 	0.808000	0.316000	0.278722	0.065950
		T	s2 	64	4:53:57 PM	0.0010428090	+6.16027256979308E-11	+1.54693530058062E-14	+6.68882199055531E-02	+2.06953334808350E+01	+4.94776697539879E+06	+0.00000000000000E+00	+4.94776849079132E+06	+4.94774235404968E+06	+4.94779159687042E+06 	0.768000	0.284000	0.272440	0.063403
		T	s2 	65	4:54:02 PM	0.0010052349	+6.33523703679331E-11	+1.54665102138456E-14	+6.69005138217714E-02	+2.07141780853271E+01	+4.94776698810165E+06	+0.00000000000000E+00	+4.94776847930908E+06	+4.94774234886170E+06	+4.94779162746430E+06 	0.736000	0.286000	0.265744	0.061688
		T	s2 	66	4:54:07 PM	0.0009683502	+6.51987937442350E-11	+1.54785451067679E-14	+6.68484965102187E-02	+2.07037601470947E+01	+4.94776701627315E+06	+0.00000000000000E+00	+4.94776852809906E+06	+4.94774237026215E+06	+4.94779166240692E+06 	0.712000	0.280000	0.257985	0.058813
		T	s2 	67	4:54:13 PM	0.0009321549	+5.99647038000640E-11	+1.54856280836800E-14	+6.68179215058410E-02	+2.07040920257568E+01	+4.94776698468740E+06	+0.00000000000000E+00	+4.94776848049164E+06	+4.94774232700348E+06	+4.94779164249420E+06 	0.736000	0.240000	0.249424	0.055101
		T	s2 	68	4:54:19 PM	0.0008966490	+5.89721357790998E-11	+1.54668197068951E-14	+6.68991754119089E-02	+2.07408142089844E+01	+4.94776697782088E+06	+0.00000000000000E+00	+4.94776843547821E+06	+4.94774230640412E+06	+4.94779164936066E+06 	0.688000	0.210000	0.239697	0.050728
		T	s2 	69	4:54:24 PM	0.0008618326	+5.97441804405384E-11	+1.54776218486201E-14	+6.68524856543018E-02	+2.07230701446533E+01	+4.94776695878556E+06	+0.00000000000000E+00	+4.94776845134735E+06	+4.94774229125977E+06	+4.94779162643433E+06 	0.672000	0.196000	0.231954	0.048909
		T	s2 	70	4:54:30 PM	0.0008277056	+5.79620312130863E-11	+1.54653950741275E-14	+6.69053382936125E-02	+2.07275867462158E+01	+4.94776696672020E+06	+0.00000000000000E+00	+4.94776842746735E+06	+4.94774231330872E+06	+4.94779162025452E+06 	0.656000	0.196000	0.228032	0.048354
		T	s2 	71	4:54:35 PM	0.0007942680	+6.02100208748667E-11	+1.54685538484565E-14	+6.68916742467188E-02	+2.07359714508057E+01	+4.94776702453186E+06	+0.00000000000000E+00	+4.94776847648621E+06	+4.94774235610962E+06	+4.94779169307709E+06 	0.648000	0.190000	0.223960	0.046592
		T	s2 	72	4:54:41 PM	0.0007615199	+6.05419620828407E-11	+1.54793082896102E-14	+6.68452014247972E-02	+2.07533683776855E+01	+4.94776698762447E+06	+0.00000000000000E+00	+4.94776845855713E+06	+4.94774228134155E+06	+4.94779169403076E+06 	0.632000	0.188000	0.219543	0.045883
		T	s2 	73	4:54:46 PM	0.0007294612	+6.02476630492768E-11	+1.54812910888539E-14	+6.68366393153029E-02	+2.07612991333008E+01	+4.94776701606298E+06	+0.00000000000000E+00	+4.94776848190308E+06	+4.94774229717255E+06	+4.94779173507691E+06 	0.616000	0.194000	0.214407	0.045003
		T	s2 	74	4:54:51 PM	0.0006980920	+6.18599395440514E-11	+1.54701800390585E-14	+6.68846424815896E-02	+2.07635936737061E+01	+4.94776703424009E+06	+0.00000000000000E+00	+4.94776851058960E+06	+4.94774233036041E+06	+4.94779173824310E+06 	0.600000	0.186000	0.209199	0.043822
		T	s2 	75	4:54:56 PM	0.0006674122	+2.42626889248319E-11	+1.54710996970834E-14	+6.68806658806137E-02	+2.07918548583984E+01	+4.94776706147685E+06	+0.00000000000000E+00	+4.94776850906372E+06	+4.94774232250214E+06	+4.94779180057526E+06 	0.608000	0.182000	0.204854	0.042696
		T	s2 	76	4:55:02 PM	0.0006374218	+2.76233668992861E-11	+1.54586209596363E-14	+6.69346529121618E-02	+2.08391685485840E+01	+4.94776711219307E+06	+0.00000000000000E+00	+4.94776856315613E+06	+4.94774233692169E+06	+4.94779188758850E+06 	0.608000	0.158000	0.199794	0.041938
		T	s2 	77	4:55:07 PM	0.0006081209	+6.51387493097681E-11	+1.54565650326179E-14	+6.69435559015333E-02	+2.08590126037598E+01	+4.94776711966977E+06	+0.00000000000000E+00	+4.94776856044769E+06	+4.94774232410431E+06	+4.94779191535950E+06 	0.592000	0.162000	0.195061	0.041306
		T	s2 	78	4:55:13 PM	0.0005795093	+6.77101980295947E-11	+1.54367929479969E-14	+6.70292989894736E-02	+2.08988552093506E+01	+4.94776715638616E+06	+0.00000000000000E+00	+4.94776862701416E+06	+4.94774234523773E+06	+4.94779196765900E+06 	0.560000	0.152000	0.190456	0.039756
		T	s2 	79	4:55:18 PM	0.0005515873	+2.91858568519964E-11	+1.54350499805875E-14	+6.70368670485439E-02	+2.09150009155273E+01	+4.94776719586819E+06	+0.00000000000000E+00	+4.94776860698700E+06	+4.94774236835480E+06	+4.94779202350617E+06 	0.544000	0.150000	0.185721	0.040355
		T	s2 	80	4:55:24 PM	0.0005243546	+6.76968812130480E-11	+1.54221929498902E-14	+6.70927537202002E-02	+2.09511394500732E+01	+4.94776719592530E+06	+0.00000000000000E+00	+4.94776859596253E+06	+4.94774234622956E+06	+4.94779204574585E+06 	0.552000	0.152000	0.181108	0.038393
		T	s2 	81	4:55:29 PM	0.0004978114	+3.11951424326246E-11	+1.54126854255991E-14	+6.71341393677969E-02	+2.09594287872314E+01	+4.94776724856815E+06	+0.00000000000000E+00	+4.94776862773895E+06	+4.94774240436554E+06	+4.94779209289551E+06 	0.536000	0.144000	0.176308	0.037267
		T	s2 	82	4:55:35 PM	0.0004719576	+7.15553938089622E-11	+1.54270278433090E-14	+6.70717232163943E-02	+2.09748916625977E+01	+4.94776731990278E+06	+0.00000000000000E+00	+4.94776866271973E+06	+4.94774243423462E+06	+4.94779220569611E+06 	0.520000	0.148000	0.172071	0.036046
		T	s2 	83	4:55:41 PM	0.0004467933	+7.87272253208411E-11	+1.54022150770957E-14	+6.71797728202003E-02	+2.10060405731201E+01	+4.94776739581527E+06	+0.00000000000000E+00	+4.94776874797821E+06	+4.94774251327515E+06	+4.94779227848053E+06 	0.520000	0.148000	0.168175	0.035144
		T	s2 	84	4:55:46 PM	0.0004223184	+3.88188731808980E-11	+1.53748456630073E-14	+6.72993607125870E-02	+2.10319004058838E+01	+4.94776745709845E+06	+0.00000000000000E+00	+4.94776874240875E+06	+4.94774258819580E+06	+4.94779232612610E+06 	0.512000	0.140000	0.162702	0.034500
		T	s2 	85	4:55:52 PM	0.0003985329	+7.82023241475283E-11	+1.54031644859495E-14	+6.71756289909848E-02	+2.10571212768555E+01	+4.94776750821502E+06	+0.00000000000000E+00	+4.94776881378174E+06	+4.94774256362915E+06	+4.94779245292664E+06 	0.480000	0.140000	0.158077	0.033984
		T	s2 	86	4:55:58 PM	0.0003754369	+5.01963663414808E-11	+1.53815038295297E-14	+6.72702245564907E-02	+2.11334514617920E+01	+4.94776761859300E+06	+0.00000000000000E+00	+4.94776892444611E+06	+4.94774261878967E+06	+4.94779261852265E+06 	0.480000	0.152000	0.153685	0.032907
		T	s2 	87	4:56:03 PM	0.0003530302	+1.35904017700930E-11	+1.53936719229821E-14	+6.72170482482246E-02	+2.11530113220215E+01	+4.94776768617015E+06	+0.00000000000000E+00	+4.94776896934509E+06	+4.94774264343262E+06	+4.94779272903443E+06 	0.464000	0.138000	0.148685	0.031866
		T	s2 	88	4:56:08 PM	0.0003313131	+9.49456833134038E-11	+1.53690206377986E-14	+6.73248576280708E-02	+2.12126121520996E+01	+4.94776783450450E+06	+0.00000000000000E+00	+4.94776912029267E+06	+4.94774276142121E+06	+4.94779290771485E+06 	0.448000	0.146000	0.144130	0.030500
		T	s2 	89	4:56:13 PM	0.0003102853	+3.28406819756386E-11	+1.53683223164794E-14	+6.73279109230423E-02	+2.12767200469971E+01	+4.94776805054950E+06	+0.00000000000000E+00	+4.94776927684784E+06	+4.94774290283203E+06	+4.94779319839478E+06 	0.432000	0.142000	0.139954	0.030114
		T	s2 	90	4:56:18 PM	0.0002899470	+4.46047340954719E-11	+1.53889843931825E-14	+6.72375047503052E-02	+2.13534507751465E+01	+4.94776834874375E+06	+0.00000000000000E+00	+4.94776951599121E+06	+4.94774307640076E+06	+4.94779362121582E+06 	0.432000	0.130000	0.136119	0.028830
		T	s2 	91	4:56:24 PM	0.0002702982	+3.73466129332983E-11	+1.53545702668135E-14	+6.73881901979662E-02	+2.15077953338623E+01	+4.94776885008969E+06	+0.00000000000000E+00	+4.94777002601624E+06	+4.94774345199585E+06	+4.94779424831391E+06 	0.416000	0.114000	0.130635	0.028271
		T	s2 	92	4:56:29 PM	0.0002513387	+3.50609199992670E-11	+1.53305164858289E-14	+6.74939031450177E-02	+2.16486606597900E+01	+4.94776958335015E+06	+0.00000000000000E+00	+4.94777064838410E+06	+4.94774405895233E+06	+4.94779510787964E+06 	0.408000	0.118000	0.127031	0.027440
		T	s2 	93	4:56:35 PM	0.0002330687	+7.47162863049057E-11	+1.53023795293315E-14	+6.76179863104390E-02	+2.17842597961426E+01	+4.94777031334911E+06	+0.00000000000000E+00	+4.94777130306244E+06	+4.94774467620850E+06	+4.94779595062256E+06 	0.408000	0.128000	0.123370	0.027013
		T	s2 	94	4:56:40 PM	0.0002154881	+4.24058366301843E-11	+1.52638236160082E-14	+6.77887653191047E-02	+2.18664131164551E+01	+4.94777110844629E+06	+0.00000000000000E+00	+4.94777200485230E+06	+4.94774543945313E+06	+4.94779677757263E+06 	0.376000	0.122000	0.117438	0.026818
		T	s2 	95	4:56:45 PM	0.0001985970	+3.92746632138446E-11	+1.52699619454389E-14	+6.77614978258724E-02	+2.18553924560547E+01	+4.94777173918743E+06	+0.00000000000000E+00	+4.94777260971069E+06	+4.94774607280731E+06	+4.94779740570069E+06 	0.392000	0.120000	0.113426	0.024846
		T	s2 	96	4:56:51 PM	0.0001823953	+1.04177257904424E-10	+1.52756435501734E-14	+6.77362804104217E-02	+2.18557662963867E+01	+4.94777226088537E+06	+0.00000000000000E+00	+4.94777311862946E+06	+4.94774658451080E+06	+4.94779793739319E+06 	0.344000	0.122000	0.107871	0.023935
		T	s2 	97	4:56:56 PM	0.0001668830	+1.10054621000048E-10	+1.52870369870933E-14	+6.76857793467598E-02	+2.18282451629639E+01	+4.94777288870832E+06	+0.00000000000000E+00	+4.94777379726410E+06	+4.94774722553253E+06	+4.94779855201721E+06 	0.352000	0.116000	0.103168	0.023464
		T	s2 	98	4:57:02 PM	0.0001520602	+6.67036266762073E-11	+1.52724760640616E-14	+6.77502977411737E-02	+2.17253780364990E+01	+4.94777339507199E+06	+0.00000000000000E+00	+4.94777424217224E+06	+4.94774787715912E+06	+4.94779891311646E+06 	0.336000	0.106000	0.097937	0.023123
		T	s2 	99	4:57:08 PM	0.0001379268	+8.84418811911292E-11	+1.52925119100173E-14	+6.76615236397707E-02	+2.16465396881104E+01	+4.94777374049313E+06	+0.00000000000000E+00	+4.94777470809937E+06	+4.94774828182221E+06	+4.94779919929505E+06 	0.328000	0.114000	0.093795	0.022005
		T	s2 	100	4:57:13 PM	0.0001244828	+4.48744591770736E-11	+1.52796558541714E-14	+6.77184405538315E-02	+2.16467647552490E+01	+4.94777419348854E+06	+0.00000000000000E+00	+4.94777511386871E+06	+4.94774875595093E+06	+4.94779963115692E+06 	0.304000	0.088000	0.088866	0.021090
		T	s2 	101	4:57:18 PM	0.0001117283	+3.04356318202943E-11	+1.52978746124955E-14	+6.76377831865212E-02	+2.16793117523193E+01	+4.94777452914340E+06	+0.00000000000000E+00	+4.94777554409027E+06	+4.94774902297974E+06	+4.94780003543854E+06 	0.296000	0.120000	0.084234	0.020872
		T	s2 	102	4:57:24 PM	0.0000996632	+9.08399755532182E-11	+1.53208064472951E-14	+6.75365320095717E-02	+2.16452884674072E+01	+4.94777498631580E+06	+0.00000000000000E+00	+4.94777595428467E+06	+4.94774948200226E+06	+4.94780049076080E+06 	0.272000	0.100000	0.080377	0.020297
		T	s2 	103	4:57:30 PM	0.0000882876	+1.11388910216492E-10	+1.53159969058746E-14	+6.75577298803267E-02	+2.16248626708984E+01	+4.94777535266042E+06	+0.00000000000000E+00	+4.94777637470246E+06	+4.94774988040924E+06	+4.94780082504273E+06 	0.256000	0.102000	0.075965	0.019080
		T	s2 	104	4:57:35 PM	0.0000776013	+6.39521117277895E-11	+1.53064044567461E-14	+6.76000583172194E-02	+2.16483116149902E+01	+4.94777570630187E+06	+0.00000000000000E+00	+4.94777671672821E+06	+4.94775022239685E+06	+4.94780119033814E+06 	0.248000	0.108000	0.070249	0.018261
		T	s2 	105	4:57:41 PM	0.0000676045	+4.83629253496417E-11	+1.53386981799477E-14	+6.74577241879071E-02	+2.15867881774902E+01	+4.94777609524850E+06	+0.00000000000000E+00	+4.94777714645386E+06	+4.94775063014984E+06	+4.94780156047821E+06 	0.240000	0.096000	0.067790	0.018031
		T	s2 	106	4:57:46 PM	0.0000582972	+3.71751820396328E-11	+1.53531083553554E-14	+6.73944004469583E-02	+2.15732440948486E+01	+4.94777642666935E+06	+0.00000000000000E+00	+4.94777748744965E+06	+4.94775095363617E+06	+4.94780189983368E+06 	0.240000	0.088000	0.062166	0.016785
		T	s2 	107	4:57:52 PM	0.0000496793	+9.33998372904164E-11	+1.53474234828643E-14	+6.74193533773834E-02	+2.15877761840820E+01	+4.94777682208176E+06	+0.00000000000000E+00	+4.94777785179138E+06	+4.94775134132386E+06	+4.94780230297089E+06 	0.216000	0.100000	0.057476	0.015907
		T	s2 	108	4:57:58 PM	0.0000417508	+8.22429486668211E-11	+1.53228386681798E-14	+6.75275148877459E-02	+2.15689010620117E+01	+4.94777718295244E+06	+0.00000000000000E+00	+4.94777830013275E+06	+4.94775176525116E+06	+4.94780260078430E+06 	0.200000	0.070000	0.052187	0.015351
		T	s2 	109	4:58:03 PM	0.0000345117	+3.23389037371377E-11	+1.53288232573564E-14	+6.75011392199104E-02	+2.15144634246826E+01	+4.94777762171920E+06	+0.00000000000000E+00	+4.94777871444702E+06	+4.94775225826264E+06	+4.94780298530579E+06 	0.192000	0.096000	0.048260	0.016042
		T	s2 	110	4:58:09 PM	0.0000279621	+2.15422452634213E-11	+1.53774247887730E-14	+6.72877865909338E-02	+2.14519939422607E+01	+4.94777799294643E+06	+0.00000000000000E+00	+4.94777907047272E+06	+4.94775262294770E+06	+4.94780336307526E+06 	0.176000	0.088000	0.043575	0.014634
		T	s2 	111	4:58:15 PM	0.0000221019	-2.86623048291836E-11	+1.53750950309123E-14	+6.72979740185698E-02	+2.14738883972168E+01	+4.94777830754440E+06	+0.00000000000000E+00	+4.94777955570221E+06	+4.94775291549683E+06	+4.94780369972229E+06 	0.168000	0.080000	0.039213	0.014630
		T	s2 	112	4:58:20 PM	0.0000169311	+1.35963707479874E-10	+1.54033716561961E-14	+6.71744196818201E-02	+2.13166713714600E+01	+4.94777877084010E+06	+0.00000000000000E+00	+4.94777999813080E+06	+4.94775351833344E+06	+4.94780402347565E+06 	0.160000	0.076000	0.036888	0.014268
		T	s2 	113	4:58:26 PM	0.0000124498	+8.75411196199799E-11	+1.53900713617591E-14	+6.72324646376085E-02	+2.12034187316895E+01	+4.94777906623198E+06	+0.00000000000000E+00	+4.94778010688782E+06	+4.94775396957398E+06	+4.94780416301728E+06 	0.128000	0.096000	0.031592	0.013729
		T	s2 	114	4:58:31 PM	0.0000086579	+3.73089512163921E-11	+1.54066713707022E-14	+6.71600154782376E-02	+2.12800025939941E+01	+4.94777940305007E+06	+0.00000000000000E+00	+4.94778062984467E+06	+4.94775418857575E+06	+4.94780461765290E+06 	0.120000	0.066000	0.026309	0.013312
		T	s2 	115	4:58:37 PM	0.0000055555	+5.22489084552139E-11	+1.54285961917912E-14	+6.70645727295575E-02	+2.12917633056641E+01	+4.94777958548772E+06	+0.00000000000000E+00	+4.94778090251923E+06	+4.94775432117462E+06	+4.94780484992981E+06 	0.112000	0.164000	0.028164	0.012109
		T	s2 	116	4:58:42 PM	0.0000031425	+5.49268796064747E-11	+1.54426547584330E-14	+6.70035152628478E-02	+2.12861900329590E+01	+4.94777972323635E+06	+0.00000000000000E+00	+4.94778092960358E+06	+4.94775444252014E+06	+4.94780500408173E+06 	0.104000	0.064000	0.021653	0.012753
		T	s2 	117	4:58:48 PM	0.0000014189	+7.29226128944974E-11	+1.54601642554886E-14	+6.69276248895473E-02	+2.12628345489502E+01	+4.94777991399028E+06	+0.00000000000000E+00	+4.94778119415283E+06	+4.94775463237763E+06	+4.94780519573212E+06 	0.096000	0.086000	0.018961	0.012375
		T	s2 	118	4:58:54 PM	0.0000003847	+1.23202888389840E-10	+1.53792398358270E-14	+6.72797914784642E-02	+2.13258075714111E+01	+4.94777997321375E+06	+0.00000000000000E+00	+4.94778134223938E+06	+4.94775474945069E+06	+4.94780519710541E+06 	0.096000	0.096000	0.018563	0.011343
		T	s2 	119	4:58:59 PM	0.0000000400	-6.21426025697563E-11	+1.54359633893846E-14	+6.70325555360694E-02	+2.09284210205078E+01	+4.94777991607150E+06	+0.00000000000000E+00	+4.94778137321472E+06	+4.94775507102967E+06	+4.94780476123810E+06 	0.096000	0.070000	0.020887	0.014398
		B	s3	120	5:00:32 PM	0.0000000400	+2.50504618352615E-10	+1.52976893999367E-14	+6.76389308789144E-02	+2.08306083679199E+01	+4.94776250379215E+06	+0.00000000000000E+00	+4.94776356288910E+06	+4.94773799655914E+06	+4.94778701114655E+06 	0	0	0	0
		B	s3	121	5:00:33 PM	0.0000003847	+1.52725540814449E-10	+1.54259047338046E-14	+6.70767364189998E-02	+2.07950115203857E+01	+4.94776252788115E+06	+0.00000000000000E+00	+4.94776377807617E+06	+4.94773785747528E+06	+4.94778719841004E+06 	0	0	0	0
		B	s3	122	5:00:35 PM	0.0000014189	+7.74365274470291E-11	+1.53624127786702E-14	+6.73539578368614E-02	+2.07221012115479E+01	+4.94776263137482E+06	+0.00000000000000E+00	+4.94776375793457E+06	+4.94773814865112E+06	+4.94778711421967E+06 	0	0	0	0
		B	s3	123	5:00:38 PM	0.0000031425	+2.94625139546266E-12	+1.53979305133188E-14	+6.71985968080098E-02	+2.06892013549805E+01	+4.94776257955207E+06	+0.00000000000000E+00	+4.94776379837036E+06	+4.94773807918549E+06	+4.94778708003998E+06 	0	0	0	0
		B	s3	124	5:00:40 PM	0.0000055555	+4.98179097939824E-11	+1.53940705143998E-14	+6.72154444172200E-02	+2.06793251037598E+01	+4.94776265899323E+06	+0.00000000000000E+00	+4.94776386951447E+06	+4.94773817646027E+06	+4.94778714164734E+06 	0	0	0	0
		B	s3	125	5:00:42 PM	0.0000086579	+5.12606443782061E-11	+1.54220724526221E-14	+6.70933995326939E-02	+2.06014614105225E+01	+4.94776271238016E+06	+0.00000000000000E+00	+4.94776392688751E+06	+4.94773827766419E+06	+4.94778714721680E+06 	0	0	0	0
		B	s3	126	5:00:44 PM	0.0000124498	+6.22789386314503E-11	+1.53690476886679E-14	+6.73248758653385E-02	+2.04540786743164E+01	+4.94776281011397E+06	+0.00000000000000E+00	+4.94776397224426E+06	+4.94773863361359E+06	+4.94778698673249E+06 	0	0	0	0
		B	s3	127	5:00:46 PM	0.0000169311	+5.43531604557549E-11	+1.53668186385618E-14	+6.73346426288565E-02	+2.04611129760742E+01	+4.94776277768902E+06	+0.00000000000000E+00	+4.94776394721985E+06	+4.94773859638214E+06	+4.94778695911408E+06 	0	0	0	0
		B	s3	128	5:00:48 PM	0.0000221019	+9.74641684594089E-11	+1.53721072082701E-14	+6.73114764330634E-02	+2.04227905273438E+01	+4.94776279990981E+06	+0.00000000000000E+00	+4.94776398651123E+06	+4.94773865558624E+06	+4.94778694435120E+06 	0	0	0	0
		B	s3	129	5:00:51 PM	0.0000279621	+9.28512815332613E-11	+1.53712273859261E-14	+6.73153304031136E-02	+2.03360271453857E+01	+4.94776275661350E+06	+0.00000000000000E+00	+4.94776391849518E+06	+4.94773871623993E+06	+4.94778679710388E+06 	0	0	0	0
		B	s3	130	5:00:52 PM	0.0000345117	+4.74503323662374E-11	+1.53801293086968E-14	+6.72763695278305E-02	+2.03063259124756E+01	+4.94776272655379E+06	+0.00000000000000E+00	+4.94776384605408E+06	+4.94773870738983E+06	+4.94778674583435E+06 	0	0	0	0
		B	s3	131	5:00:55 PM	0.0000417508	+5.00234204071553E-11	+1.53626621175552E-14	+6.73528623071933E-02	+2.02452583312988E+01	+4.94776271814287E+06	+0.00000000000000E+00	+4.94776387397766E+06	+4.94773879840851E+06	+4.94778663799286E+06 	0	0	0	0
		B	s3	132	5:00:56 PM	0.0000496793	+1.77662099232079E-11	+1.53791269827619E-14	+6.72807542589568E-02	+2.03751373291016E+01	+4.94776272538992E+06	+0.00000000000000E+00	+4.94776400318146E+06	+4.94773862640381E+06	+4.94778682449341E+06 	0	0	0	0
		B	s3	133	5:00:58 PM	0.0000582972	+9.90704441772883E-11	+1.53701950170351E-14	+6.73198511825859E-02	+2.03000068664551E+01	+4.94776277810954E+06	+0.00000000000000E+00	+4.94776397865296E+06	+4.94773878192902E+06	+4.94778677440644E+06 	0	0	0	0
		B	s3	134	5:01:01 PM	0.0000676045	+5.87422999423018E-11	+1.53768815061060E-14	+6.72905773599081E-02	+2.02830829620361E+01	+4.94776279401687E+06	+0.00000000000000E+00	+4.94776400119782E+06	+4.94773880741120E+06	+4.94778678073883E+06 	0	0	0	0
		B	s3	135	5:01:03 PM	0.0000776013	+5.57834366769239E-11	+1.53821571841452E-14	+6.72674985582984E-02	+2.02425422668457E+01	+4.94776279003071E+06	+0.00000000000000E+00	+4.94776399349213E+06	+4.94773884315491E+06	+4.94778673702240E+06 	0	0	0	0
		B	s3	136	5:01:05 PM	0.0000882876	+6.13850991156356E-11	+1.53829312638034E-14	+6.72641117835339E-02	+2.02487297058105E+01	+4.94776285726470E+06	+0.00000000000000E+00	+4.94776404075623E+06	+4.94773890186310E+06	+4.94778681278229E+06 	0	0	0	0
		B	s3	137	5:01:06 PM	0.0000996632	+1.06175289634681E-10	+1.54205553606455E-14	+6.70999978590577E-02	+2.02341613769531E+01	+4.94776280084513E+06	+0.00000000000000E+00	+4.94776404445648E+06	+4.94773880413056E+06	+4.94778679767609E+06 	0	0	0	0
		B	s3	138	5:01:08 PM	0.0001117283	+6.51045930658405E-11	+1.54036783739511E-14	+6.71735133059874E-02	+2.02040519714355E+01	+4.94776289043359E+06	+0.00000000000000E+00	+4.94776406360626E+06	+4.94773895565033E+06	+4.94778682533264E+06 	0	0	0	0
		B	s3	139	5:01:10 PM	0.0001244828	+6.28304815929144E-11	+1.53947846250240E-14	+6.72123208573504E-02	+2.01738872528076E+01	+4.94776286764102E+06	+0.00000000000000E+00	+4.94776406791687E+06	+4.94773898239136E+06	+4.94778675300598E+06 	0	0	0	0
		B	s3	140	5:01:12 PM	0.0001379268	+1.06461490955820E-10	+1.53693328152726E-14	+6.73236252421866E-02	+2.01795730590820E+01	+4.94776287019702E+06	+0.00000000000000E+00	+4.94776410224915E+06	+4.94773901771546E+06	+4.94778672279358E+06 	0	0	0	0
		B	s3	141	5:01:14 PM	0.0001520602	+1.00083993875871E-10	+1.53919428999373E-14	+6.72247309493867E-02	+2.01500110626221E+01	+4.94776282821628E+06	+0.00000000000000E+00	+4.94776406829834E+06	+4.94773897563935E+06	+4.94778668090821E+06 	0	0	0	0
		B	s3	142	5:01:16 PM	0.0001668830	+6.02320455159655E-11	+1.53639772178545E-14	+6.73470929325896E-02	+2.01422004699707E+01	+4.94776287300108E+06	+0.00000000000000E+00	+4.94776404457092E+06	+4.94773907299042E+06	+4.94778667312622E+06 	0	0	0	0
		B	s3	143	5:01:18 PM	0.0001823953	+5.86479580100052E-11	+1.53642331284175E-14	+6.73459715982336E-02	+2.01125354766846E+01	+4.94776285772338E+06	+0.00000000000000E+00	+4.94776403835297E+06	+4.94773909236908E+06	+4.94778662319184E+06 	0	0	0	0
		B	s3	144	5:01:20 PM	0.0001985970	+6.20753743227893E-11	+1.53954872981866E-14	+6.72092539534927E-02	+2.00924377441406E+01	+4.94776283939364E+06	+0.00000000000000E+00	+4.94776402362824E+06	+4.94773904949188E+06	+4.94778662940979E+06 	0	0	0	0
		B	s3	145	5:01:22 PM	0.0002154881	+6.22834767781175E-11	+1.53984780977670E-14	+6.71961998739077E-02	+2.00852012634277E+01	+4.94776284788136E+06	+0.00000000000000E+00	+4.94776404800415E+06	+4.94773906192780E+06	+4.94778663394928E+06 	0	0	0	0
		B	s3	146	5:01:24 PM	0.0002330687	+6.07079193759141E-11	+1.53822061229412E-14	+6.72672824859130E-02	+2.00643672943115E+01	+4.94776286577253E+06	+0.00000000000000E+00	+4.94776403953552E+06	+4.94773912960053E+06	+4.94778660205841E+06 	0	0	0	0
		B	s3	147	5:01:26 PM	0.0002513387	+1.03662472307313E-10	+1.54118322876324E-14	+6.71379751050466E-02	+2.00285816192627E+01	+4.94776284683255E+06	+0.00000000000000E+00	+4.94776405368805E+06	+4.94773910736084E+06	+4.94778658641815E+06 	0	0	0	0
		B	s3	148	5:01:29 PM	0.0002702982	+6.07389074090011E-11	+1.54179673570766E-14	+6.71112599847410E-02	+2.00284938812256E+01	+4.94776283897423E+06	+0.00000000000000E+00	+4.94776405422211E+06	+4.94773909015656E+06	+4.94778658790588E+06 	0	0	0	0
		B	s3	149	5:01:31 PM	0.0002899470	+5.82089143961707E-11	+1.54029937710521E-14	+6.71765013269884E-02	+1.99917068481445E+01	+4.94776280128534E+06	+0.00000000000000E+00	+4.94776399311066E+06	+4.94773911911011E+06	+4.94778648357391E+06 	0	0	0	0
		B	s3	150	5:01:33 PM	0.0003102853	+6.32266001821694E-11	+1.54023148716344E-14	+6.71794610243977E-02	+1.99897537231445E+01	+4.94776284885463E+06	+0.00000000000000E+00	+4.94776403560639E+06	+4.94773917003632E+06	+4.94778652778626E+06 	0	0	0	0
		B	s3	151	5:01:35 PM	0.0003313131	+1.76453219684176E-11	+1.54056487954816E-14	+6.71649236095614E-02	+1.99688949584961E+01	+4.94776281801289E+06	+0.00000000000000E+00	+4.94776402400971E+06	+4.94773915878296E+06	+4.94778647735596E+06 	0	0	0	0
		B	s3	152	5:01:37 PM	0.0003530302	+6.47024762174593E-11	+1.54213943355282E-14	+6.70963461467597E-02	+1.99863147735596E+01	+4.94776284694716E+06	+0.00000000000000E+00	+4.94776408500672E+06	+4.94773914287567E+06	+4.94778655113220E+06 	0	0	0	0
		B	s3	153	5:01:38 PM	0.0003754369	+6.24324682955092E-11	+1.54216078650271E-14	+6.70954163226600E-02	+1.99561901092529E+01	+4.94776287643494E+06	+0.00000000000000E+00	+4.94776406314850E+06	+4.94773920776367E+06	+4.94778654521942E+06 	0	0	0	0
		B	s3	154	5:01:40 PM	0.0003985329	+6.34822010060880E-11	+1.54199013647011E-14	+6.71028424529470E-02	+1.99354476928711E+01	+4.94776284811094E+06	+0.00000000000000E+00	+4.94776403942108E+06	+4.94773920665741E+06	+4.94778648967743E+06 	0	0	0	0
		B	s3	155	5:01:42 PM	0.0004223184	+6.29188200087640E-11	+1.54143909003852E-14	+6.71268305201432E-02	+1.99430408477783E+01	+4.94776286335065E+06	+0.00000000000000E+00	+4.94776407115936E+06	+4.94773922134400E+06	+4.94778650547028E+06 	0	0	0	0
		B	s3	156	5:01:44 PM	0.0004467933	+1.05156113240259E-10	+1.54278315517714E-14	+6.70683502567467E-02	+1.99276599884033E+01	+4.94776285217358E+06	+0.00000000000000E+00	+4.94776404796601E+06	+4.94773920780182E+06	+4.94778649665833E+06 	0	0	0	0
		B	s3	157	5:01:46 PM	0.0004719576	+6.75560411751023E-11	+1.54471343515769E-14	+6.69845414399629E-02	+1.99319305419922E+01	+4.94776285005626E+06	+0.00000000000000E+00	+4.94776410892487E+06	+4.94773917102814E+06	+4.94778652919769E+06 	0	0	0	0
		B	s3	158	5:01:48 PM	0.0004978114	+6.57243248944009E-11	+1.54257977498383E-14	+6.70771922369287E-02	+1.99119911193848E+01	+4.94776287403190E+06	+0.00000000000000E+00	+4.94776409214020E+06	+4.94773925136566E+06	+4.94778649681091E+06 	0	0	0	0
		B	s3	159	5:01:49 PM	0.0005243546	+6.63814961590014E-11	+1.54387543424565E-14	+6.70208988880018E-02	+1.99066696166992E+01	+4.94776289156037E+06	+0.00000000000000E+00	+4.94776410758972E+06	+4.94773925537110E+06	+4.94778652786255E+06 	0	0	0	0
		B	s3	160	5:01:52 PM	0.0005515873	+6.79981820795502E-11	+1.54512227484862E-14	+6.69668167797516E-02	+1.98855018615723E+01	+4.94776286985477E+06	+0.00000000000000E+00	+4.94776409439087E+06	+4.94773923973084E+06	+4.94778650009155E+06 	0	0	0	0
		B	s3	161	5:01:53 PM	0.0005795093	+6.95613172307830E-11	+1.54396826266369E-14	+6.70168685545868E-02	+1.98941802978516E+01	+4.94776292175376E+06	+0.00000000000000E+00	+4.94776412307740E+06	+4.94773929897309E+06	+4.94778654464722E+06 	0	0	0	0
		B	s3	162	5:01:55 PM	0.0006081209	+2.45851669699848E-11	+1.54421406068042E-14	+6.70062026667634E-02	+1.98899059295654E+01	+4.94776286916816E+06	+0.00000000000000E+00	+4.94776412208557E+06	+4.94773924770355E+06	+4.94778649074555E+06 	0	0	0	0
		B	s3	163	5:01:57 PM	0.0006374218	+6.93969609149165E-11	+1.54447083971324E-14	+6.69950614158394E-02	+1.98808822631836E+01	+4.94776290620891E+06	+0.00000000000000E+00	+4.94776414871216E+06	+4.94773929153443E+06	+4.94778652099610E+06 	0	0	0	0
		B	s3	164	5:01:59 PM	0.0006674122	+7.06211383842281E-11	+1.54589055488122E-14	+6.69335349961346E-02	+1.98667793273926E+01	+4.94776288723076E+06	+0.00000000000000E+00	+4.94776415317536E+06	+4.94773926761627E+06	+4.94778650695801E+06 	0	0	0	0
		B	s3	165	5:02:01 PM	0.0006980920	+7.17369645464871E-11	+1.54836722665093E-14	+6.68264707886122E-02	+1.98700790405273E+01	+4.94776294254367E+06	+0.00000000000000E+00	+4.94776417881012E+06	+4.94773928115845E+06	+4.94778660404205E+06 	0	0	0	0
		B	s3	166	5:02:03 PM	0.0007294612	+7.44966638921919E-11	+1.54777027811528E-14	+6.68522446040760E-02	+1.98651962280273E+01	+4.94776294298244E+06	+0.00000000000000E+00	+4.94776420490265E+06	+4.94773929653168E+06	+4.94778658954621E+06 	0	0	0	0
		B	s3	167	5:02:05 PM	0.0007615199	+7.51606731531254E-11	+1.54788935471633E-14	+6.68471015556357E-02	+1.98541507720947E+01	+4.94776295091706E+06	+0.00000000000000E+00	+4.94776424098969E+06	+4.94773931579590E+06	+4.94778658615113E+06 	0	0	0	0
		B	s3	168	5:02:07 PM	0.0007942680	+7.89587501144571E-11	+1.54993837590129E-14	+6.67587284344747E-02	+1.98519687652588E+01	+4.94776299310747E+06	+0.00000000000000E+00	+4.94776430774689E+06	+4.94773932929993E+06	+4.94778665702820E+06 	0	0	0	0
		B	s3	169	5:02:08 PM	0.0008277056	+8.13639197454456E-11	+1.54743887152115E-14	+6.68665599592718E-02	+1.98502979278564E+01	+4.94776301799857E+06	+0.00000000000000E+00	+4.94776428493500E+06	+4.94773939434052E+06	+4.94778664176941E+06 	0	0	0	0
		B	s3	170	5:02:10 PM	0.0008618326	+8.13751770106051E-11	+1.54915615374508E-14	+6.67924374964861E-02	+1.98486251831055E+01	+4.94776298248362E+06	+0.00000000000000E+00	+4.94776429389954E+06	+4.94773933460236E+06	+4.94778663047791E+06 	0	0	0	0
		B	s3	171	5:02:12 PM	0.0008966490	+3.71256278339581E-11	+1.55029773068807E-14	+6.67432542339966E-02	+1.98501987457275E+01	+4.94776298233094E+06	+0.00000000000000E+00	+4.94776431831360E+06	+4.94773931514740E+06	+4.94778664962769E+06 	0	0	0	0
		B	s3	172	5:02:13 PM	0.0009321549	+8.22970034402552E-11	+1.54843668330575E-14	+6.68234711053973E-02	+1.98560695648193E+01	+4.94776302087856E+06	+0.00000000000000E+00	+4.94776431495667E+06	+4.94773937511444E+06	+4.94778666675568E+06 	0	0	0	0
		B	s3	173	5:02:15 PM	0.0009683502	+4.00167893954282E-11	+1.54755440855376E-14	+6.68615670550914E-02	+1.98558349609375E+01	+4.94776304733355E+06	+0.00000000000000E+00	+4.94776434864044E+06	+4.94773941532135E+06	+4.94778667945862E+06 	0	0	0	0
		B	s3	174	5:02:17 PM	0.0010052349	+8.61006824843724E-11	+1.54830164041942E-14	+6.68292984182761E-02	+1.98580093383789E+01	+4.94776305904460E+06	+0.00000000000000E+00	+4.94776434703827E+06	+4.94773941303253E+06	+4.94778670516968E+06 	0	0	0	0
		B	s3	175	5:02:19 PM	0.0010428090	+4.20897675851538E-11	+1.54957659837388E-14	+6.67743133455810E-02	+1.98576755523682E+01	+4.94776303600374E+06	+0.00000000000000E+00	+4.94776438575745E+06	+4.94773937091828E+06	+4.94778670120239E+06 	0	0	0	0
		B	s3	176	5:02:21 PM	0.0010810726	+8.53267499972196E-11	+1.54828501553133E-14	+6.68300158545689E-02	+1.98511905670166E+01	+4.94776306463317E+06	+0.00000000000000E+00	+4.94776437923432E+06	+4.94773942699433E+06	+4.94778670238495E+06 	0	0	0	0
		B	s3	177	5:02:23 PM	0.0011200256	+4.81602225050975E-11	+1.55032173653614E-14	+6.67422178320148E-02	+1.98553295135498E+01	+4.94776309059202E+06	+0.00000000000000E+00	+4.94776445648194E+06	+4.94773941692352E+06	+4.94778676437378E+06 	0	0	0	0
		B	s3	178	5:02:25 PM	0.0011596681	+4.45719102296838E-11	+1.54843476796702E-14	+6.68235519904840E-02	+1.98632049560547E+01	+4.94776308649131E+06	+0.00000000000000E+00	+4.94776439434052E+06	+4.94773943225861E+06	+4.94778674083710E+06 	0	0	0	0
		B	s3	179	5:02:27 PM	0.0012000000	+4.84222305731729E-11	+1.55028484353528E-14	+6.67438061902241E-02	+1.98647766113281E+01	+4.94776308851296E+06	+0.00000000000000E+00	+4.94776443431854E+06	+4.94773940414429E+06	+4.94778677299500E+06 	0	0	0	0

