	10/4/2022	Test # 001 (today) Location 5 Ramp 1	Tip #H10	Box 5b Xtal 1		DLC	50 uN	2.4%		Points/Segment: 59	
		Seg 	ID Tag	Number	Time	Power	C0	C1	L1	R1	fs	fa	fr	f1	f2	Ch1 (Pk-Pk)	Ch2 (Pk-Pk)	Ch1 (RMS)	Ch2 (RMS)	
						uW	F	F	H	Ohms	Hz	Hz	Hz	Hz	Hz	V	V	V	V	
		B	s1	0	12:12:44 PM	0.0000000400	+3.00313772046710E-11	+1.53840861843465E-14	+6.72591142213275E-02	+2.06309204101563E+01	+4.94776094031989E+06	+0.00000000000000E+00	+4.94776233963013E+06	+4.94773653095245E+06	+4.94778534980774E+06 	0	0	0	0
		B	s1	1	12:12:46 PM	0.0000001262	+4.82823303639618E-11	+1.53453464565812E-14	+6.74289037886177E-02	+2.05130290985107E+01	+4.94776122731962E+06	+0.00000000000000E+00	+4.94776240833283E+06	+4.94773701854706E+06	+4.94778543621063E+06 	0	0	0	0
		B	s1	2	12:12:48 PM	0.0000003847	+4.11204352805982E-11	+1.54129453214829E-14	+6.71331721772703E-02	+2.05829887390137E+01	+4.94776117423718E+06	+0.00000000000000E+00	+4.94776265644074E+06	+4.94773677589417E+06	+4.94778557270050E+06 	0	0	0	0
		B	s1	3	12:12:51 PM	0.0000008155	+4.89959817385795E-11	+1.54033200984603E-14	+6.71751147526244E-02	+2.05735969543457E+01	+4.94776145358759E+06	+0.00000000000000E+00	+4.94776265830994E+06	+4.94773708160401E+06	+4.94778582569122E+06 	0	0	0	0
		B	s1	4	12:12:53 PM	0.0000014187	+9.74844994484254E-11	+1.54143288674527E-14	+6.71271395978103E-02	+2.05721130371094E+01	+4.94776142846773E+06	+0.00000000000000E+00	+4.94776268970490E+06	+4.94773704082489E+06	+4.94778581623078E+06 	0	0	0	0
		B	s1	5	12:12:55 PM	0.0000021943	+5.59017358742751E-11	+1.53730381653140E-14	+6.73074345837869E-02	+2.04803028106689E+01	+4.94776153611934E+06	+0.00000000000000E+00	+4.94776269210816E+06	+4.94773732234955E+06	+4.94778575000763E+06 	0	0	0	0
		B	s1	6	12:12:57 PM	0.0000031421	+2.26689290975990E-11	+1.53855199376676E-14	+6.72528306403080E-02	+2.04517917633057E+01	+4.94776152173800E+06	+0.00000000000000E+00	+4.94776284412384E+06	+4.94773732204437E+06	+4.94778572154999E+06 	0	0	0	0
		B	s1	7	12:13:00 PM	0.0000042624	+1.76100771451083E-11	+1.53631669853789E-14	+6.73506798228829E-02	+2.04188327789307E+01	+4.94776158386071E+06	+0.00000000000000E+00	+4.94776278545380E+06	+4.94773745826721E+06	+4.94778570957184E+06 	0	0	0	0
		B	s1	8	12:13:02 PM	0.0000055549	+1.91244249890332E-11	+1.53978410434196E-14	+6.71990134995624E-02	+2.03408641815186E+01	+4.94776161388256E+06	+0.00000000000000E+00	+4.94776280559540E+06	+4.94773752616883E+06	+4.94778570171356E+06 	0	0	0	0
		B	s1	9	12:13:04 PM	0.0000070198	+1.42322730647115E-10	+1.53934295560791E-14	+6.72182720565234E-02	+2.03525581359863E+01	+4.94776159561013E+06	+0.00000000000000E+00	+4.94776284973145E+06	+4.94773750095368E+06	+4.94778569038391E+06 	0	0	0	0
		B	s1	10	12:13:06 PM	0.0000086571	+6.22710445245298E-11	+1.53946929227836E-14	+6.72127546907470E-02	+2.02702255249023E+01	+4.94776163583657E+06	+0.00000000000000E+00	+4.94776286899567E+06	+4.94773763668060E+06	+4.94778563510895E+06 	0	0	0	0
		B	s1	11	12:13:08 PM	0.0000104666	+7.13487807669412E-11	+1.53802533811878E-14	+6.72758552358518E-02	+2.02163867950439E+01	+4.94776168125096E+06	+0.00000000000000E+00	+4.94776284889221E+06	+4.94773776828766E+06	+4.94778559432984E+06 	0	0	0	0
		B	s1	12	12:13:10 PM	0.0000124486	+7.24478763149599E-11	+1.53946144354044E-14	+6.72130957678104E-02	+2.02451324462891E+01	+4.94776169465935E+06	+0.00000000000000E+00	+4.94776290420532E+06	+4.94773772533417E+06	+4.94778566410065E+06 	0	0	0	0
		B	s1	13	12:13:13 PM	0.0000146028	+2.60255022035756E-11	+1.53551576200512E-14	+6.73858072871608E-02	+2.00827617645264E+01	+4.94776169969597E+06	+0.00000000000000E+00	+4.94776293487549E+06	+4.94773798355103E+06	+4.94778541595459E+06 	0	0	0	0
		B	s1	14	12:13:15 PM	0.0000169294	+6.94767777750785E-11	+1.53891272551249E-14	+6.72370604240134E-02	+2.00903720855713E+01	+4.94776173107156E+06	+0.00000000000000E+00	+4.94776296516419E+06	+4.94773795345307E+06	+4.94778550880432E+06 	0	0	0	0
		B	s1	15	12:13:17 PM	0.0000194284	+7.03735371889246E-11	+1.53718423259116E-14	+6.73126642408641E-02	+2.00285987854004E+01	+4.94776177381572E+06	+0.00000000000000E+00	+4.94776290618897E+06	+4.94773809593201E+06	+4.94778545181275E+06 	0	0	0	0
		B	s1	16	12:13:19 PM	0.0000220997	+7.02848545173168E-11	+1.53656819416303E-14	+6.73396515564681E-02	+1.99916458129883E+01	+4.94776175796591E+06	+0.00000000000000E+00	+4.94776298213959E+06	+4.94773813323975E+06	+4.94778538280487E+06 	0	0	0	0
		B	s1	17	12:13:21 PM	0.0000249433	+2.69617052935316E-11	+1.53858766312104E-14	+6.72512653283196E-02	+1.99486904144287E+01	+4.94776174898239E+06	+0.00000000000000E+00	+4.94776290958405E+06	+4.94773814403534E+06	+4.94778535404205E+06 	0	0	0	0
		B	s1	18	12:13:23 PM	0.0000279593	+6.90395495193433E-11	+1.53727594631498E-14	+6.73086493888120E-02	+1.99544353485107E+01	+4.94776173652747E+06	+0.00000000000000E+00	+4.94776288635254E+06	+4.94773814491272E+06	+4.94778532825470E+06 	0	0	0	0
		B	s1	19	12:13:25 PM	0.0000311476	+6.56396263366755E-11	+1.53669685293818E-14	+6.73340137822379E-02	+1.98909759521484E+01	+4.94776175110001E+06	+0.00000000000000E+00	+4.94776295711517E+06	+4.94773824337006E+06	+4.94778525894165E+06 	0	0	0	0
		B	s1	20	12:13:27 PM	0.0000345083	+6.96778251933390E-11	+1.53586249180797E-14	+6.73705934991356E-02	+1.98696479797363E+01	+4.94776173839725E+06	+0.00000000000000E+00	+4.94776288402558E+06	+4.94773826862335E+06	+4.94778520828247E+06 	0	0	0	0
		B	s1	21	12:13:30 PM	0.0000380413	+2.99675170355011E-11	+1.53852305313734E-14	+6.72540896226531E-02	+1.98361740112305E+01	+4.94776174566424E+06	+0.00000000000000E+00	+4.94776292278290E+06	+4.94773827484131E+06	+4.94778521659851E+06 	0	0	0	0
		B	s1	22	12:13:31 PM	0.0000417466	+2.53850672783032E-11	+1.53649830134328E-14	+6.73427143065597E-02	+1.98588752746582E+01	+4.94776177345433E+06	+0.00000000000000E+00	+4.94776288501740E+06	+4.94773830669403E+06	+4.94778524032593E+06 	0	0	0	0
		B	s1	23	12:13:33 PM	0.0000456243	+3.13492635098084E-11	+1.53588046054461E-14	+6.73698040560151E-02	+1.98219738006592E+01	+4.94776178444091E+06	+0.00000000000000E+00	+4.94776295822144E+06	+4.94773837070465E+06	+4.94778519828797E+06 	0	0	0	0
		B	s1	24	12:13:35 PM	0.0000496743	+7.23839150892890E-11	+1.53874814591952E-14	+6.72442508475277E-02	+1.98206844329834E+01	+4.94776176925821E+06	+0.00000000000000E+00	+4.94776298240662E+06	+4.94773831333161E+06	+4.94778522529602E+06 	0	0	0	0
		B	s1	25	12:13:37 PM	0.0000538967	+7.26906547330992E-11	+1.53794224189661E-14	+6.72794889662285E-02	+1.97765979766846E+01	+4.94776172672465E+06	+0.00000000000000E+00	+4.94776289577484E+06	+4.94773833522797E+06	+4.94778511833191E+06 	0	0	0	0
		B	s1	26	12:13:40 PM	0.0000582914	+7.49445231648663E-11	+1.53723657646568E-14	+6.73103738265153E-02	+1.97706241607666E+01	+4.94776171411716E+06	+0.00000000000000E+00	+4.94776291625977E+06	+4.94773834041596E+06	+4.94778508792877E+06 	0	0	0	0
		B	s1	27	12:13:42 PM	0.0000628584	+6.92827708425142E-11	+1.53493571457890E-14	+6.74112722538603E-02	+1.97554073333740E+01	+4.94776169676053E+06	+0.00000000000000E+00	+4.94776285228729E+06	+4.94773837600708E+06	+4.94778501762390E+06 	0	0	0	0
		B	s1	28	12:13:44 PM	0.0000675978	+2.71201584162931E-11	+1.53810815854361E-14	+6.72722315279646E-02	+1.97387981414795E+01	+4.94776172523711E+06	+0.00000000000000E+00	+4.94776288627625E+06	+4.94773837593079E+06	+4.94778507465363E+06 	0	0	0	0
		B	s1	29	12:13:46 PM	0.0000725095	+6.78119273499257E-11	+1.53814952283791E-14	+6.72704230676618E-02	+1.97205314636230E+01	+4.94776170166238E+06	+0.00000000000000E+00	+4.94776287033081E+06	+4.94773837333679E+06	+4.94778503009796E+06 	0	0	0	0
		B	s1	30	12:13:48 PM	0.0000775936	+6.95592296239716E-11	+1.53806230180917E-14	+6.72742374445651E-02	+1.97402896881104E+01	+4.94776171711180E+06	+0.00000000000000E+00	+4.94776290752411E+06	+4.94773836673737E+06	+4.94778506759644E+06 	0	0	0	0
		B	s1	31	12:13:50 PM	0.0000828500	+7.11379815186403E-11	+1.53521985034415E-14	+6.73987955112073E-02	+1.96967773437500E+01	+4.94776171085614E+06	+0.00000000000000E+00	+4.94776286426544E+06	+4.94773845500946E+06	+4.94778496681214E+06 	0	0	0	0
		B	s1	32	12:13:52 PM	0.0000882787	+7.27722671648892E-11	+1.53566164580149E-14	+6.73794043376890E-02	+1.96989269256592E+01	+4.94776175388589E+06	+0.00000000000000E+00	+4.94776290573120E+06	+4.94773848880768E+06	+4.94778501907349E+06 	0	0	0	0
		B	s1	33	12:13:54 PM	0.0000938798	+7.28363995075538E-11	+1.53643530672229E-14	+6.73454758340998E-02	+1.96661510467529E+01	+4.94776175720480E+06	+0.00000000000000E+00	+4.94776289260864E+06	+4.94773851913452E+06	+4.94778499538422E+06 	0	0	0	0
		B	s1	34	12:13:55 PM	0.0000996533	+6.97809702746137E-11	+1.53836314869722E-14	+6.72610805224513E-02	+1.96789722442627E+01	+4.94776173813110E+06	+0.00000000000000E+00	+4.94776293952942E+06	+4.94773845573426E+06	+4.94778502063751E+06 	0	0	0	0
		B	s1	35	12:13:58 PM	0.0001055990	+6.98484428861130E-11	+1.53499904845540E-14	+6.74084895777091E-02	+1.96397495269775E+01	+4.94776174429230E+06	+0.00000000000000E+00	+4.94776289264679E+06	+4.94773855911255E+06	+4.94778492958069E+06 	0	0	0	0
		B	s1	36	12:14:00 PM	0.0001117172	+2.36234975559471E-11	+1.54020264880094E-14	+6.71807492004695E-02	+1.96530055999756E+01	+4.94776173216112E+06	+0.00000000000000E+00	+4.94776283081055E+06	+4.94773845268250E+06	+4.94778501174927E+06 	0	0	0	0
		B	s1	37	12:14:01 PM	0.0001180076	+2.72540159158908E-11	+1.53682511600644E-14	+6.73283945520994E-02	+1.96312923431397E+01	+4.94776173452659E+06	+0.00000000000000E+00	+4.94776290451050E+06	+4.94773853176117E+06	+4.94778493740082E+06 	0	0	0	0
		B	s1	38	12:14:03 PM	0.0001244704	+7.15129718388154E-11	+1.53721754814967E-14	+6.73112065333422E-02	+1.96665821075439E+01	+4.94776173208496E+06	+0.00000000000000E+00	+4.94776292179108E+06	+4.94773848167420E+06	+4.94778498260498E+06 	0	0	0	0
		B	s1	39	12:14:05 PM	0.0001311055	+6.76799925547708E-11	+1.53783074758658E-14	+6.72843671479546E-02	+1.95936355590820E+01	+4.94776171387014E+06	+0.00000000000000E+00	+4.94776284427643E+06	+4.94773854045868E+06	+4.94778488739014E+06 	0	0	0	0
		B	s1	40	12:14:08 PM	0.0001379130	+7.41419283235782E-11	+1.53767912035793E-14	+6.72910018871009E-02	+1.96529693603516E+01	+4.94776171488072E+06	+0.00000000000000E+00	+4.94776287528992E+06	+4.94773847358704E+06	+4.94778495628357E+06 	0	0	0	0
		B	s1	41	12:14:09 PM	0.0001448928	+3.05592962834803E-11	+1.53972097878576E-14	+6.72017653637296E-02	+1.96064186096191E+01	+4.94776173036850E+06	+0.00000000000000E+00	+4.94776293888092E+06	+4.94773851333618E+06	+4.94778494750977E+06 	0	0	0	0
		B	s1	42	12:14:11 PM	0.0001520450	+2.40944023228247E-11	+1.53803034134375E-14	+6.72756358619473E-02	+1.95956401824951E+01	+4.94776170055682E+06	+0.00000000000000E+00	+4.94776285495758E+06	+4.94773852176666E+06	+4.94778487945557E+06 	0	0	0	0
		B	s1	43	12:14:14 PM	0.0001593695	+6.89573523840479E-11	+1.53711297600239E-14	+6.73157854528272E-02	+1.95849399566650E+01	+4.94776174549408E+06	+0.00000000000000E+00	+4.94776287921906E+06	+4.94773859317780E+06	+4.94778489791870E+06 	0	0	0	0
		B	s1	44	12:14:15 PM	0.0001668664	+6.93243522554479E-11	+1.53818268732224E-14	+6.72689724773318E-02	+1.95634841918945E+01	+4.94776170845341E+06	+0.00000000000000E+00	+4.94776285369873E+06	+4.94773856540680E+06	+4.94778485160828E+06 	0	0	0	0
		B	s1	45	12:14:17 PM	0.0001745355	+7.18544319968793E-11	+1.53953314555235E-14	+6.72099642300813E-02	+1.95603542327881E+01	+4.94776173750226E+06	+0.00000000000000E+00	+4.94776288928986E+06	+4.94773857784271E+06	+4.94778489727020E+06 	0	0	0	0
		B	s1	46	12:14:19 PM	0.0001823771	+2.65682476835160E-11	+1.53792828112316E-14	+6.72801000730552E-02	+1.95715904235840E+01	+4.94776171322176E+06	+0.00000000000000E+00	+4.94776286624909E+06	+4.94773856441498E+06	+4.94778486213684E+06 	0	0	0	0
		B	s1	47	12:14:22 PM	0.0001903909	+7.29118113369449E-11	+1.53696219528741E-14	+6.73223895469201E-02	+1.95603981018066E+01	+4.94776173782669E+06	+0.00000000000000E+00	+4.94776288280487E+06	+4.94773861679077E+06	+4.94778485897064E+06 	0	0	0	0
		B	s1	48	12:14:24 PM	0.0001985772	+6.86016855023630E-11	+1.53861312064445E-14	+6.72501544487308E-02	+1.95410060882568E+01	+4.94776168115935E+06	+0.00000000000000E+00	+4.94776283695221E+06	+4.94773855823517E+06	+4.94778480419159E+06 	0	0	0	0
		B	s1	49	12:14:26 PM	0.0002069357	+2.69335975016627E-11	+1.53892526708363E-14	+6.72365130595232E-02	+1.95395240783691E+01	+4.94776170942624E+06	+0.00000000000000E+00	+4.94776288291931E+06	+4.94773858356476E+06	+4.94778483539582E+06 	0	0	0	0
		B	s1	50	12:14:28 PM	0.0002154666	+6.78450829785419E-11	+1.54127216461385E-14	+6.71341315600599E-02	+1.95405693054199E+01	+4.94776172254863E+06	+0.00000000000000E+00	+4.94776283901215E+06	+4.94773856018067E+06	+4.94778488502503E+06 	0	0	0	0
		B	s1	51	12:14:30 PM	0.0002241698	+7.64130963989677E-11	+1.53918685617074E-14	+6.72250843607871E-02	+1.95479812622070E+01	+4.94776177074744E+06	+0.00000000000000E+00	+4.94776291049957E+06	+4.94773863094330E+06	+4.94778491065979E+06 	0	0	0	0
		B	s1	52	12:14:32 PM	0.0002330454	+3.20674990804743E-11	+1.54052104204336E-14	+6.71668643943694E-02	+1.95377006530762E+01	+4.94776173071215E+06	+0.00000000000000E+00	+4.94776291378021E+06	+4.94773858303070E+06	+4.94778487850189E+06 	0	0	0	0
		B	s1	53	12:14:34 PM	0.0002420933	+2.91418940472680E-11	+1.54125479956856E-14	+6.71348878092143E-02	+1.95496234893799E+01	+4.94776172767935E+06	+0.00000000000000E+00	+4.94776291297913E+06	+4.94773855484009E+06	+4.94778490062714E+06 	0	0	0	0
		B	s1	54	12:14:37 PM	0.0002513136	+2.90166736236524E-11	+1.54049946918955E-14	+6.71678045484348E-02	+1.95455245971680E+01	+4.94776174682921E+06	+0.00000000000000E+00	+4.94776291561127E+06	+4.94773859020233E+06	+4.94778490356446E+06 	0	0	0	0
		B	s1	55	12:14:39 PM	0.0002607062	+3.22222914487951E-11	+1.54277617614110E-14	+6.70686834613897E-02	+1.95402793884277E+01	+4.94776175266556E+06	+0.00000000000000E+00	+4.94776297412873E+06	+4.94773856803894E+06	+4.94778493740082E+06 	0	0	0	0
		B	s1	56	12:14:41 PM	0.0002702711	+7.42170019500751E-11	+1.54079778721363E-14	+6.71547992621579E-02	+1.95173225402832E+01	+4.94776177431423E+06	+0.00000000000000E+00	+4.94776293849945E+06	+4.94773864662171E+06	+4.94778490211487E+06 	0	0	0	0
		B	s1	57	12:14:43 PM	0.0002800084	+7.62908004012885E-11	+1.53930597188904E-14	+6.72198817209812E-02	+1.95144386291504E+01	+4.94776179203362E+06	+0.00000000000000E+00	+4.94776295940399E+06	+4.94773869014740E+06	+4.94778489402771E+06 	0	0	0	0
		B	s1	58	12:14:45 PM	0.0002899180	+7.72509968249110E-11	+1.54073192665636E-14	+6.71576703433777E-02	+1.95109939575195E+01	+4.94776175724350E+06	+0.00000000000000E+00	+4.94776291439057E+06	+4.94773863803864E+06	+4.94778487655640E+06 	0	0	0	0
		B	s1	59	12:14:47 PM	0.0003000000	+7.35448737935024E-11	+1.54070812379409E-14	+6.71587073728772E-02	+1.94937496185303E+01	+4.94776177601191E+06	+0.00000000000000E+00	+4.94776297107697E+06	+4.94773867759705E+06	+4.94778487453461E+06 	0	0	0	0
		T	s2 	60	12:18:44 PM	0.0003000000	+7.00042299269044E-11	+1.52747283845387E-14	+6.77405511977133E-02	+2.18079319000244E+01	+4.94776450200124E+06	+0.00000000000000E+00	+4.94776560291290E+06	+4.94773888343811E+06	+4.94779012069702E+06 	0.436000	0.036000	0.136890	0.009718
		T	s2 	61	12:18:50 PM	0.0002899180	+1.02242769042103E-10	+1.52520321745684E-14	+6.78413523308813E-02	+2.18556842803955E+01	+4.94776457766567E+06	+0.00000000000000E+00	+4.94776562519074E+06	+4.94773894115448E+06	+4.94779021430970E+06 	0.440000	0.038000	0.134847	0.007870
		T	s2 	62	12:18:55 PM	0.0002800084	+6.81620810894692E-11	+1.52850368018841E-14	+6.76948648411496E-02	+2.18223972320557E+01	+4.94776454926517E+06	+0.00000000000000E+00	+4.94776557888031E+06	+4.94773889640808E+06	+4.94779020225525E+06 	0.436000	0.050000	0.132268	0.008889
		T	s2 	63	12:19:01 PM	0.0002702711	+7.28546254673916E-11	+1.52861313337093E-14	+6.76900181323779E-02	+2.18619308471680E+01	+4.94776453310967E+06	+0.00000000000000E+00	+4.94776566925049E+06	+4.94773883193970E+06	+4.94779023441315E+06 	0.424000	0.054000	0.130469	0.006738
		T	s2 	64	12:19:06 PM	0.0002607062	+3.91037233487218E-11	+1.52882380564596E-14	+6.76806863891644E-02	+2.18691043853760E+01	+4.94776468089098E+06	+0.00000000000000E+00	+4.94776567943573E+06	+4.94773896774292E+06	+4.94779039417267E+06 	0.412000	0.036000	0.128311	0.007142
		T	s2 	65	12:19:12 PM	0.0002513136	+4.52032091827896E-11	+1.52755785247543E-14	+6.77367746803604E-02	+2.18901176452637E+01	+4.94776473994248E+06	+0.00000000000000E+00	+4.94776575767517E+06	+4.94773902339935E+06	+4.94779045661926E+06 	0.400000	0.064000	0.126338	0.007495
		T	s2 	66	12:19:17 PM	0.0002420933	+4.85968344620040E-11	+1.52561472689436E-14	+6.78230467163092E-02	+2.19381065368652E+01	+4.94776481575946E+06	+0.00000000000000E+00	+4.94776583076477E+06	+4.94773907562256E+06	+4.94779055603028E+06 	0.392000	0.044000	0.123284	0.007889
		T	s2 	67	12:19:23 PM	0.0002330454	+8.46807746861336E-11	+1.53067434975005E-14	+6.75988576343560E-02	+2.19761714935303E+01	+4.94776485018643E+06	+0.00000000000000E+00	+4.94776584869385E+06	+4.94773897987366E+06	+4.94779072063446E+06 	0.416000	0.036000	0.121242	0.005610
		T	s2 	68	12:19:28 PM	0.0002241698	+5.61476319473766E-11	+1.52713288529869E-14	+6.77556164014341E-02	+2.20421714782715E+01	+4.94776502909564E+06	+0.00000000000000E+00	+4.94776595111847E+06	+4.94773914112091E+06	+4.94779091720581E+06 	0.380000	0.042000	0.119134	0.007004
		T	s2 	69	12:19:33 PM	0.0002154666	+6.22805798258946E-11	+1.52661009652170E-14	+6.77788171282580E-02	+2.20856704711914E+01	+4.94776511067272E+06	+0.00000000000000E+00	+4.94776612285614E+06	+4.94773918048859E+06	+4.94779104099274E+06 	0.388000	0.036000	0.116363	0.010970
		T	s2 	70	12:19:38 PM	0.0002069357	+1.72091897973970E-12	+1.52657456500085E-14	+6.77803901590118E-02	+2.21790771484375E+01	+4.94776527649703E+06	+0.00000000000000E+00	+4.94776628204346E+06	+4.94773923725128E+06	+4.94779131587982E+06 	0.388000	0.038000	0.115353	0.009791
		T	s2 	71	12:19:44 PM	0.0001985772	+8.04959540862876E-11	+1.52525181713204E-14	+6.78391654350991E-02	+2.22457237243652E+01	+4.94776549813065E+06	+0.00000000000000E+00	+4.94776646301270E+06	+4.94773940326691E+06	+4.94779159313202E+06 	0.384000	0.066000	0.113090	0.006982
		T	s2 	72	12:19:49 PM	0.0001903909	+7.94078015835535E-11	+1.53162363729431E-14	+6.75569432024436E-02	+2.22503643035889E+01	+4.94776548092576E+06	+0.00000000000000E+00	+4.94776646247864E+06	+4.94773927158356E+06	+4.94779169040680E+06 	0.380000	0.038000	0.110231	0.005919
		T	s2 	73	12:19:55 PM	0.0001823771	+8.93607575218727E-11	+1.52559830610149E-14	+6.78237512669772E-02	+2.23266487121582E+01	+4.94776574454049E+06	+0.00000000000000E+00	+4.94776671386719E+06	+4.94773954879761E+06	+4.94779194042206E+06 	0.352000	0.034000	0.108176	0.006618
		T	s2 	74	12:20:01 PM	0.0001745355	+2.88509484417051E-11	+1.52825401168260E-14	+6.77058869375452E-02	+2.23861751556396E+01	+4.94776590519585E+06	+0.00000000000000E+00	+4.94776682289124E+06	+4.94773959388733E+06	+4.94779221664429E+06 	0.360000	0.036000	0.105683	0.008952
		T	s2 	75	12:20:06 PM	0.0001668664	+3.46284399641844E-11	+1.52599825786012E-14	+6.78059692431345E-02	+2.24312114715576E+01	+4.94776596232087E+06	+0.00000000000000E+00	+4.94776695163727E+06	+4.94773963699341E+06	+4.94779228778839E+06 	0.412000	0.036000	0.105459	0.008400
		T	s2 	76	12:20:11 PM	0.0001593695	+3.99795904201010E-11	+1.52501731452237E-14	+6.78495795712748E-02	+2.24708290100098E+01	+4.94776613705292E+06	+0.00000000000000E+00	+4.94776704544068E+06	+4.94773978218079E+06	+4.94779249206543E+06 	0.372000	0.038000	0.102318	0.006335
		T	s2 	77	12:20:16 PM	0.0001520450	+8.45073634213383E-12	+1.52250569196140E-14	+6.79615077449537E-02	+2.24927978515625E+01	+4.94776616701746E+06	+0.00000000000000E+00	+4.94776703975678E+06	+4.94773982982636E+06	+4.94779250434876E+06 	0.324000	0.046000	0.099579	0.005518
		T	s2 	78	12:20:21 PM	0.0001448928	+5.37330262130824E-11	+1.52064978731734E-14	+6.80444460921460E-02	+2.25147838592529E+01	+4.94776640366224E+06	+0.00000000000000E+00	+4.94776718311310E+06	+4.94774007286072E+06	+4.94779273460388E+06 	0.340000	0.040000	0.097524	0.006705
		T	s2 	79	12:20:26 PM	0.0001379130	+6.28574115630987E-11	+1.52334379457040E-14	+6.79241059123230E-02	+2.25709705352783E+01	+4.94776657663909E+06	+0.00000000000000E+00	+4.94776743755341E+06	+4.94774013336182E+06	+4.94779302005768E+06 	0.324000	0.034000	0.094947	0.005944
		T	s2 	80	12:20:32 PM	0.0001311055	+7.34145632931794E-11	+1.52330647360401E-14	+6.79257612538664E-02	+2.25781631469727E+01	+4.94776689703547E+06	+0.00000000000000E+00	+4.94776765300751E+06	+4.94774044597626E+06	+4.94779334823609E+06 	0.328000	0.038000	0.092031	0.007584
		T	s2 	81	12:20:38 PM	0.0001244704	+4.80432516320680E-11	+1.52024219035165E-14	+6.80626740360952E-02	+2.25815505981445E+01	+4.94776697317709E+06	+0.00000000000000E+00	+4.94776776264191E+06	+4.94774057136536E+06	+4.94779337512970E+06 	0.304000	0.040000	0.091247	0.006936
		T	s2 	82	12:20:43 PM	0.0001180076	+3.07288741628440E-11	+1.51964959121695E-14	+6.80892073015329E-02	+2.26797542572021E+01	+4.94776727480464E+06	+0.00000000000000E+00	+4.94776805587769E+06	+4.94774076850891E+06	+4.94779378124237E+06 	0.304000	0.036000	0.088479	0.007244
		T	s2 	83	12:20:48 PM	0.0001117172	+4.66659203542453E-11	+1.51571024752895E-14	+6.82661605129502E-02	+2.26207065582275E+01	+4.94776768108971E+06	+0.00000000000000E+00	+4.94776836086273E+06	+4.94774131233216E+06	+4.94779404998780E+06 	0.288000	0.038000	0.086333	0.006327
		T	s2 	84	12:20:54 PM	0.0001055990	+9.68817535600651E-11	+1.52209774896520E-14	+6.79796735695825E-02	+2.26036109924316E+01	+4.94776794249135E+06	+0.00000000000000E+00	+4.94776868015290E+06	+4.94774148262024E+06	+4.94779440250397E+06 	0.304000	0.070000	0.085369	0.008587
		T	s2 	85	12:20:59 PM	0.0000996533	+7.08766801578745E-11	+1.52255843588736E-14	+6.79591016028693E-02	+2.25915908813477E+01	+4.94776805426201E+06	+0.00000000000000E+00	+4.94776881298065E+06	+4.94774160045624E+06	+4.94779450820923E+06 	0.316000	0.036000	0.080552	0.008665
		T	s2 	86	12:21:05 PM	0.0000938798	+6.37701514048904E-11	+1.52007746666100E-14	+6.80700087070751E-02	+2.26157989501953E+01	+4.94776846190064E+06	+0.00000000000000E+00	+4.94776934188843E+06	+4.94774202289581E+06	+4.94779490104675E+06 	0.292000	0.038000	0.080202	0.008434
		T	s2 	87	12:21:10 PM	0.0000882787	+3.82767974955267E-11	+1.52265622930620E-14	+6.79547162496169E-02	+2.25161380767822E+01	+4.94776880577691E+06	+0.00000000000000E+00	+4.94776951469422E+06	+4.94774243862152E+06	+4.94779517307282E+06 	0.264000	0.038000	0.076655	0.006715
		T	s2 	88	12:21:16 PM	0.0000828500	+6.29167634186224E-11	+1.52291628099080E-14	+6.79431041543668E-02	+2.24836616516113E+01	+4.94776910488750E+06	+0.00000000000000E+00	+4.94776990398407E+06	+4.94774277126312E+06	+4.94779543865204E+06 	0.260000	0.036000	0.075806	0.006977
		T	s2 	89	12:21:21 PM	0.0000775936	+8.01552168526547E-11	+1.52087517225905E-14	+6.80342791480331E-02	+2.24839591979980E+01	+4.94776942715331E+06	+0.00000000000000E+00	+4.94777022838593E+06	+4.94774312847138E+06	+4.94779572597504E+06 	0.272000	0.054000	0.070944	0.006696
		T	s2 	90	12:21:27 PM	0.0000725095	+9.50013064400278E-11	+1.51958288317308E-14	+6.80921256084224E-02	+2.24704513549805E+01	+4.94776984472935E+06	+0.00000000000000E+00	+4.94777056083679E+06	+4.94774358417511E+06	+4.94779610542298E+06 	0.252000	0.036000	0.068744	0.005723
		T	s2 	91	12:21:32 PM	0.0000675978	+5.70163435505187E-11	+1.52230273602621E-14	+6.79704574975904E-02	+2.23917388916016E+01	+4.94777020661085E+06	+0.00000000000000E+00	+4.94777104576111E+06	+4.94774399120331E+06	+4.94779642215729E+06 	0.264000	0.040000	0.068042	0.006521
		T	s2 	92	12:21:38 PM	0.0000628584	+7.10361487280510E-11	+1.52239115961439E-14	+6.79665025226153E-02	+2.23518600463867E+01	+4.94777046547645E+06	+0.00000000000000E+00	+4.94777126117706E+06	+4.94774429523468E+06	+4.94779663585663E+06 	0.244000	0.036000	0.065407	0.009269
		T	s2 	93	12:21:44 PM	0.0000582914	+5.13304382416589E-11	+1.52139471358736E-14	+6.80110109169231E-02	+2.23026618957520E+01	+4.94777070732864E+06	+0.00000000000000E+00	+4.94777158966065E+06	+4.94774461177826E+06	+4.94779680301666E+06 	0.240000	0.038000	0.062566	0.008680
		T	s2 	94	12:21:49 PM	0.0000538967	+4.28951536413066E-11	+1.52286485908546E-14	+6.79453447447367E-02	+2.22091464996338E+01	+4.94777105698424E+06	+0.00000000000000E+00	+4.94777197635651E+06	+4.94774504573822E+06	+4.94779706836701E+06 	0.252000	0.032000	0.060624	0.005705
		T	s2 	95	12:21:55 PM	0.0000496743	+1.89910978659975E-11	+1.52802630283016E-14	+6.77158309116152E-02	+2.21185283660889E+01	+4.94777122671929E+06	+0.00000000000000E+00	+4.94777223991394E+06	+4.94774523380280E+06	+4.94779721977234E+06 	0.228000	0.048000	0.057933	0.009715
		T	s2 	96	12:22:00 PM	0.0000456243	+4.13455601049315E-11	+1.52589779387050E-14	+6.78102777011791E-02	+2.20041732788086E+01	+4.94777164763388E+06	+0.00000000000000E+00	+4.94777262981415E+06	+4.94774582511902E+06	+4.94779747028351E+06 	0.208000	0.036000	0.055503	0.009303
		T	s2 	97	12:22:06 PM	0.0000417466	+5.51989117686579E-11	+1.52712357075211E-14	+6.77558395645155E-02	+2.19314708709717E+01	+4.94777197018594E+06	+0.00000000000000E+00	+4.94777288845062E+06	+4.94774621231079E+06	+4.94779772819519E+06 	0.200000	0.038000	0.053196	0.009004
		T	s2 	98	12:22:11 PM	0.0000380413	+4.17296484608848E-11	+1.53020037565823E-14	+6.76195942697593E-02	+2.17944698333740E+01	+4.94777223561315E+06	+0.00000000000000E+00	+4.94777320705414E+06	+4.94774658706665E+06	+4.94779788429260E+06 	0.208000	0.040000	0.051821	0.007324
		T	s2 	99	12:22:17 PM	0.0000345083	+5.92980077371938E-11	+1.52947454325534E-14	+6.76516772480544E-02	+2.16977100372314E+01	+4.94777248412225E+06	+0.00000000000000E+00	+4.94777352073670E+06	+4.94774696155548E+06	+4.94779800682068E+06 	0.184000	0.040000	0.048691	0.006012
		T	s2 	100	12:22:22 PM	0.0000311476	+1.10297267031093E-10	+1.52787928543760E-14	+6.77223043186467E-02	+2.15908470153809E+01	+4.94777277650051E+06	+0.00000000000000E+00	+4.94777373363495E+06	+4.94774740612030E+06	+4.94779814701080E+06 	0.192000	0.036000	0.050100	0.006152
		T	s2 	101	12:22:28 PM	0.0000279593	+2.24059664273820E-11	+1.52859580911694E-14	+6.76905531500936E-02	+2.15046806335449E+01	+4.94777301722744E+06	+0.00000000000000E+00	+4.94777410675049E+06	+4.94774773624420E+06	+4.94779829833985E+06 	0.184000	0.034000	0.044626	0.007999
		T	s2 	102	12:22:33 PM	0.0000249433	+7.53588299872916E-11	+1.52938633167991E-14	+6.76555580934235E-02	+2.13517055511475E+01	+4.94777325755422E+06	+0.00000000000000E+00	+4.94777429649353E+06	+4.94774814342499E+06	+4.94779837181091E+06 	0.368000	0.032000	0.044629	0.006089
		T	s2 	103	12:22:39 PM	0.0000220997	+5.40255360434270E-11	+1.53458475382884E-14	+6.74263674102553E-02	+2.13369884490967E+01	+4.94777350564271E+06	+0.00000000000000E+00	+4.94777459732056E+06	+4.94774832351685E+06	+4.94779868789673E+06 	0.168000	0.032000	0.040471	0.005738
		T	s2 	104	12:22:45 PM	0.0000194284	+2.42295566233744E-11	+1.53566326948871E-14	+6.73790072618954E-02	+2.13070144653320E+01	+4.94777371716776E+06	+0.00000000000000E+00	+4.94777484451294E+06	+4.94774855274201E+06	+4.94779888172150E+06 	0.172000	0.034000	0.037579	0.004733
		T	s2 	105	12:22:50 PM	0.0000169294	+5.04336019932835E-12	+1.53107473433665E-14	+6.75809319349205E-02	+2.12683181762695E+01	+4.94777393660883E+06	+0.00000000000000E+00	+4.94777507888794E+06	+4.94774889293671E+06	+4.94779898040772E+06 	0.156000	0.030000	0.037999	0.007109
		T	s2 	106	12:22:56 PM	0.0000146028	+1.25814456140110E-11	+1.53530490729903E-14	+6.73947250505743E-02	+2.12095718383789E+01	+4.94777406361918E+06	+0.00000000000000E+00	+4.94777525730133E+06	+4.94774902011871E+06	+4.94779910724640E+06 	0.152000	0.032000	0.034398	0.007052
		T	s2 	107	12:23:01 PM	0.0000124486	+2.53180042285952E-11	+1.53571604810756E-14	+6.73766759469905E-02	+2.11936531066895E+01	+4.94777429257737E+06	+0.00000000000000E+00	+4.94777545330048E+06	+4.94774926116943E+06	+4.94779932411194E+06 	0.152000	0.034000	0.033683	0.007393
		T	s2 	108	12:23:07 PM	0.0000104666	+7.74507604237498E-11	+1.53915995166503E-14	+6.72259161915891E-02	+2.11624889373779E+01	+4.94777440265036E+06	+0.00000000000000E+00	+4.94777561000824E+06	+4.94774935199738E+06	+4.94779945343018E+06 	0.128000	0.046000	0.028729	0.007945
		T	s2 	109	12:23:12 PM	0.0000086571	+8.43197960075715E-11	+1.53645644157226E-14	+6.73442003222475E-02	+2.11973838806152E+01	+4.94777458264687E+06	+0.00000000000000E+00	+4.94777573440552E+06	+4.94774953475952E+06	+4.94779963066101E+06 	0.136000	0.032000	0.030346	0.006065
		T	s2 	110	12:23:17 PM	0.0000070198	+5.48132679912122E-11	+1.53704211996521E-14	+6.73185364082103E-02	+2.11979866027832E+01	+4.94777468961093E+06	+0.00000000000000E+00	+4.94777593952179E+06	+4.94774963146210E+06	+4.94779974788666E+06 	0.132000	0.068000	0.027471	0.006847
		T	s2 	111	12:23:23 PM	0.0000055549	+6.08400632918319E-11	+1.53685448511832E-14	+6.73267530396082E-02	+2.12063026428223E+01	+4.94777477416366E+06	+0.00000000000000E+00	+4.94777605087280E+06	+4.94774970924378E+06	+4.94779983921051E+06 	0.124000	0.036000	0.025206	0.010873
		T	s2 	112	12:23:28 PM	0.0000042624	-1.04798999743327E-11	+1.53991027642405E-14	+6.71931469727571E-02	+2.12073173522949E+01	+4.94777489009205E+06	+0.00000000000000E+00	+4.94777608829499E+06	+4.94774977413178E+06	+4.94780000617981E+06 	0.136000	0.062000	0.025110	0.007335
		T	s2 	113	12:23:34 PM	0.0000031421	+7.86289698993704E-11	+1.53756974636181E-14	+6.72954270769834E-02	+2.11915645599365E+01	+4.94777500453325E+06	+0.00000000000000E+00	+4.94777622207642E+06	+4.94774994537354E+06	+4.94780006381989E+06 	0.116000	0.032000	0.021784	0.010208
		T	s2 	114	12:23:39 PM	0.0000021943	+4.28676062703354E-11	+1.53808093557957E-14	+6.72730591220914E-02	+2.12776870727539E+01	+4.94777507693565E+06	+0.00000000000000E+00	+4.94777633880615E+06	+4.94774990756989E+06	+4.94780024642945E+06 	0.112000	0.032000	0.026628	0.006609
		T	s2 	115	12:23:45 PM	0.0000014187	+1.24867704619535E-10	+1.53673572534398E-14	+6.73319454322414E-02	+2.12775592803955E+01	+4.94777516566562E+06	+0.00000000000000E+00	+4.94777646644593E+06	+4.94775001846314E+06	+4.94780031299591E+06 	0.096000	0.030000	0.022478	0.006254
		T	s2 	116	12:23:50 PM	0.0000008155	+8.33057495587363E-11	+1.53517889985711E-14	+6.74002243171295E-02	+2.13471965789795E+01	+4.94777525616902E+06	+0.00000000000000E+00	+4.94777643745423E+06	+4.94775005222321E+06	+4.94780046024323E+06 	0.104000	0.036000	0.026576	0.005893
		T	s2 	117	12:23:55 PM	0.0000003847	-1.28064960706449E-11	+1.54008430350774E-14	+6.71855443165097E-02	+2.13090419769287E+01	+4.94777525599718E+06	+0.00000000000000E+00	+4.94777652198792E+06	+4.94775001670838E+06	+4.94780049541474E+06 	0.100000	0.034000	0.022481	0.006189
		T	s2 	118	12:24:01 PM	0.0000001262	+1.61364751258124E-10	+1.54064619140109E-14	+6.71610460441273E-02	+2.13614120483398E+01	+4.94777507491314E+06	+0.00000000000000E+00	+4.94777633796692E+06	+4.94774976436615E+06	+4.94780038558960E+06 	0.096000	0.036000	0.021910	0.005304
		T	s2 	119	12:24:07 PM	0.0000000400	+6.12805292820927E-11	+1.54158671026462E-14	+6.71200788912940E-02	+2.11421222686768E+01	+4.94777479249327E+06	+0.00000000000000E+00	+4.94777623561859E+06	+4.94774972648621E+06	+4.94779985862732E+06 	0.100000	0.040000	0.017733	0.009492
		B	s3	120	12:26:22 PM	0.0000000400	+9.41896429530056E-12	+1.52978137237436E-14	+6.76384087149668E-02	+2.06291446685791E+01	+4.94776149684676E+06	+0.00000000000000E+00	+4.94776259223938E+06	+4.94773722644806E+06	+4.94778576736450E+06 	0	0	0	0
		B	s3	121	12:26:23 PM	0.0000001262	-4.29453854291351E-11	+1.54046882525750E-14	+6.71691454905558E-02	+2.04974861145020E+01	+4.94776157005073E+06	+0.00000000000000E+00	+4.94776276382446E+06	+4.94773728607178E+06	+4.94778585414887E+06 	0	0	0	0
		B	s3	122	12:26:25 PM	0.0000003847	+8.67507428908623E-11	+1.53368186375250E-14	+6.74663877784224E-02	+2.07483634948730E+01	+4.94776155328420E+06	+0.00000000000000E+00	+4.94776273998261E+06	+4.94773708038330E+06	+4.94778602630615E+06 	0	0	0	0
		B	s3	123	12:26:28 PM	0.0000008155	+9.75562647588809E-11	+1.53247595798323E-14	+6.75194717118646E-02	+2.05913486480713E+01	+4.94776175063857E+06	+0.00000000000000E+00	+4.94776294849396E+06	+4.94773748203278E+06	+4.94778601936341E+06 	0	0	0	0
		B	s3	124	12:26:30 PM	0.0000014187	+3.80828298735622E-11	+1.53968387729881E-14	+6.72033848304171E-02	+2.05987815856934E+01	+4.94776172603317E+06	+0.00000000000000E+00	+4.94776304340363E+06	+4.94773733448029E+06	+4.94778611770630E+06 	0	0	0	0
		B	s3	125	12:26:32 PM	0.0000021943	-4.67806297030173E-12	+1.53484193187784E-14	+6.74153865654593E-02	+2.05981922149658E+01	+4.94776186874138E+06	+0.00000000000000E+00	+4.94776305610657E+06	+4.94773755458832E+06	+4.94778618301392E+06 	0	0	0	0
		B	s3	126	12:26:34 PM	0.0000031421	+4.39396969190969E-11	+1.53690291303337E-14	+6.73249824897819E-02	+2.05496406555176E+01	+4.94776187940358E+06	+0.00000000000000E+00	+4.94776314796448E+06	+4.94773758998871E+06	+4.94778616893769E+06 	0	0	0	0
		B	s3	127	12:26:37 PM	0.0000042624	+4.23841245437949E-11	+1.53624275944726E-14	+6.73539115948381E-02	+2.04890689849854E+01	+4.94776194396773E+06	+0.00000000000000E+00	+4.94776319904328E+06	+4.94773773654938E+06	+4.94778615150452E+06 	0	0	0	0
		B	s3	128	12:26:39 PM	0.0000055549	+4.20905818604486E-11	+1.53872328344305E-14	+6.72453321961304E-02	+2.04188556671143E+01	+4.94776195962728E+06	+0.00000000000000E+00	+4.94776317024231E+06	+4.94773779621124E+06	+4.94778612316132E+06 	0	0	0	0
		B	s3	129	12:26:41 PM	0.0000070198	+4.25523303547483E-11	+1.53678295484306E-14	+6.73302348890838E-02	+2.03904285430908E+01	+4.94776198425146E+06	+0.00000000000000E+00	+4.94776322040558E+06	+4.94773788490296E+06	+4.94778608371735E+06 	0	0	0	0
		B	s3	130	12:26:43 PM	0.0000086571	+4.88690407048761E-11	+1.53586681841187E-14	+6.73703959598841E-02	+2.02995529174805E+01	+4.94776202310474E+06	+0.00000000000000E+00	+4.94776323547363E+06	+4.94773804546356E+06	+4.94778600086212E+06 	0	0	0	0
		B	s3	131	12:26:46 PM	0.0000104666	+2.94217532682539E-12	+1.53648999939977E-14	+6.73430705379702E-02	+2.02858314514160E+01	+4.94776205388938E+06	+0.00000000000000E+00	+4.94776317962647E+06	+4.94773808273316E+06	+4.94778602516174E+06 	0	0	0	0
		B	s3	132	12:26:48 PM	0.0000124486	+8.84590917572368E-11	+1.53619785439250E-14	+6.73558782890862E-02	+2.02541885375977E+01	+4.94776202285702E+06	+0.00000000000000E+00	+4.94776315364838E+06	+4.94773809364319E+06	+4.94778595218659E+06 	0	0	0	0
		B	s3	133	12:26:50 PM	0.0000146028	+9.53077827192834E-11	+1.53538032254275E-14	+6.73917413430574E-02	+2.01837081909180E+01	+4.94776207422239E+06	+0.00000000000000E+00	+4.94776330364228E+06	+4.94773824096680E+06	+4.94778590759277E+06 	0	0	0	0
		B	s3	134	12:26:52 PM	0.0000169294	+5.16087130624243E-11	+1.53441010603936E-14	+6.74343532381766E-02	+2.01264362335205E+01	+4.94776208515189E+06	+0.00000000000000E+00	+4.94776324668884E+06	+4.94773833454132E+06	+4.94778583587647E+06 	0	0	0	0
		B	s3	135	12:26:55 PM	0.0000194284	+5.62329553737941E-11	+1.53350473785874E-14	+6.74741655718706E-02	+2.01258010864258E+01	+4.94776209747343E+06	+0.00000000000000E+00	+4.94776323986054E+06	+4.94773836162567E+06	+4.94778583343506E+06 	0	0	0	0
		B	s3	136	12:26:57 PM	0.0000220997	+7.78910516075910E-12	+1.53437816188027E-14	+6.74357569423321E-02	+2.01028041839600E+01	+4.94776209281957E+06	+0.00000000000000E+00	+4.94776323822022E+06	+4.94773837059021E+06	+4.94778581516266E+06 	0	0	0	0
		B	s3	137	12:26:59 PM	0.0000249433	+1.46761590985672E-11	+1.53630427444718E-14	+6.73512110758739E-02	+2.00546131134033E+01	+4.94776207649279E+06	+0.00000000000000E+00	+4.94776332218170E+06	+4.94773838142395E+06	+4.94778577167511E+06 	0	0	0	0
		B	s3	138	12:27:01 PM	0.0000279593	+1.22632172085114E-11	+1.53685773398653E-14	+6.73269547857808E-02	+2.00002536773682E+01	+4.94776213140563E+06	+0.00000000000000E+00	+4.94776330776215E+06	+4.94773849205017E+06	+4.94778577087403E+06 	0	0	0	0
		B	s3	139	12:27:04 PM	0.0000311476	+5.28050441696176E-11	+1.53533807184208E-14	+6.73935945128504E-02	+1.99310779571533E+01	+4.94776212457782E+06	+0.00000000000000E+00	+4.94776324684143E+06	+4.94773859027863E+06	+4.94778565898895E+06 	0	0	0	0
		B	s3	140	12:27:06 PM	0.0000345083	+9.36074982762306E-11	+1.53506407794099E-14	+6.74056235168016E-02	+1.98986396789551E+01	+4.94776212797310E+06	+0.00000000000000E+00	+4.94776328323365E+06	+4.94773863616944E+06	+4.94778561988831E+06 	0	0	0	0
		B	s3	141	12:27:08 PM	0.0000380413	+5.27222481702143E-11	+1.53476271961566E-14	+6.74188594559944E-02	+1.98976669311523E+01	+4.94776210931926E+06	+0.00000000000000E+00	+4.94776329246521E+06	+4.94773862327576E+06	+4.94778559547425E+06 	0	0	0	0
		B	s3	142	12:27:10 PM	0.0000417466	+1.31408967749614E-11	+1.53561081198615E-14	+6.73816244814403E-02	+1.98578815460205E+01	+4.94776213344738E+06	+0.00000000000000E+00	+4.94776330799103E+06	+4.94773868141174E+06	+4.94778558559418E+06 	0	0	0	0
		B	s3	143	12:27:12 PM	0.0000456243	+5.09484853590305E-11	+1.53606246579552E-14	+6.73618123044924E-02	+1.98413543701172E+01	+4.94776212326220E+06	+0.00000000000000E+00	+4.94776328464508E+06	+4.94773868385315E+06	+4.94778556278229E+06 	0	0	0	0
		B	s3	144	12:27:14 PM	0.0000496743	+5.20684501743625E-11	+1.53696822115748E-14	+6.73221144480350E-02	+1.98294677734375E+01	+4.94776214767626E+06	+0.00000000000000E+00	+4.94776332569122E+06	+4.94773870849610E+06	+4.94778558696747E+06 	0	0	0	0
		B	s3	145	12:27:15 PM	0.0000538967	+5.41210203211243E-11	+1.53321915500316E-14	+6.74867334266831E-02	+1.98070583343506E+01	+4.94776210199566E+06	+0.00000000000000E+00	+4.94776324165344E+06	+4.94773874641419E+06	+4.94778545768738E+06 	0	0	0	0
		B	s3	146	12:27:18 PM	0.0000582914	+5.23653078856979E-11	+1.53722386415276E-14	+6.73109214400602E-02	+1.97547645568848E+01	+4.94776204563351E+06	+0.00000000000000E+00	+4.94776325611115E+06	+4.94773869087219E+06	+4.94778540050507E+06 	0	0	0	0
		B	s3	147	12:27:19 PM	0.0000628584	+9.25342718876871E-11	+1.53516752622725E-14	+6.74010822252928E-02	+1.98088989257813E+01	+4.94776209562496E+06	+0.00000000000000E+00	+4.94776325157166E+06	+4.94773870819092E+06	+4.94778548316956E+06 	0	0	0	0
		B	s3	148	12:27:22 PM	0.0000675978	+9.33645779514916E-11	+1.53907721251728E-14	+6.72298649732886E-02	+1.97914352416992E+01	+4.94776208328423E+06	+0.00000000000000E+00	+4.94776326339722E+06	+4.94773865695954E+06	+4.94778550971985E+06 	0	0	0	0
		B	s3	149	12:27:24 PM	0.0000725095	+5.23146970825638E-11	+1.53899028913633E-14	+6.72336614820529E-02	+1.97596302032471E+01	+4.94776210855679E+06	+0.00000000000000E+00	+4.94776324302674E+06	+4.94773872119904E+06	+4.94778549602509E+06 	0	0	0	0
		B	s3	150	12:27:25 PM	0.0000775936	+5.08099081807648E-11	+1.53832235297147E-14	+6.72628553892560E-02	+1.97581501007080E+01	+4.94776206442080E+06	+0.00000000000000E+00	+4.94776321037293E+06	+4.94773868896484E+06	+4.94778543998718E+06 	0	0	0	0
		B	s3	151	12:27:28 PM	0.0000828500	+9.08740948599730E-11	+1.53725750234163E-14	+6.73094475480261E-02	+1.97522830963135E+01	+4.94776208231184E+06	+0.00000000000000E+00	+4.94776324802399E+06	+4.94773872997284E+06	+4.94778543476105E+06 	0	0	0	0
		B	s3	152	12:27:30 PM	0.0000882787	+5.13292620173735E-11	+1.53685215140387E-14	+6.73272007307653E-02	+1.97488594055176E+01	+4.94776208065249E+06	+0.00000000000000E+00	+4.94776325504303E+06	+4.94773873851776E+06	+4.94778542289734E+06 	0	0	0	0
		B	s3	153	12:27:32 PM	0.0000938798	+7.47030765624431E-12	+1.53508185486768E-14	+6.74048442410270E-02	+1.97692432403564E+01	+4.94776207985142E+06	+0.00000000000000E+00	+4.94776323375702E+06	+4.94773874053955E+06	+4.94778541927338E+06 	0	0	0	0
		B	s3	154	12:27:33 PM	0.0000996533	+5.09499612631599E-11	+1.53573569339573E-14	+6.73761467499910E-02	+1.97264614105225E+01	+4.94776207691429E+06	+0.00000000000000E+00	+4.94776320846558E+06	+4.94773877819062E+06	+4.94778537574768E+06 	0	0	0	0
		B	s3	155	12:27:36 PM	0.0001055990	+5.81051000417994E-12	+1.53521273629969E-14	+6.73990978392412E-02	+1.97297401428223E+01	+4.94776207762003E+06	+0.00000000000000E+00	+4.94776320869446E+06	+4.94773878295899E+06	+4.94778537239075E+06 	0	0	0	0
		B	s3	156	12:27:38 PM	0.0001117172	+5.10431790271991E-11	+1.53598227039817E-14	+6.73653305900873E-02	+1.97028694152832E+01	+4.94776207742939E+06	+0.00000000000000E+00	+4.94776324626923E+06	+4.94773880283356E+06	+4.94778535213471E+06 	0	0	0	0
		B	s3	157	12:27:40 PM	0.0001180076	+5.20739668660887E-11	+1.53696575329339E-14	+6.73222243355077E-02	+1.96954898834229E+01	+4.94776208189256E+06	+0.00000000000000E+00	+4.94776323551178E+06	+4.94773880111694E+06	+4.94778536277771E+06 	0	0	0	0
		B	s3	158	12:27:42 PM	0.0001244704	+3.31686329860141E-12	+1.53598146692743E-14	+6.73653661622791E-02	+1.96667118072510E+01	+4.94776206518441E+06	+0.00000000000000E+00	+4.94776317413330E+06	+4.94773883331299E+06	+4.94778529716492E+06 	0	0	0	0
		B	s3	159	12:27:44 PM	0.0001311055	+4.86050214703884E-11	+1.53801056555732E-14	+6.72764915528883E-02	+1.96727256774902E+01	+4.94776204405081E+06	+0.00000000000000E+00	+4.94776321170807E+06	+4.94773877437592E+06	+4.94778531383515E+06 	0	0	0	0
		B	s3	160	12:27:46 PM	0.0001379130	+5.02575030201387E-11	+1.53704362879730E-14	+6.73188136219828E-02	+1.96729030609131E+01	+4.94776207384367E+06	+0.00000000000000E+00	+4.94776322902680E+06	+4.94773881858826E+06	+4.94778532920838E+06 	0	0	0	0
		B	s3	161	12:27:48 PM	0.0001448928	+7.18199649302417E-12	+1.53527989709358E-14	+6.73961490214871E-02	+1.96573963165283E+01	+4.94776209396640E+06	+0.00000000000000E+00	+4.94776322071076E+06	+4.94773888370514E+06	+4.94778530433655E+06 	0	0	0	0
		B	s3	162	12:27:51 PM	0.0001520450	+5.21827252425558E-11	+1.53568565326036E-14	+6.73783419121926E-02	+1.96541404724121E+01	+4.94776208725253E+06	+0.00000000000000E+00	+4.94776320587158E+06	+4.94773887470246E+06	+4.94778529991150E+06 	0	0	0	0
		B	s3	163	12:27:53 PM	0.0001593695	+4.90812058217001E-11	+1.53856149710179E-14	+6.72524001785918E-02	+1.96351509094238E+01	+4.94776207559853E+06	+0.00000000000000E+00	+4.94776321704865E+06	+4.94773884204865E+06	+4.94778530925751E+06 	0	0	0	0
		B	s3	164	12:27:55 PM	0.0001668664	+9.06278113989752E-11	+1.53796864899739E-14	+6.72783248181316E-02	+1.96393013000488E+01	+4.94776205587656E+06	+0.00000000000000E+00	+4.94776323558808E+06	+4.94773882637024E+06	+4.94778528549194E+06 	0	0	0	0
		B	s3	165	12:27:57 PM	0.0001745355	+5.25303719816755E-11	+1.53897852430524E-14	+6.72341765949698E-02	+1.96192588806152E+01	+4.94776206659590E+06	+0.00000000000000E+00	+4.94776321533203E+06	+4.94773884555817E+06	+4.94778528774262E+06 	0	0	0	0
		B	s3	166	12:28:00 PM	0.0001823771	+5.12480912859834E-11	+1.53718403786043E-14	+6.73126649838482E-02	+1.96372413635254E+01	+4.94776205990114E+06	+0.00000000000000E+00	+4.94776326454163E+06	+4.94773884468079E+06	+4.94778527523041E+06 	0	0	0	0
		B	s3	167	12:28:02 PM	0.0001903909	+9.29731330842953E-11	+1.54095794403239E-14	+6.71478114180782E-02	+1.96382198333740E+01	+4.94776207735310E+06	+0.00000000000000E+00	+4.94776325630188E+06	+4.94773880397797E+06	+4.94778535083771E+06 	0	0	0	0
		B	s3	168	12:28:04 PM	0.0001985772	+6.08331326642277E-12	+1.53727549518727E-14	+6.73086602297628E-02	+1.96119060516357E+01	+4.94776206405929E+06	+0.00000000000000E+00	+4.94776321163178E+06	+4.94773887741089E+06	+4.94778525081635E+06 	0	0	0	0
		B	s3	169	12:28:06 PM	0.0002069357	+5.09379034960083E-11	+1.53957226548360E-14	+6.72082479955606E-02	+1.96046371459961E+01	+4.94776204874316E+06	+0.00000000000000E+00	+4.94776321697235E+06	+4.94773883605957E+06	+4.94778526153565E+06 	0	0	0	0
		B	s3	170	12:28:08 PM	0.0002154666	+9.24492288323579E-11	+1.54273624765489E-14	+6.70704099358641E-02	+1.96040725708008E+01	+4.94776209829585E+06	+0.00000000000000E+00	+4.94776323707581E+06	+4.94773883857727E+06	+4.94778535812378E+06 	0	0	0	0
		B	s3	171	12:28:10 PM	0.0002241698	+9.91793024163845E-11	+1.54111566008029E-14	+6.71409391065133E-02	+1.96135997772217E+01	+4.94776209503435E+06	+0.00000000000000E+00	+4.94776326576233E+06	+4.94773884845734E+06	+4.94778534172058E+06 	0	0	0	0
		B	s3	172	12:28:13 PM	0.0002330454	+5.75013020167836E-11	+1.54216650010785E-14	+6.70951889988660E-02	+1.95994148254395E+01	+4.94776209257388E+06	+0.00000000000000E+00	+4.94776328842163E+06	+4.94773884696961E+06	+4.94778533828736E+06 	0	0	0	0
		B	s3	173	12:28:15 PM	0.0002420933	+5.93806698065645E-11	+1.54352952797782E-14	+6.70359394207575E-02	+1.95885181427002E+01	+4.94776211315413E+06	+0.00000000000000E+00	+4.94776333789826E+06	+4.94773885993958E+06	+4.94778536647797E+06 	0	0	0	0
		B	s3	174	12:28:17 PM	0.0002513136	+5.67855846260841E-11	+1.53935086517662E-14	+6.72179118684484E-02	+1.95974349975586E+01	+4.94776214044854E+06	+0.00000000000000E+00	+4.94776333042145E+06	+4.94773893962860E+06	+4.94778534137726E+06 	0	0	0	0
		B	s3	175	12:28:19 PM	0.0002607062	+5.51977858910803E-11	+1.53929343707371E-14	+6.72204201816314E-02	+1.95806045532227E+01	+4.94776212053591E+06	+0.00000000000000E+00	+4.94776331123352E+06	+4.94773894050598E+06	+4.94778530067444E+06 	0	0	0	0
		B	s3	176	12:28:21 PM	0.0002702711	+5.47888902415910E-11	+1.54055488714369E-14	+6.71653777186858E-02	+1.95609169006348E+01	+4.94776213802632E+06	+0.00000000000000E+00	+4.94776330986023E+06	+4.94773896232605E+06	+4.94778531383515E+06 	0	0	0	0
		B	s3	177	12:28:23 PM	0.0002800084	+5.69385199510476E-11	+1.53885512986686E-14	+6.72395663303248E-02	+1.95575752258301E+01	+4.94776212162326E+06	+0.00000000000000E+00	+4.94776328441620E+06	+4.94773897544861E+06	+4.94778526790619E+06 	0	0	0	0
		B	s3	178	12:28:25 PM	0.0002899180	+9.81372384062714E-11	+1.54123357324701E-14	+6.71358014548090E-02	+1.95621833801270E+01	+4.94776213138869E+06	+0.00000000000000E+00	+4.94776327663422E+06	+4.94773894397736E+06	+4.94778531890869E+06 	0	0	0	0
		B	s3	179	12:28:27 PM	0.0003000000	+5.48251998353187E-11	+1.54086469961476E-14	+6.71518746763152E-02	+1.95290107727051E+01	+4.94776208278966E+06	+0.00000000000000E+00	+4.94776327232361E+06	+4.94773894023895E+06	+4.94778522544861E+06 	0	0	0	0

