	10/04/22	Test 6 N (today) Location 05 Ramp 01	Tip H10	Box 5b Xtal 01		DLC	300 uN	02.5%		Points/Segment: 59	
		Seg 	ID Tag	Number	Time	Power	C0	C1	L1	R1	fs	fa	fr	f1	f2	Ch1 (Pk-Pk)	Ch2 (Pk-Pk)	Ch1 (RMS)	Ch2 (RMS)	
						uW	F	F	H	Ohms	Hz	Hz	Hz	Hz	Hz	V	V	V	V	
		B	s1	0	3:12:17 PM	0.0000000400	-1.54236600458313E-11	+1.51292417731065E-14	+6.83920341639809E-02	+2.15157108306885E+01	+4.94776187190398E+06	+0.00000000000000E+00	+4.94776286262512E+06	+4.94773683738709E+06	+4.94778690654755E+06 	0	0	0	0
		B	s1	1	3:12:19 PM	0.0000003273	-3.44457133227066E-11	+1.53487537558552E-14	+6.74139144168031E-02	+2.17820320129395E+01	+4.94776198695178E+06	+0.00000000000000E+00	+4.94776314205170E+06	+4.94773627483368E+06	+4.94778769920349E+06 	0	0	0	0
		B	s1	2	3:12:22 PM	0.0000011890	+4.47293523745094E-11	+1.53712071304643E-14	+6.73154391354535E-02	+2.17328853607178E+01	+4.94776202059751E+06	+0.00000000000000E+00	+4.94776329090119E+06	+4.94773632896424E+06	+4.94778771236420E+06 	0	0	0	0
		B	s1	3	3:12:24 PM	0.0000026254	+1.47840015738414E-11	+1.53134250986244E-14	+6.75694350732920E-02	+2.16103572845459E+01	+4.94776220009934E+06	+0.00000000000000E+00	+4.94776337684631E+06	+4.94773674934387E+06	+4.94778765098572E+06 	0	0	0	0
		B	s1	4	3:12:26 PM	0.0000046362	+1.23289223954295E-11	+1.53398252980162E-14	+6.74531484746079E-02	+2.14933471679688E+01	+4.94776212729633E+06	+0.00000000000000E+00	+4.94776341365814E+06	+4.94773677070618E+06	+4.94778748401642E+06 	0	0	0	0
		B	s1	5	3:12:28 PM	0.0000072216	+9.29053892065208E-11	+1.53524954215592E-14	+6.73974797626415E-02	+2.14415397644043E+01	+4.94776216057976E+06	+0.00000000000000E+00	+4.94776345478058E+06	+4.94773684421540E+06	+4.94778747707367E+06 	0	0	0	0
		B	s1	6	3:12:31 PM	0.0000103814	+1.33223179985273E-10	+1.53667107594850E-14	+6.73351317769262E-02	+2.13386039733887E+01	+4.94776217376005E+06	+0.00000000000000E+00	+4.94776345127106E+06	+4.94773695560455E+06	+4.94778739204407E+06 	0	0	0	0
		B	s1	7	3:12:33 PM	0.0000141159	+9.34817862241931E-11	+1.53521634302363E-14	+6.73989364087826E-02	+2.12509441375732E+01	+4.94776219096498E+06	+0.00000000000000E+00	+4.94776347671509E+06	+4.94773710018158E+06	+4.94778728187561E+06 	0	0	0	0
		B	s1	8	3:12:35 PM	0.0000184248	+5.57122113309194E-11	+1.53415215273135E-14	+6.74456895567531E-02	+2.12285690307617E+01	+4.94776216349938E+06	+0.00000000000000E+00	+4.94776343170166E+06	+4.94773711650849E+06	+4.94778721061707E+06 	0	0	0	0
		B	s1	9	3:12:37 PM	0.0000233082	+1.38514764996191E-10	+1.53639997691207E-14	+6.73470134474194E-02	+2.11666793823242E+01	+4.94776216159221E+06	+0.00000000000000E+00	+4.94776342578888E+06	+4.94773715103150E+06	+4.94778717227936E+06 	0	0	0	0
		B	s1	10	3:12:40 PM	0.0000287662	+9.30614398498926E-11	+1.53593782621484E-14	+6.73672774963115E-02	+2.10284366607666E+01	+4.94776216517889E+06	+0.00000000000000E+00	+4.94776340343476E+06	+4.94773732543946E+06	+4.94778700504303E+06 	0	0	0	0
		B	s1	11	3:12:42 PM	0.0000347987	+5.19632827064321E-11	+1.52975852146321E-14	+6.76394006498086E-02	+2.10399055480957E+01	+4.94776217055805E+06	+0.00000000000000E+00	+4.94776339595795E+06	+4.94773741725922E+06	+4.94778692398072E+06 	0	0	0	0
		B	s1	12	3:12:44 PM	0.0000414058	+5.31795369068308E-11	+1.53374793952310E-14	+6.74634661495924E-02	+2.09835300445557E+01	+4.94776210673817E+06	+0.00000000000000E+00	+4.94776341213226E+06	+4.94773735538483E+06	+4.94778685821533E+06 	0	0	0	0
		B	s1	13	3:12:46 PM	0.0000485873	+5.33207434409689E-11	+1.53611075911743E-14	+6.73596948475734E-02	+2.09570980072021E+01	+4.94776211184983E+06	+0.00000000000000E+00	+4.94776335758209E+06	+4.94773735359192E+06	+4.94778687023163E+06 	0	0	0	0
		B	s1	14	3:12:49 PM	0.0000563434	+5.60464711389837E-11	+1.53608815369771E-14	+6.73606864827533E-02	+2.09822864532471E+01	+4.94776209882249E+06	+0.00000000000000E+00	+4.94776341342926E+06	+4.94773731117249E+06	+4.94778688659668E+06 	0	0	0	0
		B	s1	15	3:12:51 PM	0.0000646740	+4.99559503678788E-11	+1.53475035303894E-14	+6.74194033549561E-02	+2.09524536132812E+01	+4.94776208520431E+06	+0.00000000000000E+00	+4.94776333274842E+06	+4.94773735435486E+06	+4.94778681617737E+06 	0	0	0	0
		B	s1	16	3:12:53 PM	0.0000735791	+4.78372486493250E-11	+1.53090648549081E-14	+6.75886830576204E-02	+2.09517803192139E+01	+4.94776208190491E+06	+0.00000000000000E+00	+4.94776327915192E+06	+4.94773741378784E+06	+4.94778675014496E+06 	0	0	0	0
		B	s1	17	3:12:55 PM	0.0000830588	+8.77410597549500E-11	+1.53580953483816E-14	+6.73729074030304E-02	+2.09006366729736E+01	+4.94776207376044E+06	+0.00000000000000E+00	+4.94776324871063E+06	+4.94773738704682E+06	+4.94778676059723E+06 	0	0	0	0
		B	s1	18	3:12:57 PM	0.0000931130	+5.02434457490738E-11	+1.53559491185604E-14	+6.73823250773822E-02	+2.09325160980225E+01	+4.94776202693486E+06	+0.00000000000000E+00	+4.94776329929352E+06	+4.94773730602265E+06	+4.94778674797058E+06 	0	0	0	0
		B	s1	19	3:12:58 PM	0.0001037417	+8.76683375672945E-11	+1.53417565752959E-14	+6.74446596495968E-02	+2.09328861236572E+01	+4.94776203824555E+06	+0.00000000000000E+00	+4.94776327281952E+06	+4.94773733974457E+06	+4.94778673686981E+06 	0	0	0	0
		B	s1	20	3:13:00 PM	0.0001149449	+4.86193191411632E-11	+1.53549036585215E-14	+6.73869131515695E-02	+2.08885231018066E+01	+4.94776201758912E+06	+0.00000000000000E+00	+4.94776327701569E+06	+4.94773735031128E+06	+4.94778668498993E+06 	0	0	0	0
		B	s1	21	3:13:02 PM	0.0001267227	+8.60870761387136E-11	+1.53796727804551E-14	+6.72783840949679E-02	+2.08478183746338E+01	+4.94776208144719E+06	+0.00000000000000E+00	+4.94776323493958E+06	+4.94773742252350E+06	+4.94778674049378E+06 	0	0	0	0
		B	s1	22	3:13:04 PM	0.0001390749	+5.41096631742581E-11	+1.53965465272973E-14	+6.72046518215583E-02	+2.08419322967529E+01	+4.94776204309031E+06	+0.00000000000000E+00	+4.94776332534790E+06	+4.94773736408234E+06	+4.94778672222138E+06 	0	0	0	0
		B	s1	23	3:13:05 PM	0.0001520017	+5.12950241413720E-11	+1.53559393202349E-14	+6.73823673079903E-02	+2.08399868011475E+01	+4.94776205501157E+06	+0.00000000000000E+00	+4.94776329986572E+06	+4.94773744338989E+06	+4.94778666675568E+06 	0	0	0	0
		B	s1	24	3:13:07 PM	0.0001655031	+1.25813487705272E-11	+1.53734197790663E-14	+6.73057490705627E-02	+2.08081436157227E+01	+4.94776207803332E+06	+0.00000000000000E+00	+4.94776333499909E+06	+4.94773747604370E+06	+4.94778668014527E+06 	0	0	0	0
		B	s1	25	3:13:09 PM	0.0001795789	+8.79898076352342E-11	+1.53740632315957E-14	+6.73029320733857E-02	+2.07967872619629E+01	+4.94776207955926E+06	+0.00000000000000E+00	+4.94776332477570E+06	+4.94773748996735E+06	+4.94778666927338E+06 	0	0	0	0
		B	s1	26	3:13:12 PM	0.0001942293	+5.30334293421242E-11	+1.53878266349586E-14	+6.72427355177099E-02	+2.07908382415771E+01	+4.94776202399812E+06	+0.00000000000000E+00	+4.94776330154419E+06	+4.94773741943360E+06	+4.94778662868500E+06 	0	0	0	0
		B	s1	27	3:13:13 PM	0.0002094542	+9.03053223929133E-11	+1.53623875396564E-14	+6.73540847052415E-02	+2.07794666290283E+01	+4.94776203591932E+06	+0.00000000000000E+00	+4.94776328617096E+06	+4.94773748546601E+06	+4.94778658649445E+06 	0	0	0	0
		B	s1	28	3:13:15 PM	0.0002252536	+4.99925141472591E-11	+1.53843190204193E-14	+6.72580655702224E-02	+2.07600803375244E+01	+4.94776206985099E+06	+0.00000000000000E+00	+4.94776327419281E+06	+4.94773750728607E+06	+4.94778663253784E+06 	0	0	0	0
		B	s1	29	3:13:17 PM	0.0002416276	+9.06794806580360E-11	+1.53737695544607E-14	+6.73042174212235E-02	+2.08094768524170E+01	+4.94776209077440E+06	+0.00000000000000E+00	+4.94776334541321E+06	+4.94773748664856E+06	+4.94778669502258E+06 	0	0	0	0
		B	s1	30	3:13:18 PM	0.0002585761	+5.37203821796053E-11	+1.53758326635804E-14	+6.72951867450432E-02	+2.07898292541504E+01	+4.94776208652111E+06	+0.00000000000000E+00	+4.94776334598541E+06	+4.94773750232697E+06	+4.94778667083740E+06 	0	0	0	0
		B	s1	31	3:13:21 PM	0.0002760991	+5.33324532633012E-11	+1.53756900922403E-14	+6.72958101171172E-02	+2.07825698852539E+01	+4.94776210944748E+06	+0.00000000000000E+00	+4.94776331539154E+06	+4.94773753406525E+06	+4.94778668495178E+06 	0	0	0	0
		B	s1	32	3:13:23 PM	0.0002941966	+9.28983351836743E-11	+1.53836142226628E-14	+6.72611460612552E-02	+2.07588386535645E+01	+4.94776210391625E+06	+0.00000000000000E+00	+4.94776332592011E+06	+4.94773754394531E+06	+4.94778666400910E+06 	0	0	0	0
		B	s1	33	3:13:24 PM	0.0003128686	+4.95631010534919E-11	+1.53743225736475E-14	+6.73017964586641E-02	+2.07618026733398E+01	+4.94776209109892E+06	+0.00000000000000E+00	+4.94776333183289E+06	+4.94773754245758E+06	+4.94778663986206E+06 	0	0	0	0
		B	s1	34	3:13:27 PM	0.0003321152	+5.24522900523812E-11	+1.53883693474114E-14	+6.72403618584912E-02	+2.07342929840088E+01	+4.94776210355396E+06	+0.00000000000000E+00	+4.94776333526611E+06	+4.94773756504059E+06	+4.94778664218903E+06 	0	0	0	0
		B	s1	35	3:13:29 PM	0.0003519363	+9.38058350413720E-11	+1.53749526641593E-14	+6.72990379648365E-02	+2.07454986572266E+01	+4.94776210422157E+06	+0.00000000000000E+00	+4.94776334785462E+06	+4.94773757385254E+06	+4.94778663471222E+06 	0	0	0	0
		B	s1	36	3:13:31 PM	0.0003723319	+5.85112545587621E-11	+1.53930680408561E-14	+6.72198380932832E-02	+2.07405796051025E+01	+4.94776206019985E+06	+0.00000000000000E+00	+4.94776337112427E+06	+4.94773750675202E+06	+4.94778661376953E+06 	0	0	0	0
		B	s1	37	3:13:33 PM	0.0003933021	+9.49092747458049E-11	+1.53835729077115E-14	+6.72613269166136E-02	+2.07175750732422E+01	+4.94776209600100E+06	+0.00000000000000E+00	+4.94776335266113E+06	+4.94773758491516E+06	+4.94778660720825E+06 	0	0	0	0
		B	s1	38	3:13:35 PM	0.0004148467	+5.39402694503554E-11	+1.54036660838812E-14	+6.71735886944701E-02	+2.07007579803467E+01	+4.94776208783748E+06	+0.00000000000000E+00	+4.94776335647583E+06	+4.94773756465912E+06	+4.94778661113739E+06 	0	0	0	0
		B	s1	39	3:13:37 PM	0.0004369659	+9.20567955986392E-11	+1.54007326910053E-14	+6.71863835483524E-02	+2.07153453826904E+01	+4.94776207923528E+06	+0.00000000000000E+00	+4.94776338523865E+06	+4.94773754344940E+06	+4.94778661514282E+06 	0	0	0	0
		B	s1	40	3:13:39 PM	0.0004596596	+5.45267967546260E-11	+1.54163838911828E-14	+6.71181740354524E-02	+2.07100639343262E+01	+4.94776207086192E+06	+0.00000000000000E+00	+4.94776337928772E+06	+4.94773751640320E+06	+4.94778662544251E+06 	0	0	0	0
		B	s1	41	3:13:41 PM	0.0004829279	+9.53419865370636E-11	+1.53894137044460E-14	+6.72357987109321E-02	+2.06957721710205E+01	+4.94776210647242E+06	+0.00000000000000E+00	+4.94776335388184E+06	+4.94773761188507E+06	+4.94778660118103E+06 	0	0	0	0
		B	s1	42	3:13:42 PM	0.0005067707	+5.33946312867064E-11	+1.53993551502275E-14	+6.71923938296359E-02	+2.06862125396729E+01	+4.94776207332268E+06	+0.00000000000000E+00	+4.94776334243775E+06	+4.94773757423401E+06	+4.94778657253266E+06 	0	0	0	0
		B	s1	43	3:13:44 PM	0.0005311880	+5.21937572992413E-11	+1.54190526336729E-14	+6.71065568699603E-02	+2.06805191040039E+01	+4.94776208177211E+06	+0.00000000000000E+00	+4.94776336326599E+06	+4.94773755809784E+06	+4.94778660556793E+06 	0	0	0	0
		B	s1	44	3:13:46 PM	0.0005561798	+5.68877377295877E-11	+1.54038759572927E-14	+6.71726729659617E-02	+2.06799640655518E+01	+4.94776210652962E+06	+0.00000000000000E+00	+4.94776337497711E+06	+4.94773760765076E+06	+4.94778660552979E+06 	0	0	0	0
		B	s1	45	3:13:49 PM	0.0005817461	+5.95282874953805E-11	+1.54235471946019E-14	+6.70870008055567E-02	+2.06883049011230E+01	+4.94776210418338E+06	+0.00000000000000E+00	+4.94776341682434E+06	+4.94773756412506E+06	+4.94778664436340E+06 	0	0	0	0
		B	s1	46	3:13:51 PM	0.0006078870	+5.51928021484122E-11	+1.54321631401815E-14	+6.70495461798750E-02	+2.06626605987549E+01	+4.94776207536342E+06	+0.00000000000000E+00	+4.94776340030670E+06	+4.94773755203247E+06	+4.94778659881592E+06 	0	0	0	0
		B	s1	47	3:13:53 PM	0.0006346024	+5.81408547043192E-11	+1.54404222002027E-14	+6.70136811845650E-02	+2.06662406921387E+01	+4.94776208598727E+06	+0.00000000000000E+00	+4.94776340969086E+06	+4.94773754528046E+06	+4.94778662681580E+06 	0	0	0	0
		B	s1	48	3:13:55 PM	0.0006618923	+5.63791385311432E-11	+1.54444763664694E-14	+6.69960893704882E-02	+2.06485633850098E+01	+4.94776211408259E+06	+0.00000000000000E+00	+4.94776342723847E+06	+4.94773758792877E+06	+4.94778664035797E+06 	0	0	0	0
		B	s1	49	3:13:58 PM	0.0006897567	+5.52698087426249E-11	+1.54299565851917E-14	+6.70591340811224E-02	+2.06502494812012E+01	+4.94776209355962E+06	+0.00000000000000E+00	+4.94776339218140E+06	+4.94773758846283E+06	+4.94778659877777E+06 	0	0	0	0
		B	s1	50	3:14:00 PM	0.0007181957	+5.70761206720959E-11	+1.54297553672120E-14	+6.70600085727798E-02	+2.06480274200439E+01	+4.94776209430350E+06	+0.00000000000000E+00	+4.94776342510224E+06	+4.94773759216309E+06	+4.94778659656525E+06 	0	0	0	0
		B	s1	51	3:14:02 PM	0.0007472092	+5.79643875863229E-11	+1.54478001342767E-14	+6.69816750012731E-02	+2.06530952453613E+01	+4.94776209220524E+06	+0.00000000000000E+00	+4.94776342079163E+06	+4.94773755538941E+06	+4.94778662914276E+06 	0	0	0	0
		B	s1	52	3:14:04 PM	0.0007767972	+6.05843445544403E-11	+1.54444559355625E-14	+6.69961775689603E-02	+2.06497306823730E+01	+4.94776212989450E+06	+0.00000000000000E+00	+4.94776344154358E+06	+4.94773760238648E+06	+4.94778665752411E+06 	0	0	0	0
		B	s1	53	3:14:07 PM	0.0008069597	+1.00124443582178E-10	+1.54368857907234E-14	+6.70290319058172E-02	+2.06515350341797E+01	+4.94776213496809E+06	+0.00000000000000E+00	+4.94776346096039E+06	+4.94773761734009E+06	+4.94778665271759E+06 	0	0	0	0
		B	s1	54	3:14:09 PM	0.0008376968	+6.05887631834387E-11	+1.54635526198335E-14	+6.69134404115782E-02	+2.06557922363281E+01	+4.94776214313131E+06	+0.00000000000000E+00	+4.94776350048065E+06	+4.94773757808685E+06	+4.94778670829773E+06 	0	0	0	0
		B	s1	55	3:14:11 PM	0.0008690084	+6.34211182797985E-11	+1.54371538517652E-14	+6.70278675100739E-02	+2.06611690521240E+01	+4.94776215190529E+06	+0.00000000000000E+00	+4.94776348602295E+06	+4.94773762241364E+06	+4.94778668151856E+06 	0	0	0	0
		B	s1	56	3:14:13 PM	0.0009008945	+6.39230778614686E-11	+1.54429720263933E-14	+6.70026143888556E-02	+2.06606597900391E+01	+4.94776216004963E+06	+0.00000000000000E+00	+4.94776349876404E+06	+4.94773762191773E+06	+4.94778669830323E+06 	0	0	0	0
		B	s1	57	3:14:15 PM	0.0009333552	+6.45454678664398E-11	+1.54318175363680E-14	+6.70510445366049E-02	+2.06687793731689E+01	+4.94776219541191E+06	+0.00000000000000E+00	+4.94776352474213E+06	+4.94773766536713E+06	+4.94778672557831E+06 	0	0	0	0
		B	s1	58	3:14:17 PM	0.0009663903	+6.58266252408438E-11	+1.54432803984230E-14	+6.70012756509823E-02	+2.06684532165527E+01	+4.94776219058623E+06	+0.00000000000000E+00	+4.94776355491638E+06	+4.94773764270783E+06	+4.94778673858643E+06 	0	0	0	0
		B	s1	59	3:14:18 PM	0.0010000000	+6.67470444858038E-11	+1.54490627863093E-14	+6.69761980266366E-02	+2.06810245513916E+01	+4.94776218682863E+06	+0.00000000000000E+00	+4.94776354503632E+06	+4.94773761482239E+06	+4.94778675895691E+06 	0	0	0	0
		T	s2 	60	3:18:02 PM	0.0010000000	+9.09826693102043E-11	+1.54106897600484E-14	+6.71429063242657E-02	+2.15112628936768E+01	+4.94776455271828E+06	+0.00000000000000E+00	+4.94776596107483E+06	+4.94773905773163E+06	+4.94779004783631E+06 	0.800000	0.058000	0.267295	0.012368
		T	s2 	61	3:18:08 PM	0.0009663903	+7.03760185300681E-11	+1.54374751366417E-14	+6.70264016004638E-02	+2.14242153167725E+01	+4.94776476967949E+06	+0.00000000000000E+00	+4.94776619991303E+06	+4.94773933372498E+06	+4.94779020576477E+06 	0.784000	0.056000	0.259310	0.011207
		T	s2 	62	3:18:13 PM	0.0009333552	+4.11014488832797E-11	+1.54143324214146E-14	+6.71270312996232E-02	+2.14454879760742E+01	+4.94776484927322E+06	+0.00000000000000E+00	+4.94776632083893E+06	+4.94773942623139E+06	+4.94779027244568E+06 	0.752000	0.050000	0.252090	0.011254
		T	s2 	63	3:18:18 PM	0.0009008945	+4.65796149775965E-11	+1.54368042304966E-14	+6.70293098093537E-02	+2.15121898651123E+01	+4.94776494893159E+06	+0.00000000000000E+00	+4.94776644706726E+06	+4.94773940963745E+06	+4.94779048835755E+06 	0.736000	0.048000	0.242952	0.011454
		T	s2 	64	3:18:23 PM	0.0008690084	+4.75077363028480E-11	+1.54356382415341E-14	+6.70343723357106E-02	+2.15348625183105E+01	+4.94776497788501E+06	+0.00000000000000E+00	+4.94776644050598E+06	+4.94773941360474E+06	+4.94779054229737E+06 	0.688000	0.050000	0.235021	0.009177
		T	s2 	65	3:18:28 PM	0.0008376968	+8.40993034314376E-11	+1.54434862594644E-14	+6.70003047548447E-02	+2.15650291442871E+01	+4.94776506218956E+06	+0.00000000000000E+00	+4.94776646472931E+06	+4.94773944908142E+06	+4.94779067543030E+06 	0.680000	0.042000	0.231404	0.009153
		T	s2 	66	3:18:34 PM	0.0008069597	+5.16908904997802E-11	+1.54427989800479E-14	+6.70032873727379E-02	+2.15573329925537E+01	+4.94776503340773E+06	+0.00000000000000E+00	+4.94776649871826E+06	+4.94773943058014E+06	+4.94779063636780E+06 	0.664000	0.044000	0.227748	0.008151
		T	s2 	67	3:18:39 PM	0.0007767972	+5.22318137586241E-11	+1.54362595902323E-14	+6.70316722348386E-02	+2.16023578643799E+01	+4.94776504420310E+06	+0.00000000000000E+00	+4.94776652004242E+06	+4.94773939876557E+06	+4.94779068977356E+06 	0.680000	0.046000	0.223528	0.007717
		T	s2 	68	3:18:44 PM	0.0007472092	+8.80100203176502E-11	+1.54366985543060E-14	+6.70297644103879E-02	+2.15929870605469E+01	+4.94776510640179E+06	+0.00000000000000E+00	+4.94776657279968E+06	+4.94773947135926E+06	+4.94779074157715E+06 	0.632000	0.046000	0.218626	0.008022
		T	s2 	69	3:18:50 PM	0.0007181957	+5.12690376998101E-11	+1.54286142204305E-14	+6.70648867678465E-02	+2.15674266815186E+01	+4.94776511044560E+06	+0.00000000000000E+00	+4.94776652622223E+06	+4.94773951915741E+06	+4.94779070186615E+06 	0.664000	0.046000	0.214182	0.007278
		T	s2 	70	3:18:55 PM	0.0006897567	+5.43565160637257E-11	+1.54260441049603E-14	+6.70760597240487E-02	+2.16276111602783E+01	+4.94776513432526E+06	+0.00000000000000E+00	+4.94776659526825E+06	+4.94773947589874E+06	+4.94779079288483E+06 	0.616000	0.042000	0.210426	0.007725
		T	s2 	71	3:19:00 PM	0.0006618923	+9.09779839790255E-11	+1.54322616223674E-14	+6.70490336143220E-02	+2.16321392059326E+01	+4.94776519989982E+06	+0.00000000000000E+00	+4.94776658718109E+06	+4.94773952575684E+06	+4.94779087417603E+06 	0.624000	0.044000	0.205663	0.007857
		T	s2 	72	3:19:06 PM	0.0006346024	+5.85285442378958E-11	+1.54223327627166E-14	+6.70921994227054E-02	+2.16524982452393E+01	+4.94776520703326E+06	+0.00000000000000E+00	+4.94776666923523E+06	+4.94773952526093E+06	+4.94779088893891E+06 	0.624000	0.044000	0.201742	0.009571
		T	s2 	73	3:19:11 PM	0.0006078870	+5.98268292158155E-11	+1.54107215336290E-14	+6.71427501890209E-02	+2.16664466857910E+01	+4.94776520491612E+06	+0.00000000000000E+00	+4.94776664375305E+06	+4.94773952594757E+06	+4.94779088401795E+06 	0.624000	0.042000	0.196774	0.008792
		T	s2 	74	3:19:16 PM	0.0005817461	+5.57619889652233E-11	+1.53966885259302E-14	+6.72039446864406E-02	+2.16477928161621E+01	+4.94776525778806E+06	+0.00000000000000E+00	+4.94776660034180E+06	+4.94773962429047E+06	+4.94779089141846E+06 	0.592000	0.040000	0.193004	0.010258
		T	s2 	75	3:19:21 PM	0.0005561798	+9.46483407814934E-11	+1.54169573012925E-14	+6.71155911662662E-02	+2.16746540069580E+01	+4.94776525967600E+06	+0.00000000000000E+00	+4.94776665569306E+06	+4.94773956058502E+06	+4.94779095890045E+06 	0.592000	0.042000	0.188397	0.009585
		T	s2 	76	3:19:27 PM	0.0005311880	+5.91898222551103E-11	+1.53934095586226E-14	+6.72182586452745E-02	+2.16965160369873E+01	+4.94776530299195E+06	+0.00000000000000E+00	+4.94776666656494E+06	+4.94773961727143E+06	+4.94779098884583E+06 	0.584000	0.044000	0.184720	0.006641
		T	s2 	77	3:19:33 PM	0.0005067707	+9.43591038448840E-11	+1.53911696816832E-14	+6.72280406287834E-02	+2.17188968658447E+01	+4.94776531365391E+06	+0.00000000000000E+00	+4.94776666149139E+06	+4.94773960517883E+06	+4.94779102226258E+06 	0.584000	0.042000	0.179987	0.009223
		T	s2 	78	3:19:38 PM	0.0004829279	+6.31151397460729E-11	+1.53957863904188E-14	+6.72078798327651E-02	+2.17516727447510E+01	+4.94776535914394E+06	+0.00000000000000E+00	+4.94776672332764E+06	+4.94773960414887E+06	+4.94779111427307E+06 	0.560000	0.042000	0.175781	0.008875
		T	s2 	79	3:19:44 PM	0.0004596596	+6.38027399969279E-11	+1.53917647332829E-14	+6.72254389782321E-02	+2.17666206359863E+01	+4.94776540890661E+06	+0.00000000000000E+00	+4.94776674926758E+06	+4.94773964294434E+06	+4.94779117500305E+06 	0.528000	0.070000	0.171966	0.010173
		T	s2 	80	3:19:49 PM	0.0004369659	+2.94642040924252E-11	+1.54026531352026E-14	+6.71779154886297E-02	+2.17533264160156E+01	+4.94776543335880E+06	+0.00000000000000E+00	+4.94776676372528E+06	+4.94773966491700E+06	+4.94779120193482E+06 	0.568000	0.038000	0.166731	0.009589
		T	s2 	81	3:19:55 PM	0.0004148467	+7.20337040460370E-11	+1.53751976739718E-14	+6.72978708888331E-02	+2.18231239318848E+01	+4.94776558318085E+06	+0.00000000000000E+00	+4.94776689937592E+06	+4.94773977813721E+06	+4.94779138835907E+06 	0.520000	0.036000	0.163330	0.007398
		T	s2 	82	3:20:00 PM	0.0003933021	+5.09275062491235E-11	+1.53504215174632E-14	+6.74064844469101E-02	+2.18974914550781E+01	+4.94776586693686E+06	+0.00000000000000E+00	+4.94776712177277E+06	+4.94774001567841E+06	+4.94779171833039E+06 	0.520000	0.040000	0.158983	0.006475
		T	s2 	83	3:20:06 PM	0.0003723319	+5.98879477437857E-11	+1.53652022659722E-14	+6.73416362518908E-02	+2.20022583007812E+01	+4.94776607575261E+06	+0.00000000000000E+00	+4.94776732788086E+06	+4.94774007579804E+06	+4.94779207584381E+06 	0.504000	0.046000	0.154691	0.008009
		T	s2 	84	3:20:11 PM	0.0003519363	+1.02803216401996E-10	+1.53666998267895E-14	+6.73350686377542E-02	+2.20448341369629E+01	+4.94776625353630E+06	+0.00000000000000E+00	+4.94776748924256E+06	+4.94774020072937E+06	+4.94779230648041E+06 	0.488000	0.036000	0.150353	0.007963
		T	s2 	85	3:20:16 PM	0.0003321152	+8.31097315668966E-11	+1.53536313636597E-14	+6.73923731422220E-02	+2.21407413482666E+01	+4.94776657301671E+06	+0.00000000000000E+00	+4.94776774528504E+06	+4.94774042911530E+06	+4.94779271705628E+06 	0.496000	0.038000	0.147585	0.007021
		T	s2 	86	3:20:22 PM	0.0003128686	+6.13349983110064E-11	+1.53611029142738E-14	+6.73595882221965E-02	+2.21998138427734E+01	+4.94776678103172E+06	+0.00000000000000E+00	+4.94776798290253E+06	+4.94774055461884E+06	+4.94779300758362E+06 	0.456000	0.038000	0.142964	0.006177
		T	s2 	87	3:20:28 PM	0.0002941966	+8.21478098324370E-11	+1.53537161341071E-14	+6.73919818718379E-02	+2.22754726409912E+01	+4.94776727730435E+06	+0.00000000000000E+00	+4.94776837783814E+06	+4.94774097415924E+06	+4.94779358058930E+06 	0.448000	0.040000	0.138184	0.009630
		T	s2 	88	3:20:33 PM	0.0002760991	+6.63992487083386E-11	+1.53200674763681E-14	+6.75399878130433E-02	+2.23248310089111E+01	+4.94776772852582E+06	+0.00000000000000E+00	+4.94776873386383E+06	+4.94774142486572E+06	+4.94779403232575E+06 	0.672000	0.040000	0.134066	0.009218
		T	s2 	89	3:20:39 PM	0.0002585761	+9.08876969905822E-11	+1.53217268893073E-14	+6.75326619525556E-02	+2.23598327636719E+01	+4.94776813044209E+06	+0.00000000000000E+00	+4.94776917541504E+06	+4.94774178268433E+06	+4.94779447834015E+06 	0.456000	0.036000	0.130543	0.008852
		T	s2 	90	3:20:44 PM	0.0002416276	+7.89819905943264E-11	+1.53134784612743E-14	+6.75690252743917E-02	+2.23903675079346E+01	+4.94776858317024E+06	+0.00000000000000E+00	+4.94776956977844E+06	+4.94774221363068E+06	+4.94779495285034E+06 	0.440000	0.040000	0.125402	0.007266
		T	s2 	91	3:20:50 PM	0.0002252536	+6.44742440023300E-11	+1.53004680619266E-14	+6.76264693294114E-02	+2.23955440521240E+01	+4.94776901131288E+06	+0.00000000000000E+00	+4.94776996326447E+06	+4.94774265808106E+06	+4.94779536468506E+06 	0.408000	0.042000	0.122057	0.007226
		T	s2 	92	3:20:56 PM	0.0002094542	+7.76911864543844E-11	+1.53111294301175E-14	+6.75793751070439E-02	+2.24338703155518E+01	+4.94776919073682E+06	+0.00000000000000E+00	+4.94777019645691E+06	+4.94774277400971E+06	+4.94779560760498E+06 	0.416000	0.094000	0.117229	0.006127
		T	s2 	93	3:21:01 PM	0.0001942293	+8.67403520433876E-11	+1.52962146205639E-14	+6.76452633980342E-02	+2.24269313812256E+01	+4.94776941086411E+06	+0.00000000000000E+00	+4.94777037784577E+06	+4.94774302803040E+06	+4.94779579383850E+06 	0.384000	0.040000	0.113313	0.007353
		T	s2 	94	3:21:07 PM	0.0001795789	+6.42859512896154E-11	+1.53205824485379E-14	+6.75376667278025E-02	+2.24592151641846E+01	+4.94776959141330E+06	+0.00000000000000E+00	+4.94777052005768E+06	+4.94774312850952E+06	+4.94779605445862E+06 	0.376000	0.036000	0.108510	0.008673
		T	s2 	95	3:21:13 PM	0.0001655031	+7.41411477899856E-11	+1.53170685827130E-14	+6.75531541899577E-02	+2.24573383331299E+01	+4.94776982040963E+06	+0.00000000000000E+00	+4.94777076862335E+06	+4.94774336578369E+06	+4.94779627517700E+06 	0.376000	0.034000	0.103687	0.006869
		T	s2 	96	3:21:18 PM	0.0001520017	+8.68315769437770E-11	+1.53319869993336E-14	+6.74874161191087E-02	+2.24524688720703E+01	+4.94777008137296E+06	+0.00000000000000E+00	+4.94777108974457E+06	+4.94774360671997E+06	+4.94779655616760E+06 	0.352000	0.040000	0.099779	0.009127
		T	s2 	97	3:21:23 PM	0.0001390749	+1.02271019947457E-10	+1.53104437414977E-14	+6.75823701552195E-02	+2.23792552947998E+01	+4.94777034527437E+06	+0.00000000000000E+00	+4.94777124217987E+06	+4.94774399402619E+06	+4.94779669666290E+06 	0.360000	0.032000	0.095751	0.006528
		T	s2 	98	3:21:29 PM	0.0001267227	+1.15859875516097E-10	+1.52973866130518E-14	+6.76400489422357E-02	+2.24441547393799E+01	+4.94777057715046E+06	+0.00000000000000E+00	+4.94777151844025E+06	+4.94774417201996E+06	+4.94779698242188E+06 	0.344000	0.034000	0.091614	0.007294
		T	s2 	99	3:21:35 PM	0.0001149449	+6.23367868598077E-11	+1.53005996165541E-14	+6.76258369785396E-02	+2.24142990112305E+01	+4.94777087326649E+06	+0.00000000000000E+00	+4.94777182598114E+06	+4.94774449771881E+06	+4.94779724895477E+06 	0.320000	0.042000	0.088225	0.007508
		T	s2 	100	3:21:40 PM	0.0001037417	+8.07824993848127E-11	+1.53185162000527E-14	+6.75467349232111E-02	+2.23376979827881E+01	+4.94777111752187E+06	+0.00000000000000E+00	+4.94777215541840E+06	+4.94774480133057E+06	+4.94779743385315E+06 	0.336000	0.036000	0.084159	0.005698
		T	s2 	101	3:21:45 PM	0.0000931130	+7.04020765085576E-11	+1.53281503885347E-14	+6.75042703706474E-02	+2.23669357299805E+01	+4.94777146437295E+06	+0.00000000000000E+00	+4.94777251132965E+06	+4.94774509716034E+06	+4.94779783172608E+06 	0.280000	0.038000	0.079703	0.005709
		T	s2 	102	3:21:51 PM	0.0000830588	+5.70637147261247E-11	+1.53226963939532E-14	+6.75282887528536E-02	+2.23256092071533E+01	+4.94777180279413E+06	+0.00000000000000E+00	+4.94777288295746E+06	+4.94774549365998E+06	+4.94779811206818E+06 	0.296000	0.088000	0.075468	0.005977
		T	s2 	103	3:21:57 PM	0.0000735791	+1.08812547856425E-10	+1.53151951280524E-14	+6.75613542707671E-02	+2.22764472961426E+01	+4.94777214419084E+06	+0.00000000000000E+00	+4.94777320133209E+06	+4.94774590583801E+06	+4.94779838268280E+06 	0.288000	0.034000	0.070503	0.009088
		T	s2 	104	3:22:02 PM	0.0000646740	+2.08899728790781E-11	+1.52939443547906E-14	+6.76552213247214E-02	+2.22425823211670E+01	+4.94777246342418E+06	+0.00000000000000E+00	+4.94777351890564E+06	+4.94774630130768E+06	+4.94779862567902E+06 	0.264000	0.034000	0.067318	0.006680
		T	s2 	105	3:22:08 PM	0.0000563434	+7.29455606256008E-11	+1.53259196483892E-14	+6.75140594500920E-02	+2.21736965179443E+01	+4.94777279810679E+06	+0.00000000000000E+00	+4.94777383323670E+06	+4.94774666248322E+06	+4.94779893386841E+06 	0.248000	0.036000	0.061373	0.010348
		T	s2 	106	3:22:13 PM	0.0000485873	+2.15606104323636E-11	+1.53344391893706E-14	+6.74765435231758E-02	+2.21665019989014E+01	+4.94777302979239E+06	+0.00000000000000E+00	+4.94777418312073E+06	+4.94774688812256E+06	+4.94779917160034E+06 	0.224000	0.036000	0.058617	0.006536
		T	s2 	107	3:22:18 PM	0.0000414058	+7.53894369688982E-11	+1.53238710555622E-14	+6.75230682496034E-02	+2.21009292602539E+01	+4.94777341767131E+06	+0.00000000000000E+00	+4.94777444202423E+06	+4.94774737129212E+06	+4.94779946418762E+06 	0.248000	0.036000	0.054685	0.006950
		T	s2 	108	3:22:24 PM	0.0000347987	+4.87964995293929E-11	+1.53394328181076E-14	+6.74545614839025E-02	+2.20808830261230E+01	+4.94777360171137E+06	+0.00000000000000E+00	+4.94777477966309E+06	+4.94774755252838E+06	+4.94779965103150E+06 	0.192000	0.038000	0.050669	0.008675
		T	s2 	109	3:22:29 PM	0.0000287662	+7.70166188318479E-11	+1.53116646088348E-14	+6.75768834914542E-02	+2.21073188781738E+01	+4.94777393362826E+06	+0.00000000000000E+00	+4.94777507263184E+06	+4.94774790046692E+06	+4.94779996692658E+06 	0.216000	0.038000	0.046761	0.007823
		T	s2 	110	3:22:35 PM	0.0000233082	+1.33765076016084E-10	+1.53954824838470E-14	+6.72089643786887E-02	+2.21380424499512E+01	+4.94777427189560E+06	+0.00000000000000E+00	+4.94777554416657E+06	+4.94774805984497E+06	+4.94780048408509E+06 	0.192000	0.034000	0.041338	0.008188
		T	s2 	111	3:22:40 PM	0.0000184248	+8.02846919363514E-11	+1.53649390601023E-14	+6.73425557095759E-02	+2.21074104309082E+01	+4.94777467648285E+06	+0.00000000000000E+00	+4.94777585659027E+06	+4.94774855262757E+06	+4.94780080047608E+06 	0.184000	0.032000	0.037607	0.007438
		T	s2 	112	3:22:45 PM	0.0000141159	+3.09996166661922E-11	+1.53904886984838E-14	+6.72307511807935E-02	+2.21298942565918E+01	+4.94777503126840E+06	+0.00000000000000E+00	+4.94777618621826E+06	+4.94774883735657E+06	+4.94780122531891E+06 	0.160000	0.042000	0.036503	0.007719
		T	s2 	113	3:22:51 PM	0.0000103814	+5.03103640489794E-11	+1.53973814137000E-14	+6.72006476454625E-02	+2.21081466674805E+01	+4.94777530190218E+06	+0.00000000000000E+00	+4.94777658294678E+06	+4.94774912200928E+06	+4.94780148193360E+06 	0.168000	0.032000	0.033774	0.006937
		T	s2 	114	3:22:57 PM	0.0000072216	+6.69335764171939E-11	+1.53874537584209E-14	+6.72439974472665E-02	+2.21538047790527E+01	+4.94777554527966E+06	+0.00000000000000E+00	+4.94777688194275E+06	+4.94774932823181E+06	+4.94780176246643E+06 	0.152000	0.032000	0.026194	0.005416
		T	s2 	115	3:23:03 PM	0.0000046362	+4.96173890982063E-11	+1.53847052870604E-14	+6.72560022671519E-02	+2.21594524383545E+01	+4.94777585032192E+06	+0.00000000000000E+00	+4.94777718574524E+06	+4.94774963127136E+06	+4.94780206951141E+06 	0.128000	0.034000	0.023330	0.007088
		T	s2 	116	3:23:08 PM	0.0000026254	+1.26661414120262E-10	+1.53972627997522E-14	+6.72011447666036E-02	+2.22172584533691E+01	+4.94777605892816E+06	+0.00000000000000E+00	+4.94777734466553E+06	+4.94774975002289E+06	+4.94780236797333E+06 	0.160000	0.040000	0.022736	0.005857
		T	s2 	117	3:23:13 PM	0.0000011890	+1.12332952292713E-10	+1.53887678409472E-14	+6.72382379559988E-02	+2.22487964630127E+01	+4.94777618439344E+06	+0.00000000000000E+00	+4.94777760505676E+06	+4.94774985267639E+06	+4.94780251625061E+06 	0.136000	0.030000	0.025345	0.009396
		T	s2 	118	3:23:18 PM	0.0000003273	+9.67202553361673E-11	+1.53699024284621E-14	+6.73207692896599E-02	+2.23448600769043E+01	+4.94777613310440E+06	+0.00000000000000E+00	+4.94777735668183E+06	+4.94774972011566E+06	+4.94780254623413E+06 	0.104000	0.032000	0.023111	0.009078
		T	s2 	119	3:23:24 PM	0.0000000400	+2.05715990301370E-10	+1.53327226730041E-14	+6.74840181075625E-02	+2.18893909454346E+01	+4.94777594395580E+06	+0.00000000000000E+00	+4.94777686798096E+06	+4.94775013195038E+06	+4.94780175609589E+06 	0.120000	0.034000	0.023067	0.005652
		B	s3	120	3:26:03 PM	0.0000000400	+1.52169642573054E-10	+1.54578909367081E-14	+6.69379649417277E-02	+2.15953102111816E+01	+4.94776153389946E+06	+0.00000000000000E+00	+4.94776238891602E+06	+4.94773586093903E+06	+4.94778720699310E+06 	0	0	0	0
		B	s3	121	3:26:05 PM	0.0000003273	+1.13047718826805E-10	+1.53903262834772E-14	+6.72318336445133E-02	+2.20646648406982E+01	+4.94776130717061E+06	+0.00000000000000E+00	+4.94776281970978E+06	+4.94773519088745E+06	+4.94778742359162E+06 	0	0	0	0
		B	s3	122	3:26:07 PM	0.0000011890	+6.84151013243363E-11	+1.53926583251846E-14	+6.72216399133731E-02	+2.20139179229736E+01	+4.94776159689716E+06	+0.00000000000000E+00	+4.94776297954560E+06	+4.94773553672791E+06	+4.94778765720368E+06 	0	0	0	0
		B	s3	123	3:26:09 PM	0.0000026254	+6.03350071967313E-11	+1.53791839145192E-14	+6.72805348518154E-02	+2.18768463134766E+01	+4.94776163489252E+06	+0.00000000000000E+00	+4.94776306255341E+06	+4.94773575965882E+06	+4.94778751026154E+06 	0	0	0	0
		B	s3	124	3:26:12 PM	0.0000046362	+3.04471751680012E-11	+1.54007727672178E-14	+6.71862186323836E-02	+2.17831172943115E+01	+4.94776171404788E+06	+0.00000000000000E+00	+4.94776305271149E+06	+4.94773591350556E+06	+4.94778751472473E+06 	0	0	0	0
		B	s3	125	3:26:14 PM	0.0000072216	+9.94878240207772E-11	+1.53833169609789E-14	+6.72624563091156E-02	+2.16572093963623E+01	+4.94776171708149E+06	+0.00000000000000E+00	+4.94776301761627E+06	+4.94773609474182E+06	+4.94778733955383E+06 	0	0	0	0
		B	s3	126	3:26:16 PM	0.0000103814	+6.68199602998080E-11	+1.53864626218361E-14	+6.72487037715290E-02	+2.16097450256348E+01	+4.94776176018783E+06	+0.00000000000000E+00	+4.94776299011231E+06	+4.94773618877411E+06	+4.94778733173371E+06 	0	0	0	0
		B	s3	127	3:26:18 PM	0.0000141159	+6.75937207465158E-11	+1.53979573740706E-14	+6.71985020610745E-02	+2.15014038085937E+01	+4.94776175208216E+06	+0.00000000000000E+00	+4.94776299354554E+06	+4.94773628986359E+06	+4.94778721443177E+06 	0	0	0	0
		B	s3	128	3:26:21 PM	0.0000184248	+1.00832282099343E-10	+1.54030157346470E-14	+6.71764344251946E-02	+2.15219402313232E+01	+4.94776173747170E+06	+0.00000000000000E+00	+4.94776295951843E+06	+4.94773624256134E+06	+4.94778723251343E+06 	0	0	0	0
		B	s3	129	3:26:23 PM	0.0000233082	+6.64181732260511E-11	+1.53676885160099E-14	+6.73308607117204E-02	+2.14275112152100E+01	+4.94776169327931E+06	+0.00000000000000E+00	+4.94776299213410E+06	+4.94773636844635E+06	+4.94778701824188E+06 	0	0	0	0
		B	s3	130	3:26:25 PM	0.0000287662	+1.03729294888471E-10	+1.53827811844360E-14	+6.72647993797353E-02	+2.13381290435791E+01	+4.94776170441863E+06	+0.00000000000000E+00	+4.94776299026490E+06	+4.94773646045685E+06	+4.94778694850922E+06 	0	0	0	0
		B	s3	131	3:26:27 PM	0.0000347987	+9.91190498515787E-11	+1.53651634207059E-14	+6.73419254089107E-02	+2.12830696105957E+01	+4.94776170752809E+06	+0.00000000000000E+00	+4.94776291267395E+06	+4.94773655754090E+06	+4.94778685764313E+06 	0	0	0	0
		B	s3	132	3:26:29 PM	0.0000414058	+6.09235781869225E-11	+1.53350425936957E-14	+6.74741974524373E-02	+2.12803020477295E+01	+4.94776170050932E+06	+0.00000000000000E+00	+4.94776290302277E+06	+4.94773660308838E+06	+4.94778679805756E+06 	0	0	0	0
		B	s3	133	3:26:31 PM	0.0000485873	+6.36012835874999E-11	+1.53913331907135E-14	+6.72274249401109E-02	+2.12439174652100E+01	+4.94776168879795E+06	+0.00000000000000E+00	+4.94776296646118E+06	+4.94773654232025E+06	+4.94778683540345E+06 	0	0	0	0
		B	s3	134	3:26:34 PM	0.0000563434	+1.02057285407920E-10	+1.53799638686685E-14	+6.72771227164748E-02	+2.11940727233887E+01	+4.94776164155331E+06	+0.00000000000000E+00	+4.94776293514252E+06	+4.94773657260895E+06	+4.94778671062470E+06 	0	0	0	0
		B	s3	135	3:26:35 PM	0.0000646740	+6.33044091144433E-11	+1.53917081247825E-14	+6.72257892464439E-02	+2.11796092987061E+01	+4.94776161771145E+06	+0.00000000000000E+00	+4.94776291534424E+06	+4.94773654674530E+06	+4.94778668880463E+06 	0	0	0	0
		B	s3	136	3:26:38 PM	0.0000735791	+6.17178751201895E-11	+1.53726579789778E-14	+6.73090956773961E-02	+2.11812362670898E+01	+4.94776166509013E+06	+0.00000000000000E+00	+4.94776287155151E+06	+4.94773662322998E+06	+4.94778670707703E+06 	0	0	0	0
		B	s3	137	3:26:39 PM	0.0000830588	+9.74811102964802E-11	+1.53868854444030E-14	+6.72468594417484E-02	+2.11687755584717E+01	+4.94776162682868E+06	+0.00000000000000E+00	+4.94776287994385E+06	+4.94773657653809E+06	+4.94778667724610E+06 	0	0	0	0
		B	s3	138	3:26:41 PM	0.0000931130	+1.90784601074584E-11	+1.53897383057198E-14	+6.72343933396773E-02	+2.11479949951172E+01	+4.94776163659440E+06	+0.00000000000000E+00	+4.94776282062531E+06	+4.94773660625458E+06	+4.94778666706085E+06 	0	0	0	0
		B	s3	139	3:26:44 PM	0.0001037417	+5.81246904413985E-11	+1.53857015715169E-14	+6.72520341232386E-02	+2.10991573333740E+01	+4.94776161637683E+06	+0.00000000000000E+00	+4.94776285037995E+06	+4.94773665039063E+06	+4.94778658248902E+06 	0	0	0	0
		B	s3	140	3:26:45 PM	0.0001149449	+9.82500704260261E-11	+1.53932440741803E-14	+6.72190818811465E-02	+2.11229591369629E+01	+4.94776160025953E+06	+0.00000000000000E+00	+4.94776286453247E+06	+4.94773659385681E+06	+4.94778660678864E+06 	0	0	0	0
		B	s3	141	3:26:47 PM	0.0001267227	+2.43623367591954E-11	+1.54067005943406E-14	+6.71603701372026E-02	+2.10948028564453E+01	+4.94776164647465E+06	+0.00000000000000E+00	+4.94776291542053E+06	+4.94773665157318E+06	+4.94778664150238E+06 	0	0	0	0
		B	s3	142	3:26:49 PM	0.0001390749	+6.16698457635377E-11	+1.54089009662133E-14	+6.71507806523989E-02	+2.11067752838135E+01	+4.94776161212321E+06	+0.00000000000000E+00	+4.94776287059784E+06	+4.94773659946442E+06	+4.94778662490845E+06 	0	0	0	0
		B	s3	143	3:26:52 PM	0.0001520017	+6.16909092665744E-11	+1.54056415802470E-14	+6.71649863868480E-02	+2.10843238830566E+01	+4.94776166438472E+06	+0.00000000000000E+00	+4.94776289840698E+06	+4.94773668361664E+06	+4.94778664527893E+06 	0	0	0	0
		B	s3	144	3:26:54 PM	0.0001655031	+6.23182244240722E-11	+1.53752382679134E-14	+6.72978004549983E-02	+2.10670928955078E+01	+4.94776164075303E+06	+0.00000000000000E+00	+4.94776291992188E+06	+4.94773672966004E+06	+4.94778655197144E+06 	0	0	0	0
		B	s3	145	3:26:56 PM	0.0001795789	+6.47759266470020E-11	+1.53956998179265E-14	+6.72083594612280E-02	+2.10601482391357E+01	+4.94776161536609E+06	+0.00000000000000E+00	+4.94776291385651E+06	+4.94773667934418E+06	+4.94778655151367E+06 	0	0	0	0
		B	s3	146	3:26:58 PM	0.0001942293	+6.12673046950541E-11	+1.54051474336530E-14	+6.71671413785553E-02	+2.10319061279297E+01	+4.94776164378568E+06	+0.00000000000000E+00	+4.94776292804718E+06	+4.94773672592163E+06	+4.94778656177521E+06 	0	0	0	0
		B	s3	147	3:27:01 PM	0.0002094542	+6.27104600765378E-11	+1.54057638721732E-14	+6.71644549373414E-02	+2.10155944824219E+01	+4.94776160138541E+06	+0.00000000000000E+00	+4.94776291965485E+06	+4.94773670185089E+06	+4.94778650104523E+06 	0	0	0	0
		B	s3	148	3:27:02 PM	0.0002252536	+6.14197158152998E-11	+1.53945146636576E-14	+6.72135333266267E-02	+2.10038700103760E+01	+4.94776162284324E+06	+0.00000000000000E+00	+4.94776284816742E+06	+4.94773675537109E+06	+4.94778649044037E+06 	0	0	0	0
		B	s3	149	3:27:04 PM	0.0002416276	+9.87678775611535E-11	+1.53997438143124E-14	+6.71907103883677E-02	+2.09768810272217E+01	+4.94776161736927E+06	+0.00000000000000E+00	+4.94776285587311E+06	+4.94773677341461E+06	+4.94778646144867E+06 	0	0	0	0
		B	s3	150	3:27:07 PM	0.0002585761	+1.03614662320037E-10	+1.54263591992519E-14	+6.70747844143572E-02	+2.10356063842773E+01	+4.94776163911248E+06	+0.00000000000000E+00	+4.94776293495178E+06	+4.94773668254852E+06	+4.94778659580231E+06 	0	0	0	0
		B	s3	151	3:27:08 PM	0.0002760991	+6.49010151187068E-11	+1.54020345687819E-14	+6.71807155176123E-02	+2.10401821136475E+01	+4.94776167457026E+06	+0.00000000000000E+00	+4.94776293758393E+06	+4.94773675193787E+06	+4.94778659732819E+06 	0	0	0	0
		B	s3	152	3:27:10 PM	0.0002941966	+6.55463462151596E-11	+1.54035924026629E-14	+6.71739218490543E-02	+2.10439472198486E+01	+4.94776165187277E+06	+0.00000000000000E+00	+4.94776291492462E+06	+4.94773672225952E+06	+4.94778658161163E+06 	0	0	0	0
		B	s3	153	3:27:12 PM	0.0003128686	+6.44076381876053E-11	+1.53961835919608E-14	+6.72062457679681E-02	+2.10505619049072E+01	+4.94776168506066E+06	+0.00000000000000E+00	+4.94776294410706E+06	+4.94773675960541E+06	+4.94778661064148E+06 	0	0	0	0
		B	s3	154	3:27:14 PM	0.0003321152	+1.01472641311667E-10	+1.53978748065187E-14	+6.71988646983478E-02	+2.10509719848633E+01	+4.94776166737952E+06	+0.00000000000000E+00	+4.94776290279389E+06	+4.94773673870087E+06	+4.94778659618378E+06 	0	0	0	0
		B	s3	155	3:27:16 PM	0.0003519363	+1.02067546375647E-10	+1.53957172301491E-14	+6.72082832443127E-02	+2.10432262420654E+01	+4.94776162293836E+06	+0.00000000000000E+00	+4.94776290954590E+06	+4.94773670692444E+06	+4.94778653907776E+06 	0	0	0	0
		B	s3	156	3:27:18 PM	0.0003723319	+6.00990437333757E-11	+1.54268508162411E-14	+6.70726470253766E-02	+2.10410289764404E+01	+4.94776163451573E+06	+0.00000000000000E+00	+4.94776287750244E+06	+4.94773667072296E+06	+4.94778659843445E+06 	0	0	0	0
		B	s3	157	3:27:21 PM	0.0003933021	+6.08092560945655E-11	+1.54065992366381E-14	+6.71608127845152E-02	+2.10518169403076E+01	+4.94776161666305E+06	+0.00000000000000E+00	+4.94776289821625E+06	+4.94773667285919E+06	+4.94778656059265E+06 	0	0	0	0
		B	s3	158	3:27:23 PM	0.0004148467	+6.48052555726491E-11	+1.54247801662273E-14	+6.70816517716111E-02	+2.10395126342773E+01	+4.94776160521888E+06	+0.00000000000000E+00	+4.94776292747498E+06	+4.94773664657593E+06	+4.94778656398773E+06 	0	0	0	0
		B	s3	159	3:27:25 PM	0.0004369659	+6.25847450960916E-11	+1.54161237079257E-14	+6.71193187764465E-02	+2.10344829559326E+01	+4.94776162988100E+06	+0.00000000000000E+00	+4.94776291538239E+06	+4.94773669120789E+06	+4.94778656867981E+06 	0	0	0	0
		B	s3	160	3:27:27 PM	0.0004596596	+6.51829721745872E-11	+1.54160065717900E-14	+6.71198290236802E-02	+2.10134716033936E+01	+4.94776162061141E+06	+0.00000000000000E+00	+4.94776292030335E+06	+4.94773670703888E+06	+4.94778653430939E+06 	0	0	0	0
		B	s3	161	3:27:28 PM	0.0004829279	+6.13204314218738E-11	+1.54483628557440E-14	+6.69792475335104E-02	+2.10185680389404E+01	+4.94776163405792E+06	+0.00000000000000E+00	+4.94776290588379E+06	+4.94773666213990E+06	+4.94778660610199E+06 	0	0	0	0
		B	s3	162	3:27:31 PM	0.0005067707	+6.55848425471592E-11	+1.54408908833544E-14	+6.70116597094510E-02	+2.10135288238525E+01	+4.94776162022974E+06	+0.00000000000000E+00	+4.94776293422699E+06	+4.94773666637421E+06	+4.94778657421112E+06 	0	0	0	0
		B	s3	163	3:27:33 PM	0.0005311880	+6.53195050984066E-11	+1.54413668387726E-14	+6.70095936682371E-02	+2.10045452117920E+01	+4.94776163920791E+06	+0.00000000000000E+00	+4.94776293403626E+06	+4.94773669525147E+06	+4.94778658329010E+06 	0	0	0	0
		B	s3	164	3:27:35 PM	0.0005561798	+6.44858736651345E-11	+1.54237121499428E-14	+6.70862955129716E-02	+2.09984226226807E+01	+4.94776165439058E+06	+0.00000000000000E+00	+4.94776291721344E+06	+4.94773674621582E+06	+4.94778656269074E+06 	0	0	0	0
		B	s3	165	3:27:37 PM	0.0005817461	+2.77564105945600E-11	+1.54530138540659E-14	+6.69590883168018E-02	+2.10074272155762E+01	+4.94776163474460E+06	+0.00000000000000E+00	+4.94776295623779E+06	+4.94773666854859E+06	+4.94778660106659E+06 	0	0	0	0
		B	s3	166	3:27:40 PM	0.0006078870	+6.97364019674959E-11	+1.54573708223337E-14	+6.69402147800376E-02	+2.09959545135498E+01	+4.94776162669562E+06	+0.00000000000000E+00	+4.94776296787262E+06	+4.94773666709900E+06	+4.94778658641815E+06 	0	0	0	0
		B	s3	167	3:27:42 PM	0.0006346024	+6.77034876483593E-11	+1.54483078466703E-14	+6.69794850707314E-02	+2.09889106750488E+01	+4.94776166972552E+06	+0.00000000000000E+00	+4.94776299915314E+06	+4.94773673313141E+06	+4.94778660644531E+06 	0	0	0	0
		B	s3	168	3:27:44 PM	0.0006618923	+3.20656683903056E-11	+1.54637778192357E-14	+6.69124791366598E-02	+2.09811286926270E+01	+4.94776165557292E+06	+0.00000000000000E+00	+4.94776301338196E+06	+4.94773670326233E+06	+4.94778660800934E+06 	0	0	0	0
		B	s3	169	3:27:46 PM	0.0006897567	+6.88381579766716E-11	+1.54651276817690E-14	+6.69066375008711E-02	+2.09779338836670E+01	+4.94776170098690E+06	+0.00000000000000E+00	+4.94776300807953E+06	+4.94773675029755E+06	+4.94778665180207E+06 	0	0	0	0
		B	s3	170	3:27:48 PM	0.0007181957	+6.85705519467848E-11	+1.54573314557421E-14	+6.69403841810074E-02	+2.09801235198975E+01	+4.94776166667374E+06	+0.00000000000000E+00	+4.94776301422119E+06	+4.94773672595978E+06	+4.94778660751343E+06 	0	0	0	0
		B	s3	171	3:27:50 PM	0.0007472092	+3.04973623497170E-11	+1.54738002198186E-14	+6.68691391153941E-02	+2.09767227172852E+01	+4.94776168225667E+06	+0.00000000000000E+00	+4.94776303096771E+06	+4.94773671901703E+06	+4.94778664562226E+06 	0	0	0	0
		B	s3	172	3:27:51 PM	0.0007767972	+7.28698637086278E-11	+1.54811848271774E-14	+6.68372423902174E-02	+2.09765529632568E+01	+4.94776167451277E+06	+0.00000000000000E+00	+4.94776305427551E+06	+4.94773669956208E+06	+4.94778664958954E+06 	0	0	0	0
		B	s3	173	3:27:54 PM	0.0008069597	+7.22268320188903E-11	+1.54689078636524E-14	+6.68902877448908E-02	+2.09814491271973E+01	+4.94776168570898E+06	+0.00000000000000E+00	+4.94776304981232E+06	+4.94773672473908E+06	+4.94778664680481E+06 	0	0	0	0
		B	s3	174	3:27:56 PM	0.0008376968	+7.20357600870135E-11	+1.54891013087614E-14	+6.68030808378314E-02	+2.09751663208008E+01	+4.94776171264062E+06	+0.00000000000000E+00	+4.94776305347443E+06	+4.94773672657013E+06	+4.94778669883728E+06 	0	0	0	0
		B	s3	175	3:27:58 PM	0.0008690084	+7.39389337288428E-11	+1.54726455894927E-14	+6.68741286206926E-02	+2.09861259460449E+01	+4.94776170207397E+06	+0.00000000000000E+00	+4.94776310199738E+06	+4.94773672950745E+06	+4.94778667476654E+06 	0	0	0	0
		B	s3	176	3:28:00 PM	0.0009008945	+7.52620467583732E-11	+1.54839172752855E-14	+6.68254460571879E-02	+2.09843349456787E+01	+4.94776173224815E+06	+0.00000000000000E+00	+4.94776310981751E+06	+4.94773674362183E+06	+4.94778672100067E+06 	0	0	0	0
		B	s3	177	3:28:02 PM	0.0009333552	+3.98663177046004E-11	+1.54665560878173E-14	+6.69004574934407E-02	+2.09900588989258E+01	+4.94776173346896E+06	+0.00000000000000E+00	+4.94776312992096E+06	+4.94773676605225E+06	+4.94778670101166E+06 	0	0	0	0
		B	s3	178	3:28:04 PM	0.0009663903	+7.58302733528273E-11	+1.54882279065687E-14	+6.68068473757986E-02	+2.09978218078613E+01	+4.94776173406001E+06	+0.00000000000000E+00	+4.94776314411164E+06	+4.94773672241211E+06	+4.94778674583435E+06 	0	0	0	0
		B	s3	179	3:28:06 PM	0.0010000000	+7.92792746401855E-11	+1.54899613197179E-14	+6.67993709009884E-02	+2.10059909820557E+01	+4.94776174945225E+06	+0.00000000000000E+00	+4.94776314144135E+06	+4.94773672527313E+06	+4.94778677375794E+06 	0	0	0	0

