	10/4/2022	Test # 004 (today) Location 5 Ramp 1	Tip #H10	Box 5b Xtal 1		DLC	200 uN	2.5%		Points/Segment: 59	
		Seg 	ID Tag	Number	Time	Power	C0	C1	L1	R1	fs	fa	fr	f1	f2	Ch1 (Pk-Pk)	Ch2 (Pk-Pk)	Ch1 (RMS)	Ch2 (RMS)	
						uW	F	F	H	Ohms	Hz	Hz	Hz	Hz	Hz	V	V	V	V	
		B	s1	0	2:28:35 PM	0.0000000400	-5.46849496119399E-11	+1.53297152855516E-14	+6.74976204387717E-02	+2.03466396331787E+01	+4.94776262847808E+06	+0.00000000000000E+00	+4.94776442344666E+06	+4.94773864051819E+06	+4.94778661655426E+06 	0	0	0	0
		B	s1	1	2:28:36 PM	0.0000002698	+2.14394964512399E-11	+1.54656078875399E-14	+6.69045221250249E-02	+2.05980358123779E+01	+4.94776310351982E+06	+0.00000000000000E+00	+4.94776429634094E+06	+4.94773860389710E+06	+4.94778760326386E+06 	0	0	0	0
		B	s1	2	2:28:39 PM	0.0000009592	+1.32201679634362E-10	+1.53539740593310E-14	+6.73909626569325E-02	+2.05899543762207E+01	+4.94776313369500E+06	+0.00000000000000E+00	+4.94776448726654E+06	+4.94773882045746E+06	+4.94778744705200E+06 	0	0	0	0
		B	s1	3	2:28:41 PM	0.0000021083	+1.26921432076019E-10	+1.53703081262740E-14	+6.73193429424593E-02	+2.04696464538574E+01	+4.94776324985310E+06	+0.00000000000000E+00	+4.94776444602967E+06	+4.94773905296326E+06	+4.94778744686127E+06 	0	0	0	0
		B	s1	4	2:28:43 PM	0.0000037169	+1.28515925628954E-10	+1.53984796716532E-14	+6.71961814194895E-02	+2.04227428436279E+01	+4.94776327443887E+06	+0.00000000000000E+00	+4.94776442581177E+06	+4.94773908874512E+06	+4.94778746025086E+06 	0	0	0	0
		B	s1	5	2:28:45 PM	0.0000057852	+5.15166215334879E-11	+1.53770229880229E-14	+6.72899457428952E-02	+2.03217296600342E+01	+4.94776325303917E+06	+0.00000000000000E+00	+4.94776450454712E+06	+4.94773922050476E+06	+4.94778728569031E+06 	0	0	0	0
		B	s1	6	2:28:47 PM	0.0000083131	+8.87555921619027E-11	+1.54031640828059E-14	+6.71757449546439E-02	+2.02574539184570E+01	+4.94776330236338E+06	+0.00000000000000E+00	+4.94776445156098E+06	+4.94773930511475E+06	+4.94778729972840E+06 	0	0	0	0
		B	s1	7	2:28:50 PM	0.0000113006	+4.96456002191075E-11	+1.53488322236079E-14	+6.74135332717763E-02	+2.01550750732422E+01	+4.94776332658770E+06	+0.00000000000000E+00	+4.94776450595856E+06	+4.94773953483582E+06	+4.94778711845398E+06 	0	0	0	0
		B	s1	8	2:28:52 PM	0.0000147477	+9.55670451079294E-11	+1.53917981687420E-14	+6.72253507983126E-02	+2.01648273468018E+01	+4.94776327991450E+06	+0.00000000000000E+00	+4.94776452690125E+06	+4.94773941001892E+06	+4.94778714992523E+06 	0	0	0	0
		B	s1	9	2:28:54 PM	0.0000186544	+8.83933939927135E-11	+1.53765283882386E-14	+6.72921093213299E-02	+2.00541114807129E+01	+4.94776328475991E+06	+0.00000000000000E+00	+4.94776440917969E+06	+4.94773956947327E+06	+4.94778700016022E+06 	0	0	0	0
		B	s1	10	2:28:56 PM	0.0000230208	+5.02609619100814E-11	+1.53991273602810E-14	+6.71933543765537E-02	+2.01072845458984E+01	+4.94776330263130E+06	+0.00000000000000E+00	+4.94776451637268E+06	+4.94773948951721E+06	+4.94778711585999E+06 	0	0	0	0
		B	s1	11	2:28:58 PM	0.0000278467	+4.63886563614405E-11	+1.53747441016340E-14	+6.72999182904644E-02	+1.99843826293945E+01	+4.94776330270847E+06	+0.00000000000000E+00	+4.94776445690155E+06	+4.94773967262268E+06	+4.94778693290711E+06 	0	0	0	0
		B	s1	12	2:29:00 PM	0.0000331323	+9.15538706551789E-11	+1.54053226872242E-14	+6.71663337949735E-02	+1.99756088256836E+01	+4.94776324520173E+06	+0.00000000000000E+00	+4.94776443496704E+06	+4.94773957851410E+06	+4.94778691200257E+06 	0	0	0	0
		B	s1	13	2:29:02 PM	0.0000388775	+4.08181463912240E-11	+1.53800689457722E-14	+6.72766187343583E-02	+1.99716911315918E+01	+4.94776327211463E+06	+0.00000000000000E+00	+4.94776441791535E+06	+4.94773964885712E+06	+4.94778689548493E+06 	0	0	0	0
		B	s1	14	2:29:05 PM	0.0000450823	+4.47401218389453E-11	+1.53821110198602E-14	+6.72676863677859E-02	+1.99715385437012E+01	+4.94776330753408E+06	+0.00000000000000E+00	+4.94776447608948E+06	+4.94773968132019E+06	+4.94778693386078E+06 	0	0	0	0
		B	s1	15	2:29:06 PM	0.0000517467	+3.31571377600902E-12	+1.53634394063421E-14	+6.73494389927014E-02	+1.99235401153564E+01	+4.94776329496506E+06	+0.00000000000000E+00	+4.94776442134857E+06	+4.94773975414276E+06	+4.94778683589935E+06 	0	0	0	0
		B	s1	16	2:29:09 PM	0.0000588707	+8.38594237452781E-11	+1.53991505269805E-14	+6.71932544876385E-02	+1.99129295349121E+01	+4.94776325853450E+06	+0.00000000000000E+00	+4.94776442958832E+06	+4.94773967556000E+06	+4.94778684162140E+06 	0	0	0	0
		B	s1	17	2:29:11 PM	0.0000664544	+4.33289258264373E-11	+1.53445907308457E-14	+6.74321703400401E-02	+1.98949203491211E+01	+4.94776322097930E+06	+0.00000000000000E+00	+4.94776435043335E+06	+4.94773974281311E+06	+4.94778669925690E+06 	0	0	0	0
		B	s1	18	2:29:12 PM	0.0000744976	+4.33550379223648E-11	+1.53904261500020E-14	+6.72313455057252E-02	+1.99122772216797E+01	+4.94776321617235E+06	+0.00000000000000E+00	+4.94776437961579E+06	+4.94773964733124E+06	+4.94778678512573E+06 	0	0	0	0
		B	s1	19	2:29:15 PM	0.0000830005	+8.44064112780428E-11	+1.53971381738026E-14	+6.72020383840086E-02	+1.98802738189697E+01	+4.94776318607452E+06	+0.00000000000000E+00	+4.94776439910889E+06	+4.94773964485169E+06	+4.94778672740936E+06 	0	0	0	0
		B	s1	20	2:29:17 PM	0.0000919630	+8.24374658542658E-11	+1.53727911249171E-14	+6.73084714214462E-02	+1.98689594268799E+01	+4.94776318239358E+06	+0.00000000000000E+00	+4.94776432872772E+06	+4.94773969177246E+06	+4.94778667312622E+06 	0	0	0	0
		B	s1	21	2:29:19 PM	0.0001013851	+4.04105025787087E-11	+1.53537857495366E-14	+6.73917881048993E-02	+1.98688240051270E+01	+4.94776317344825E+06	+0.00000000000000E+00	+4.94776432750702E+06	+4.94773971202851E+06	+4.94778663497925E+06 	0	0	0	0
		B	s1	22	2:29:21 PM	0.0001112668	+7.98648394019250E-11	+1.53631317221440E-14	+6.73507920138172E-02	+1.98344116210938E+01	+4.94776314127141E+06	+0.00000000000000E+00	+4.94776433742523E+06	+4.94773970623017E+06	+4.94778657642365E+06 	0	0	0	0
		B	s1	23	2:29:24 PM	0.0001216082	+8.07922749227059E-11	+1.54094816591791E-14	+6.71482067419398E-02	+1.98507652282715E+01	+4.94776321075569E+06	+0.00000000000000E+00	+4.94776431556702E+06	+4.94773968563080E+06	+4.94778673599243E+06 	0	0	0	0
		B	s1	24	2:29:25 PM	0.0001324091	+5.23121530415081E-11	+1.54106559214797E-14	+6.71430877531532E-02	+1.98782196044922E+01	+4.94776330009574E+06	+0.00000000000000E+00	+4.94776454475403E+06	+4.94773974063874E+06	+4.94778685966492E+06 	0	0	0	0
		B	s1	25	2:29:28 PM	0.0001436697	+7.04742297439939E-12	+1.53961419873017E-14	+6.72063844369959E-02	+1.98691883087158E+01	+4.94776326572547E+06	+0.00000000000000E+00	+4.94776447738648E+06	+4.94773973915100E+06	+4.94778679241181E+06 	0	0	0	0
		B	s1	26	2:29:30 PM	0.0001553899	+4.98929179143275E-11	+1.53951144774018E-14	+6.72108690244963E-02	+1.98586254119873E+01	+4.94776330036299E+06	+0.00000000000000E+00	+4.94776448467255E+06	+4.94773978786469E+06	+4.94778681297303E+06 	0	0	0	0
		B	s1	27	2:29:32 PM	0.0001675697	+1.13425125501131E-11	+1.53937669397361E-14	+6.72167519807099E-02	+1.98485221862793E+01	+4.94776332025670E+06	+0.00000000000000E+00	+4.94776452770233E+06	+4.94773982177735E+06	+4.94778681884766E+06 	0	0	0	0
		B	s1	28	2:29:34 PM	0.0001802091	+5.11182407893777E-11	+1.53848484569754E-14	+6.72557172712097E-02	+1.98090724945068E+01	+4.94776331154040E+06	+0.00000000000000E+00	+4.94776447189331E+06	+4.94773987335205E+06	+4.94778674983978E+06 	0	0	0	0
		B	s1	29	2:29:36 PM	0.0001933081	+5.10523707548328E-11	+1.53753028535315E-14	+6.72974720354823E-02	+1.97846584320068E+01	+4.94776332172585E+06	+0.00000000000000E+00	+4.94776443004608E+06	+4.94773992694855E+06	+4.94778671661377E+06 	0	0	0	0
		B	s1	30	2:29:38 PM	0.0002068668	+9.60638437812509E-11	+1.53707751896538E-14	+6.73172956157329E-02	+1.97918739318848E+01	+4.94776331344795E+06	+0.00000000000000E+00	+4.94776444740296E+06	+4.94773991703034E+06	+4.94778670997620E+06 	0	0	0	0
		B	s1	31	2:29:41 PM	0.0002208850	+4.98713631064856E-11	+1.54157470290267E-14	+6.71209132239229E-02	+1.97718296051025E+01	+4.94776331026247E+06	+0.00000000000000E+00	+4.94776450668335E+06	+4.94773986915589E+06	+4.94778675148010E+06 	0	0	0	0
		B	s1	32	2:29:43 PM	0.0002353629	+5.29516343108423E-11	+1.53955683098490E-14	+6.72088876934266E-02	+1.97924766540527E+01	+4.94776330333882E+06	+0.00000000000000E+00	+4.94776448581696E+06	+4.94773986846924E+06	+4.94778673831940E+06 	0	0	0	0
		B	s1	33	2:29:44 PM	0.0002503004	+4.92842109255107E-11	+1.53900256069873E-14	+6.72330931644604E-02	+1.97566108703613E+01	+4.94776329395491E+06	+0.00000000000000E+00	+4.94776445735932E+06	+4.94773990997315E+06	+4.94778667804718E+06 	0	0	0	0
		B	s1	34	2:29:47 PM	0.0002656975	+5.11649564653436E-11	+1.53856098405938E-14	+6.72523892100618E-02	+1.97491760253906E+01	+4.94776330400671E+06	+0.00000000000000E+00	+4.94776448085785E+06	+4.94773993553162E+06	+4.94778667259216E+06 	0	0	0	0
		B	s1	35	2:29:49 PM	0.0002815542	+5.11732362865088E-11	+1.54084040905534E-14	+6.71529006846809E-02	+1.97496566772461E+01	+4.94776328399845E+06	+0.00000000000000E+00	+4.94776447753906E+06	+4.94773988033295E+06	+4.94778668777466E+06 	0	0	0	0
		B	s1	36	2:29:51 PM	0.0002978706	+1.38342804819332E-10	+1.54134889516454E-14	+6.71307467930309E-02	+1.97578315734863E+01	+4.94776329736888E+06	+0.00000000000000E+00	+4.94776450328827E+06	+4.94773987628937E+06	+4.94778671855927E+06 	0	0	0	0
		B	s1	37	2:29:53 PM	0.0003146465	+4.95262705647487E-11	+1.54188546801010E-14	+6.71073850362354E-02	+1.97061119079590E+01	+4.94776331213201E+06	+0.00000000000000E+00	+4.94776449218750E+06	+4.94773994422913E+06	+4.94778668014527E+06 	0	0	0	0
		B	s1	38	2:29:56 PM	0.0003318821	+5.12595633174483E-11	+1.54000348929950E-14	+6.71893940945605E-02	+1.97105789184570E+01	+4.94776332250810E+06	+0.00000000000000E+00	+4.94776449020386E+06	+4.94773997783661E+06	+4.94778666728974E+06 	0	0	0	0
		B	s1	39	2:29:57 PM	0.0003495772	+5.30359021561380E-11	+1.53996166841204E-14	+6.71912193379156E-02	+1.96895179748535E+01	+4.94776330135572E+06	+0.00000000000000E+00	+4.94776448539734E+06	+4.94773998226166E+06	+4.94778662055969E+06 	0	0	0	0
		B	s1	40	2:29:59 PM	0.0003677320	+9.45465666648291E-11	+1.54109154255799E-14	+6.71419575808106E-02	+1.97015552520752E+01	+4.94776328356001E+06	+0.00000000000000E+00	+4.94776447399140E+06	+4.94773993309021E+06	+4.94778663414002E+06 	0	0	0	0
		B	s1	41	2:30:01 PM	0.0003863465	+9.42488668294159E-11	+1.54036986486753E-14	+6.71734132091815E-02	+1.96809673309326E+01	+4.94776332063904E+06	+0.00000000000000E+00	+4.94776447727203E+06	+4.94774000549317E+06	+4.94778663589478E+06 	0	0	0	0
		B	s1	42	2:30:03 PM	0.0004054205	+5.50383929534095E-11	+1.54289561774014E-14	+6.70634494314068E-02	+1.96942710876465E+01	+4.94776330126012E+06	+0.00000000000000E+00	+4.94776452560425E+06	+4.94773993209839E+06	+4.94778667053223E+06 	0	0	0	0
		B	s1	43	2:30:05 PM	0.0004249541	+9.78079254324220E-11	+1.54120988836394E-14	+6.71368013790192E-02	+1.96786403656006E+01	+4.94776330316768E+06	+0.00000000000000E+00	+4.94776451721192E+06	+4.94773997806549E+06	+4.94778662837982E+06 	0	0	0	0
		B	s1	44	2:30:06 PM	0.0004449474	+5.39466556483587E-11	+1.54099487138491E-14	+6.71461682942515E-02	+1.96771049499512E+01	+4.94776333147275E+06	+0.00000000000000E+00	+4.94776451869965E+06	+4.94774001144409E+06	+4.94778665161133E+06 	0	0	0	0
		B	s1	45	2:30:08 PM	0.0004654002	+1.07423528836581E-11	+1.54106654347809E-14	+6.71430460176089E-02	+1.96689319610596E+01	+4.94776331066362E+06	+0.00000000000000E+00	+4.94776452171326E+06	+4.94773999923706E+06	+4.94778662220001E+06 	0	0	0	0
		B	s1	46	2:30:10 PM	0.0004863127	+9.72673125231681E-11	+1.54253216671429E-14	+6.70792506307544E-02	+1.96669807434082E+01	+4.94776331133110E+06	+0.00000000000000E+00	+4.94776448230743E+06	+4.94773998004914E+06	+4.94778664272308E+06 	0	0	0	0
		B	s1	47	2:30:12 PM	0.0005076848	+9.50557157254948E-11	+1.54467246469226E-14	+6.69863058074745E-02	+1.96575679779053E+01	+4.94776330475065E+06	+0.00000000000000E+00	+4.94776456195832E+06	+4.94773995227814E+06	+4.94778665733338E+06 	0	0	0	0
		B	s1	48	2:30:14 PM	0.0005295165	+9.80553625379544E-11	+1.54350976672896E-14	+6.70367652057588E-02	+1.96484508514404E+01	+4.94776331114040E+06	+0.00000000000000E+00	+4.94776452903748E+06	+4.94773998706818E+06	+4.94778663532257E+06 	0	0	0	0
		B	s1	49	2:30:16 PM	0.0005518079	+5.47905361190936E-11	+1.54454603869588E-14	+6.69917885522605E-02	+1.96519031524658E+01	+4.94776331571794E+06	+0.00000000000000E+00	+4.94776453403473E+06	+4.94773997188568E+06	+4.94778665966034E+06 	0	0	0	0
		B	s1	50	2:30:18 PM	0.0005745588	+1.00978967016954E-11	+1.54484343845678E-14	+6.69788920715947E-02	+1.96441707611084E+01	+4.94776330858448E+06	+0.00000000000000E+00	+4.94776451911926E+06	+4.94773996944428E+06	+4.94778664783478E+06 	0	0	0	0
		B	s1	51	2:30:20 PM	0.0005977694	+5.86961098542116E-11	+1.54492153334061E-14	+6.69755060229430E-02	+1.96432418823242E+01	+4.94776331983784E+06	+0.00000000000000E+00	+4.94776457950592E+06	+4.94773998062134E+06	+4.94778665916443E+06 	0	0	0	0
		B	s1	52	2:30:21 PM	0.0006214396	+5.57676092355576E-11	+1.54433269105159E-14	+6.70010433862369E-02	+1.96210384368896E+01	+4.94776331566091E+06	+0.00000000000000E+00	+4.94776455440521E+06	+4.94774001171112E+06	+4.94778661972046E+06 	0	0	0	0
		B	s1	53	2:30:24 PM	0.0006455693	+5.55576939340737E-11	+1.54523555274402E-14	+6.69618947807614E-02	+1.96232643127441E+01	+4.94776334295499E+06	+0.00000000000000E+00	+4.94776457408905E+06	+4.94774002273560E+06	+4.94778666328430E+06 	0	0	0	0
		B	s1	54	2:30:26 PM	0.0006701587	+6.18478824999492E-11	+1.54602278127492E-14	+6.69277976142943E-02	+1.96404304504395E+01	+4.94776335926267E+06	+0.00000000000000E+00	+4.94776459285736E+06	+4.94774000675202E+06	+4.94778671188355E+06 	0	0	0	0
		B	s1	55	2:30:28 PM	0.0006952078	+5.69992424241679E-11	+1.54797624684813E-14	+6.68433401394674E-02	+1.96092052459717E+01	+4.94776328792787E+06	+0.00000000000000E+00	+4.94776456424713E+06	+4.94773994308472E+06	+4.94778663288117E+06 	0	0	0	0
		B	s1	56	2:30:30 PM	0.0007207164	+5.65420995790810E-11	+1.54548079253778E-14	+6.69512699442532E-02	+1.96120147705078E+01	+4.94776331329577E+06	+0.00000000000000E+00	+4.94776455745697E+06	+4.94774000274658E+06	+4.94778662395477E+06 	0	0	0	0
		B	s1	57	2:30:33 PM	0.0007466847	+5.91431000059079E-11	+1.54698622643747E-14	+6.68861158757770E-02	+1.96169605255127E+01	+4.94776335478047E+06	+0.00000000000000E+00	+4.94776460906983E+06	+4.94774001564026E+06	+4.94778669403076E+06 	0	0	0	0
		B	s1	58	2:30:35 PM	0.0007731125	+5.99484802656774E-11	+1.54546887100992E-14	+6.69517844064163E-02	+1.96155033111572E+01	+4.94776338684311E+06	+0.00000000000000E+00	+4.94776460990906E+06	+4.94774007232666E+06	+4.94778670146942E+06 	0	0	0	0
		B	s1	59	2:30:37 PM	0.0008000000	+1.04892098489339E-10	+1.54639170715887E-14	+6.69118305166878E-02	+1.96212787628174E+01	+4.94776335903387E+06	+0.00000000000000E+00	+4.94776459880829E+06	+4.94774002372742E+06	+4.94778669445038E+06 	0	0	0	0
		T	s2 	60	2:34:23 PM	0.0008000000	+5.28885039659313E-11	+1.54101834634580E-14	+6.71450946823813E-02	+2.09262199401855E+01	+4.94776520118220E+06	+0.00000000000000E+00	+4.94776646278381E+06	+4.94774040039063E+06	+4.94779000209809E+06 	0.680000	0.042000	0.222363	0.011267
		T	s2 	61	2:34:28 PM	0.0007731125	+6.38286309638851E-11	+1.54045246595469E-14	+6.71697542966656E-02	+2.08460178375244E+01	+4.94776541944062E+06	+0.00000000000000E+00	+4.94776668792725E+06	+4.94774072277069E+06	+4.94779011623383E+06 	0.664000	0.048000	0.219157	0.007594
		T	s2 	62	2:34:34 PM	0.0007466847	+3.03194809020041E-11	+1.53900141628869E-14	+6.72330839904289E-02	+2.08376808166504E+01	+4.94776547111086E+06	+0.00000000000000E+00	+4.94776673141480E+06	+4.94774080757141E+06	+4.94779013477326E+06 	0.624000	0.046000	0.214457	0.009044
		T	s2 	63	2:34:39 PM	0.0007207164	+6.98825796372421E-11	+1.54029677493284E-14	+6.71765421760665E-02	+2.08104476928711E+01	+4.94776547631798E+06	+0.00000000000000E+00	+4.94776674095154E+06	+4.94774082427979E+06	+4.94779012847901E+06 	0.624000	0.044000	0.210128	0.009386
		T	s2 	64	2:34:45 PM	0.0006952078	+3.46746270712776E-11	+1.53989563248162E-14	+6.71940411864107E-02	+2.08471775054932E+01	+4.94776549336950E+06	+0.00000000000000E+00	+4.94776680831909E+06	+4.94774080425263E+06	+4.94779018260956E+06 	0.608000	0.044000	0.205832	0.009941
		T	s2 	65	2:34:50 PM	0.0006701587	+3.57408615745140E-11	+1.53771401734847E-14	+6.72893707299665E-02	+2.07894840240478E+01	+4.94776554027171E+06	+0.00000000000000E+00	+4.94776679752350E+06	+4.94774095436096E+06	+4.94779012630463E+06 	0.608000	0.044000	0.203711	0.010443
		T	s2 	66	2:34:55 PM	0.0006455693	+7.46922941214939E-11	+1.53980175714782E-14	+6.71981353921098E-02	+2.07966175079346E+01	+4.94776557939122E+06	+0.00000000000000E+00	+4.94776683116913E+06	+4.94774095165253E+06	+4.94779020725250E+06 	0.608000	0.044000	0.199154	0.007714
		T	s2 	67	2:35:01 PM	0.0006214396	+3.59922422141784E-11	+1.54067401524876E-14	+6.71600930396594E-02	+2.07682800292969E+01	+4.94776550159057E+06	+0.00000000000000E+00	+4.94776681800843E+06	+4.94774089347840E+06	+4.94779010982514E+06 	0.576000	0.054000	0.196111	0.006925
		T	s2 	68	2:35:06 PM	0.0005977694	+3.71122999316680E-11	+1.53920651047011E-14	+6.72241238207561E-02	+2.07993755340576E+01	+4.94776552938057E+06	+0.00000000000000E+00	+4.94776684089661E+06	+4.94774090789795E+06	+4.94779015098572E+06 	0.608000	0.044000	0.192277	0.008710
		T	s2 	69	2:35:11 PM	0.0005745588	+3.47243123036323E-11	+1.54106362029499E-14	+6.71431144457157E-02	+2.07544841766357E+01	+4.94776548204030E+06	+0.00000000000000E+00	+4.94776680824280E+06	+4.94774088405609E+06	+4.94779008014679E+06 	0.600000	0.040000	0.187366	0.009041
		T	s2 	70	2:35:16 PM	0.0005518079	+3.43088112332086E-11	+1.53758928506423E-14	+6.72948302598856E-02	+2.07853641510010E+01	+4.94776550780867E+06	+0.00000000000000E+00	+4.94776679790497E+06	+4.94774092876435E+06	+4.94779008697510E+06 	0.632000	0.046000	0.184742	0.007258
		T	s2 	71	2:35:22 PM	0.0005295165	+3.26782561428257E-11	+1.53984155888128E-14	+6.71964011345600E-02	+2.07442035675049E+01	+4.94776548087697E+06	+0.00000000000000E+00	+4.94776673500061E+06	+4.94774091457367E+06	+4.94779004730225E+06 	0.592000	0.052000	0.180283	0.007614
		T	s2 	72	2:35:27 PM	0.0005076848	+7.10223867192460E-11	+1.53825429604534E-14	+6.72657374171052E-02	+2.08231658935547E+01	+4.94776551711626E+06	+0.00000000000000E+00	+4.94776675575256E+06	+4.94774088272095E+06	+4.94779015163422E+06 	0.544000	0.044000	0.176711	0.007250
		T	s2 	73	2:35:32 PM	0.0004863127	+7.28709001116166E-11	+1.53879133467204E-14	+6.72422607939195E-02	+2.08262615203857E+01	+4.94776554879726E+06	+0.00000000000000E+00	+4.94776678501129E+06	+4.94774090213776E+06	+4.94779019557953E+06 	0.528000	0.040000	0.173703	0.006957
		T	s2 	74	2:35:38 PM	0.0004654002	+3.31209172654572E-11	+1.53833975808008E-14	+6.72620001041236E-02	+2.07544269561768E+01	+4.94776553123104E+06	+0.00000000000000E+00	+4.94776682250977E+06	+4.94774097679138E+06	+4.94779008579254E+06 	0.552000	0.044000	0.168608	0.007582
		T	s2 	75	2:35:44 PM	0.0004449474	+7.20305666478165E-11	+1.53524071035228E-14	+6.73977755283464E-02	+2.08354797363281E+01	+4.94776553577029E+06	+0.00000000000000E+00	+4.94776680225372E+06	+4.94774093509674E+06	+4.94779013656616E+06 	0.560000	0.044000	0.165267	0.010127
		T	s2 	76	2:35:49 PM	0.0004249541	+3.74162333672839E-11	+1.53681136496077E-14	+6.73288917562314E-02	+2.08421192169189E+01	+4.94776560121126E+06	+0.00000000000000E+00	+4.94776685276032E+06	+4.94774096752167E+06	+4.94779023502350E+06 	0.536000	0.060000	0.161937	0.006773
		T	s2 	77	2:35:54 PM	0.0004054205	+7.64067828069499E-11	+1.53466577532990E-14	+6.74230218318789E-02	+2.08603496551514E+01	+4.94776564822747E+06	+0.00000000000000E+00	+4.94776686798096E+06	+4.94774102741242E+06	+4.94779026916504E+06 	0.504000	0.040000	0.160242	0.008847
		T	s2 	78	2:36:00 PM	0.0003863465	+8.50254324039827E-11	+1.53506530705943E-14	+6.74054711350871E-02	+2.09237766265869E+01	+4.94776573977980E+06	+0.00000000000000E+00	+4.94776696952820E+06	+4.94774103767395E+06	+4.94779044200897E+06 	0.512000	0.042000	0.154814	0.007870
		T	s2 	79	2:36:05 PM	0.0003677320	+8.17302745602119E-11	+1.53520188024594E-14	+6.73994741366515E-02	+2.09064712524414E+01	+4.94776575946373E+06	+0.00000000000000E+00	+4.94776695957184E+06	+4.94774107559204E+06	+4.94779044345856E+06 	0.488000	0.048000	0.150672	0.009999
		T	s2 	80	2:36:11 PM	0.0003495772	+8.40483107473696E-11	+1.53524720325646E-14	+6.73974843881450E-02	+2.09919071197510E+01	+4.94776575967303E+06	+0.00000000000000E+00	+4.94776701808930E+06	+4.94774097419739E+06	+4.94779054527283E+06 	0.488000	0.040000	0.147252	0.009097
		T	s2 	81	2:36:16 PM	0.0003318821	+4.84480115603228E-11	+1.53586842320584E-14	+6.73702193934562E-02	+2.10003700256348E+01	+4.94776592183571E+06	+0.00000000000000E+00	+4.94776709518433E+06	+4.94774111633301E+06	+4.94779072746277E+06 	0.472000	0.048000	0.143542	0.007429
		T	s2 	82	2:36:21 PM	0.0003146465	+5.90422378265719E-11	+1.53526822879040E-14	+6.73965552475346E-02	+2.10843734741211E+01	+4.94776598470147E+06	+0.00000000000000E+00	+4.94776720317841E+06	+4.94774108970642E+06	+4.94779087982178E+06 	0.440000	0.040000	0.140096	0.006234
		T	s2 	83	2:36:27 PM	0.0002978706	+6.16793690439536E-11	+1.53571688756668E-14	+6.73768626489456E-02	+2.10867557525635E+01	+4.94776608512332E+06	+0.00000000000000E+00	+4.94776726131439E+06	+4.94774118003845E+06	+4.94779099033356E+06 	0.496000	0.038000	0.135977	0.006332
		T	s2 	84	2:36:32 PM	0.0002815542	+7.64724684815867E-11	+1.53074509655080E-14	+6.75956904430397E-02	+2.11905288696289E+01	+4.94776642241865E+06	+0.00000000000000E+00	+4.94776754478455E+06	+4.94774147579193E+06	+4.94779136917115E+06 	0.472000	0.038000	0.131971	0.006602
		T	s2 	85	2:36:38 PM	0.0002656975	+9.10389355126139E-11	+1.53058962592505E-14	+6.76025487199069E-02	+2.13095531463623E+01	+4.94776670781453E+06	+0.00000000000000E+00	+4.94776780410767E+06	+4.94774162361145E+06	+4.94779179214478E+06 	0.424000	0.042000	0.128922	0.006798
		T	s2 	86	2:36:43 PM	0.0002503004	+7.38926436275400E-11	+1.52994438045252E-14	+6.76310500707484E-02	+2.14801521301270E+01	+4.94776706063491E+06	+0.00000000000000E+00	+4.94776815078735E+06	+4.94774178627014E+06	+4.94779233512879E+06 	0.456000	0.042000	0.125185	0.008640
		T	s2 	87	2:36:48 PM	0.0002353629	+5.91169609913283E-11	+1.53102953564430E-14	+6.75831031064634E-02	+2.15507926940918E+01	+4.94776749179055E+06	+0.00000000000000E+00	+4.94776849956513E+06	+4.94774211631775E+06	+4.94779286739350E+06 	0.400000	0.036000	0.122302	0.008032
		T	s2 	88	2:36:54 PM	0.0002208850	+3.70808795487831E-11	+1.52964138735171E-14	+6.76444262427007E-02	+2.16333198547363E+01	+4.94776780169618E+06	+0.00000000000000E+00	+4.94776879455567E+06	+4.94774235214234E+06	+4.94779325138092E+06 	0.432000	0.038000	0.118972	0.009762
		T	s2 	89	2:36:59 PM	0.0002068668	+5.79875044974131E-11	+1.52935586365906E-14	+6.76570467606893E-02	+2.17081890106201E+01	+4.94776810828297E+06	+0.00000000000000E+00	+4.94776908588410E+06	+4.94774257541657E+06	+4.94779364128113E+06 	0.376000	0.062000	0.114531	0.009217
		T	s2 	90	2:37:05 PM	0.0001933081	+3.80475400466557E-11	+1.52731334086748E-14	+6.77475167713076E-02	+2.17881393432617E+01	+4.94776846705494E+06	+0.00000000000000E+00	+4.94776943977356E+06	+4.94774287437439E+06	+4.94779405986786E+06 	0.392000	0.066000	0.111808	0.008869
		T	s2 	91	2:37:10 PM	0.0001802091	+5.28505616233268E-11	+1.52756974385935E-14	+6.77361370251291E-02	+2.17957305908203E+01	+4.94776877045681E+06	+0.00000000000000E+00	+4.94776971237183E+06	+4.94774316455841E+06	+4.94779437648773E+06 	0.376000	0.036000	0.107526	0.006923
		T	s2 	92	2:37:16 PM	0.0001675697	+3.72222293246183E-11	+1.52557297955091E-14	+6.78247837150250E-02	+2.18218650817871E+01	+4.94776915553145E+06	+0.00000000000000E+00	+4.94776998130799E+06	+4.94774355243683E+06	+4.94779475875855E+06 	0.352000	0.038000	0.103034	0.005942
		T	s2 	93	2:37:21 PM	0.0001553899	+8.91945230201628E-11	+1.52451553096960E-14	+6.78718227011844E-02	+2.18621006011963E+01	+4.94776938401258E+06	+0.00000000000000E+00	+4.94777029796601E+06	+4.94774375148773E+06	+4.94779501667023E+06 	0.344000	0.038000	0.099744	0.008122
		T	s2 	94	2:37:26 PM	0.0001436697	+6.03858462879201E-11	+1.52678907739044E-14	+6.77707494666283E-02	+2.18927478790283E+01	+4.94776956980703E+06	+0.00000000000000E+00	+4.94777044307709E+06	+4.94774386306763E+06	+4.94779527667999E+06 	0.352000	0.036000	0.095412	0.008695
		T	s2 	95	2:37:32 PM	0.0001324091	+1.43827985116247E-11	+1.52280687966681E-14	+6.79479603898537E-02	+2.19206142425537E+01	+4.94777001238839E+06	+0.00000000000000E+00	+4.94777086376190E+06	+4.94774434005738E+06	+4.94779568485260E+06 	0.640000	0.038000	0.092177	0.005807
		T	s2 	96	2:37:37 PM	0.0001216082	+7.20613455603295E-11	+1.52460808815760E-14	+6.78676755866663E-02	+2.18681011199951E+01	+4.94777035708459E+06	+0.00000000000000E+00	+4.94777131706238E+06	+4.94774471595764E+06	+4.94779599834442E+06 	0.336000	0.042000	0.088619	0.007006
		T	s2 	97	2:37:42 PM	0.0001112668	+4.41465655444102E-11	+1.52460639849057E-14	+6.78677470795562E-02	+2.18737850189209E+01	+4.94777049277334E+06	+0.00000000000000E+00	+4.94777142208099E+06	+4.94774484500885E+06	+4.94779614067078E+06 	0.304000	0.038000	0.084836	0.006375
		T	s2 	98	2:37:48 PM	0.0001013851	+6.22217083286067E-11	+1.52514441384797E-14	+6.78437971558773E-02	+2.18721313476563E+01	+4.94777080842043E+06	+0.00000000000000E+00	+4.94777170703888E+06	+4.94774515354157E+06	+4.94779646343231E+06 	0.320000	0.042000	0.080520	0.006779
		T	s2 	99	2:37:53 PM	0.0000919630	+8.22773223343320E-11	+1.52521281766219E-14	+6.78407477290375E-02	+2.18581562042236E+01	+4.94777105349573E+06	+0.00000000000000E+00	+4.94777206584931E+06	+4.94774541385651E+06	+4.94779669326782E+06 	0.272000	0.036000	0.077907	0.007066
		T	s2 	100	2:37:59 PM	0.0000830005	+6.01948542264108E-11	+1.52869134731217E-14	+6.76863677076246E-02	+2.18540191650391E+01	+4.94777137269025E+06	+0.00000000000000E+00	+4.94777234901428E+06	+4.94774567943573E+06	+4.94779706607819E+06 	0.256000	0.038000	0.073162	0.005999
		T	s2 	101	2:38:05 PM	0.0000744976	+8.19986891123536E-11	+1.52376756701388E-14	+6.79050758378773E-02	+2.17783470153809E+01	+4.94777167031382E+06	+0.00000000000000E+00	+4.94777264560700E+06	+4.94774614849091E+06	+4.94779719226837E+06 	0.256000	0.034000	0.069684	0.007449
		T	s2 	102	2:38:10 PM	0.0000664544	+6.47936759144527E-11	+1.52505490653231E-14	+6.78477471239934E-02	+2.16522083282471E+01	+4.94777197034041E+06	+0.00000000000000E+00	+4.94777300457001E+06	+4.94774657489777E+06	+4.94779736591339E+06 	0.264000	0.038000	0.065911	0.009175
		T	s2 	103	2:38:16 PM	0.0000588707	+8.38500949493555E-11	+1.52828825531735E-14	+6.77041933180129E-02	+2.16804103851318E+01	+4.94777235682601E+06	+0.00000000000000E+00	+4.94777328807831E+06	+4.94774687438965E+06	+4.94779783939362E+06 	0.264000	0.036000	0.062481	0.010382
		T	s2 	104	2:38:22 PM	0.0000517467	+7.03096163549468E-11	+1.52610633018623E-14	+6.78009825445707E-02	+2.16489524841309E+01	+4.94777271138343E+06	+0.00000000000000E+00	+4.94777368961334E+06	+4.94774730224610E+06	+4.94779812065125E+06 	0.240000	0.042000	0.058695	0.005504
		T	s2 	105	2:38:27 PM	0.0000450823	+8.67039147560159E-11	+1.52949525434284E-14	+6.76507500908071E-02	+2.16179599761963E+01	+4.94777288920544E+06	+0.00000000000000E+00	+4.94777396411896E+06	+4.94774746009827E+06	+4.94779831844330E+06 	0.200000	0.060000	0.056774	0.007641
		T	s2 	106	2:38:32 PM	0.0000388775	+7.42249622685025E-11	+1.52631507327263E-14	+6.77916931277935E-02	+2.15740699768066E+01	+4.94777332322315E+06	+0.00000000000000E+00	+4.94777440891266E+06	+4.94774799850464E+06	+4.94779864807129E+06 	0.200000	0.034000	0.050904	0.007324
		T	s2 	107	2:38:38 PM	0.0000331323	+5.94212965268793E-11	+1.52931319370798E-14	+6.76587830479863E-02	+2.15354537963867E+01	+4.94777364546968E+06	+0.00000000000000E+00	+4.94777474929810E+06	+4.94774831642151E+06	+4.94779897464752E+06 	0.184000	0.040000	0.048092	0.007696
		T	s2 	108	2:38:44 PM	0.0000278467	+8.42593120113969E-11	+1.53022859171861E-14	+6.76182966793374E-02	+2.15208816528320E+01	+4.94777409217074E+06	+0.00000000000000E+00	+4.94777525650025E+06	+4.94774876510620E+06	+4.94779941936493E+06 	0.208000	0.034000	0.044545	0.006839
		T	s2 	109	2:38:49 PM	0.0000230208	+3.63711549048316E-11	+1.53206012162212E-14	+6.75374513075593E-02	+2.14811000823975E+01	+4.94777445170605E+06	+0.00000000000000E+00	+4.94777564338684E+06	+4.94774914119721E+06	+4.94779976234436E+06 	0.176000	0.046000	0.042314	0.004842
		T	s2 	110	2:38:54 PM	0.0000186544	+5.69712260790366E-11	+1.53265871391787E-14	+6.75110633782354E-02	+2.14703769683838E+01	+4.94777484122480E+06	+0.00000000000000E+00	+4.94777596015930E+06	+4.94774953346253E+06	+4.94780014911652E+06 	0.160000	0.034000	0.040203	0.008111
		T	s2 	111	2:39:00 PM	0.0000147477	+6.84146695399702E-12	+1.53498127936978E-14	+6.74089027063490E-02	+2.14636249542236E+01	+4.94777522031018E+06	+0.00000000000000E+00	+4.94777637405396E+06	+4.94774988216400E+06	+4.94780055858612E+06 	0.152000	0.036000	0.035114	0.006035
		T	s2 	112	2:39:05 PM	0.0000113006	+2.13974697829266E-11	+1.53575035135837E-14	+6.73751370507620E-02	+2.13274784088135E+01	+4.94777553874279E+06	+0.00000000000000E+00	+4.94777669445038E+06	+4.94775034870148E+06	+4.94780072891236E+06 	0.176000	0.038000	0.031030	0.005247
		T	s2 	113	2:39:11 PM	0.0000083131	+8.60185629010938E-11	+1.53560216881429E-14	+6.73816304545151E-02	+2.14077014923096E+01	+4.94777583842494E+06	+0.00000000000000E+00	+4.94777702602387E+06	+4.94775055606842E+06	+4.94780112091065E+06 	0.144000	0.040000	0.027306	0.007758
		T	s2 	114	2:39:16 PM	0.0000057852	+2.70267063869163E-11	+1.53689612245158E-14	+6.73248913292378E-02	+2.13717632293701E+01	+4.94777615966070E+06	+0.00000000000000E+00	+4.94777740089417E+06	+4.94775089847565E+06	+4.94780142097473E+06 	0.136000	0.034000	0.028536	0.008073
		T	s2 	115	2:39:22 PM	0.0000037169	+4.21522510192484E-11	+1.53644461111481E-14	+6.73446702095291E-02	+2.14213333129883E+01	+4.94777637000285E+06	+0.00000000000000E+00	+4.94777762165070E+06	+4.94775105766297E+06	+4.94780168247223E+06 	0.120000	0.032000	0.024492	0.004854
		T	s2 	116	2:39:27 PM	0.0000021083	+5.61471828278076E-11	+1.53684346420050E-14	+6.73271873326086E-02	+2.14292469024658E+01	+4.94777655686571E+06	+0.00000000000000E+00	+4.94777780593872E+06	+4.94775122859955E+06	+4.94780188526154E+06 	0.112000	0.050000	0.018959	0.005351
		T	s2 	117	2:39:33 PM	0.0000009592	+2.51921938705302E-11	+1.54050922077021E-14	+6.71669758020411E-02	+2.14266471862793E+01	+4.94777661091968E+06	+0.00000000000000E+00	+4.94777801605225E+06	+4.94775122531891E+06	+4.94780199665070E+06 	0.128000	0.032000	0.016088	0.006080
		T	s2 	118	2:39:38 PM	0.0000002698	+1.24906296105006E-10	+1.54063282104506E-14	+6.71615843539658E-02	+2.17260971069336E+01	+4.94777671576479E+06	+0.00000000000000E+00	+4.94777803825379E+06	+4.94775097332001E+06	+4.94780245834351E+06 	0.088000	0.046000	0.014685	0.007458
		T	s2 	119	2:39:44 PM	0.0000000400	+1.54677776075306E-10	+1.53724627028015E-14	+6.73095478950123E-02	+2.04949493408203E+01	+4.94777646981982E+06	+0.00000000000000E+00	+4.94777763858795E+06	+4.94775223949433E+06	+4.94780070026398E+06 	0.104000	0.086000	0.017179	0.006611
		B	s3	120	2:42:39 PM	0.0000000400	-2.17332026908547E-10	+1.55656082130787E-14	+6.64747170150901E-02	+2.10716571807861E+01	+4.94776239571817E+06	+0.00000000000000E+00	+4.94776348327637E+06	+4.94773717071533E+06	+4.94778762084961E+06 	0	0	0	0
		B	s3	121	2:42:41 PM	0.0000002698	+4.93232141829527E-13	+1.53161527094257E-14	+6.75573968061399E-02	+2.13994865417480E+01	+4.94776238375919E+06	+0.00000000000000E+00	+4.94776376209259E+06	+4.94773717685700E+06	+4.94778759078980E+06 	0	0	0	0
		B	s3	122	2:42:43 PM	0.0000009592	+5.10328412379294E-11	+1.54033258517410E-14	+6.71750567782067E-02	+2.14346027374268E+01	+4.94776266461533E+06	+0.00000000000000E+00	+4.94776388500214E+06	+4.94773727264404E+06	+4.94778805671692E+06 	0	0	0	0
		B	s3	123	2:42:45 PM	0.0000021083	+1.18943383909008E-11	+1.53241642922071E-14	+6.75220670863994E-02	+2.12789726257324E+01	+4.94776275853477E+06	+0.00000000000000E+00	+4.94776394451142E+06	+4.94773768047333E+06	+4.94778783672333E+06 	0	0	0	0
		B	s3	124	2:42:47 PM	0.0000037169	+1.84905017166762E-11	+1.53641924317190E-14	+6.73461506314949E-02	+2.11996765136719E+01	+4.94776283395148E+06	+0.00000000000000E+00	+4.94776406230927E+06	+4.94773778408051E+06	+4.94778788394928E+06 	0	0	0	0
		B	s3	125	2:42:49 PM	0.0000057852	+5.85901881560374E-11	+1.53338905414410E-14	+6.74792357918395E-02	+2.10988044738770E+01	+4.94776283965530E+06	+0.00000000000000E+00	+4.94776406845093E+06	+4.94773795814514E+06	+4.94778772129059E+06 	0	0	0	0
		B	s3	126	2:42:51 PM	0.0000083131	+6.11000534528151E-11	+1.53399774744106E-14	+6.74524594709752E-02	+2.09945278167725E+01	+4.94776285537242E+06	+0.00000000000000E+00	+4.94776408916474E+06	+4.94773808700562E+06	+4.94778762386322E+06 	0	0	0	0
		B	s3	127	2:42:54 PM	0.0000113006	+1.57192815518394E-11	+1.53244740430782E-14	+6.75206996453450E-02	+2.09340076446533E+01	+4.94776285487700E+06	+0.00000000000000E+00	+4.94776406425476E+06	+4.94773818286896E+06	+4.94778752700806E+06 	0	0	0	0
		B	s3	128	2:42:55 PM	0.0000147477	+1.00452858723679E-10	+1.53239736046565E-14	+6.75229063477059E-02	+2.08841323852539E+01	+4.94776279391843E+06	+0.00000000000000E+00	+4.94776410408020E+06	+4.94773818149567E+06	+4.94778740646362E+06 	0	0	0	0
		B	s3	129	2:42:57 PM	0.0000186544	+2.24035074574489E-11	+1.53363469249263E-14	+6.74684288413969E-02	+2.08348922729492E+01	+4.94776280202485E+06	+0.00000000000000E+00	+4.94776410884857E+06	+4.94773822780609E+06	+4.94778737636566E+06 	0	0	0	0
		B	s3	130	2:43:00 PM	0.0000230208	+1.91191811959173E-11	+1.53264410437625E-14	+6.75120332504884E-02	+2.08046512603760E+01	+4.94776288291576E+06	+0.00000000000000E+00	+4.94776404598236E+06	+4.94773836021423E+06	+4.94778740573883E+06 	0	0	0	0
		B	s3	131	2:43:02 PM	0.0000278467	+5.90495699432148E-11	+1.53530112212345E-14	+6.73951966063874E-02	+2.06855525970459E+01	+4.94776285327605E+06	+0.00000000000000E+00	+4.94776403041840E+06	+4.94773842868805E+06	+4.94778727798462E+06 	0	0	0	0
		B	s3	132	2:43:04 PM	0.0000331323	+5.73022458373312E-11	+1.53419186802999E-14	+6.74439258520132E-02	+2.06479072570801E+01	+4.94776281467162E+06	+0.00000000000000E+00	+4.94776401435852E+06	+4.94773845214844E+06	+4.94778717731476E+06 	0	0	0	0
		B	s3	133	2:43:05 PM	0.0000388775	+9.89070909973049E-11	+1.53404200599242E-14	+6.74505151957035E-02	+2.06344852447510E+01	+4.94776278966637E+06	+0.00000000000000E+00	+4.94776401973725E+06	+4.94773844535828E+06	+4.94778713409424E+06 	0	0	0	0
		B	s3	134	2:43:07 PM	0.0000450823	+5.61339145769918E-11	+1.53435736371572E-14	+6.74366530063723E-02	+2.06495437622070E+01	+4.94776275407513E+06	+0.00000000000000E+00	+4.94776407901764E+06	+4.94773838699341E+06	+4.94778712127686E+06 	0	0	0	0
		B	s3	135	2:43:09 PM	0.0000517467	+5.75716427132356E-11	+1.53725820614422E-14	+6.73093978487862E-02	+2.05787792205811E+01	+4.94776277633407E+06	+0.00000000000000E+00	+4.94776406276703E+06	+4.94773844684601E+06	+4.94778710594177E+06 	0	0	0	0
		B	s3	136	2:43:11 PM	0.0000588707	+9.33692682584184E-11	+1.53171934015622E-14	+6.75527960431350E-02	+2.06121654510498E+01	+4.94776277663949E+06	+0.00000000000000E+00	+4.94776394966126E+06	+4.94773849548340E+06	+4.94778705791474E+06 	0	0	0	0
		B	s3	137	2:43:13 PM	0.0000664544	+8.65485385078628E-12	+1.53478171540520E-14	+6.74180085081266E-02	+2.05860176086426E+01	+4.94776271528000E+06	+0.00000000000000E+00	+4.94776390907288E+06	+4.94773841644287E+06	+4.94778701423645E+06 	0	0	0	0
		B	s3	138	2:43:15 PM	0.0000744976	+9.16945107054546E-11	+1.53376864180322E-14	+6.74625394892365E-02	+2.05617294311523E+01	+4.94776269572989E+06	+0.00000000000000E+00	+4.94776398860932E+06	+4.94773844158173E+06	+4.94778694999695E+06 	0	0	0	0
		B	s3	139	2:43:18 PM	0.0000830005	+4.80935510034580E-11	+1.53576490036044E-14	+6.73748477373065E-02	+2.05196285247803E+01	+4.94776272544647E+06	+0.00000000000000E+00	+4.94776391643524E+06	+4.94773848945618E+06	+4.94778696155548E+06 	0	0	0	0
		B	s3	140	2:43:20 PM	0.0000919630	+4.97792895247788E-11	+1.53717253538747E-14	+6.73131502437376E-02	+2.05238933563232E+01	+4.94776273732912E+06	+0.00000000000000E+00	+4.94776392749787E+06	+4.94773847408295E+06	+4.94778700069428E+06 	0	0	0	0
		B	s3	141	2:43:22 PM	0.0001013851	+1.30848641804234E-10	+1.53437703372961E-14	+6.74357891870753E-02	+2.05262279510498E+01	+4.94776272884162E+06	+0.00000000000000E+00	+4.94776391960144E+06	+4.94773850696564E+06	+4.94778695083618E+06 	0	0	0	0
		B	s3	142	2:43:24 PM	0.0001112668	+5.15548794855214E-11	+1.53703091343085E-14	+6.73193526995047E-02	+2.04461078643799E+01	+4.94776272905169E+06	+0.00000000000000E+00	+4.94776395076752E+06	+4.94773855998993E+06	+4.94778689823151E+06 	0	0	0	0
		B	s3	143	2:43:26 PM	0.0001216082	+9.59979327459978E-11	+1.53784961839645E-14	+6.72835138718554E-02	+2.04433670043945E+01	+4.94776272998624E+06	+0.00000000000000E+00	+4.94776393783570E+06	+4.94773855129242E+06	+4.94778690879822E+06 	0	0	0	0
		B	s3	144	2:43:28 PM	0.0001324091	+9.29641710114179E-11	+1.53574477241662E-14	+6.73757308143509E-02	+2.04515552520752E+01	+4.94776272392099E+06	+0.00000000000000E+00	+4.94776392597199E+06	+4.94773856864929E+06	+4.94778687931061E+06 	0	0	0	0
		B	s3	145	2:43:31 PM	0.0001436697	+5.53698274743089E-11	+1.53905174148082E-14	+6.72309604067494E-02	+2.04687805175781E+01	+4.94776271652012E+06	+0.00000000000000E+00	+4.94776398105622E+06	+4.94773848884583E+06	+4.94778694431305E+06 	0	0	0	0
		B	s3	146	2:43:33 PM	0.0001553899	+9.57541274142189E-11	+1.53854726548768E-14	+6.72530038645540E-02	+2.04298896789551E+01	+4.94776275247391E+06	+0.00000000000000E+00	+4.94776398361206E+06	+4.94773857875824E+06	+4.94778692630768E+06 	0	0	0	0
		B	s3	147	2:43:35 PM	0.0001675697	+9.61958943370781E-11	+1.53839740108564E-14	+6.72595556735454E-02	+2.03933506011963E+01	+4.94776274160224E+06	+0.00000000000000E+00	+4.94776398933411E+06	+4.94773861347199E+06	+4.94778686985016E+06 	0	0	0	0
		B	s3	148	2:43:37 PM	0.0001802091	+5.57797784006194E-11	+1.53594978434910E-14	+6.73667367960314E-02	+2.03760032653809E+01	+4.94776276054250E+06	+0.00000000000000E+00	+4.94776397197724E+06	+4.94773869129181E+06	+4.94778682991028E+06 	0	0	0	0
		B	s3	149	2:43:39 PM	0.0001933081	+5.42213238220658E-11	+1.53686666995919E-14	+6.73265472272068E-02	+2.03609104156494E+01	+4.94776272270072E+06	+0.00000000000000E+00	+4.94776392547608E+06	+4.94773865692139E+06	+4.94778678859711E+06 	0	0	0	0
		B	s3	150	2:43:41 PM	0.0002068668	+5.97101764140393E-11	+1.54026594415422E-14	+6.71779603944568E-02	+2.04206829071045E+01	+4.94776276677894E+06	+0.00000000000000E+00	+4.94776405502320E+06	+4.94773857696533E+06	+4.94778695671082E+06 	0	0	0	0
		B	s3	151	2:43:43 PM	0.0002208850	+9.92344630587543E-11	+1.53609053552112E-14	+6.73605626824727E-02	+2.04025192260742E+01	+4.94776280956120E+06	+0.00000000000000E+00	+4.94776403106690E+06	+4.94773870677948E+06	+4.94778691246033E+06 	0	0	0	0
		B	s3	152	2:43:45 PM	0.0002353629	+6.01895210346442E-11	+1.53600412942544E-14	+6.73643519437299E-02	+2.03861160278320E+01	+4.94776281057219E+06	+0.00000000000000E+00	+4.94776406902313E+06	+4.94773872852326E+06	+4.94778689273834E+06 	0	0	0	0
		B	s3	153	2:43:47 PM	0.0002503004	+5.90265027830861E-11	+1.53577890672487E-14	+6.73742307623776E-02	+2.03637523651123E+01	+4.94776281774397E+06	+0.00000000000000E+00	+4.94776401996613E+06	+4.94773876564026E+06	+4.94778686996460E+06 	0	0	0	0
		B	s3	154	2:43:50 PM	0.0002656975	+1.02019019914073E-10	+1.53584209673124E-14	+6.73714587848112E-02	+2.03506259918213E+01	+4.94776281635168E+06	+0.00000000000000E+00	+4.94776402584076E+06	+4.94773877876282E+06	+4.94778685405731E+06 	0	0	0	0
		B	s3	155	2:43:52 PM	0.0002815542	+1.91322318309581E-11	+1.53842056187801E-14	+6.72585408220282E-02	+2.03615589141846E+01	+4.94776282489634E+06	+0.00000000000000E+00	+4.94776405033112E+06	+4.94773873401642E+06	+4.94778691589356E+06 	0	0	0	0
		B	s3	156	2:43:54 PM	0.0002978706	+6.03600299971020E-11	+1.53722366301091E-14	+6.73109090349817E-02	+2.03215427398682E+01	+4.94776282525906E+06	+0.00000000000000E+00	+4.94776404155731E+06	+4.94773880043030E+06	+4.94778685020447E+06 	0	0	0	0
		B	s3	157	2:43:56 PM	0.0003146465	+6.23473778289669E-11	+1.54015090806764E-14	+6.71829776363600E-02	+2.03324031829834E+01	+4.94776278064589E+06	+0.00000000000000E+00	+4.94776404689789E+06	+4.94773869720459E+06	+4.94778686420441E+06 	0	0	0	0
		B	s3	158	2:43:58 PM	0.0003318821	+1.72891169506843E-11	+1.53869205809192E-14	+6.72466738809162E-02	+2.03001995086670E+01	+4.94776280406842E+06	+0.00000000000000E+00	+4.94776402873993E+06	+4.94773878154755E+06	+4.94778682670593E+06 	0	0	0	0
		B	s3	159	2:44:00 PM	0.0003495772	+6.00734188748620E-11	+1.53866376409169E-14	+6.72479095829768E-02	+2.02973327636719E+01	+4.94776283628356E+06	+0.00000000000000E+00	+4.94776403385163E+06	+4.94773881759644E+06	+4.94778685508728E+06 	0	0	0	0
		B	s3	160	2:44:02 PM	0.0003677320	+1.80356641055477E-11	+1.53745067682059E-14	+6.73009706852673E-02	+2.02977333068848E+01	+4.94776280652901E+06	+0.00000000000000E+00	+4.94776402664185E+06	+4.94773880630493E+06	+4.94778680686951E+06 	0	0	0	0
		B	s3	161	2:44:04 PM	0.0003863465	+1.99537058145889E-11	+1.54091665311787E-14	+6.71495920502875E-02	+2.02797126770020E+01	+4.94776276565437E+06	+0.00000000000000E+00	+4.94776404495239E+06	+4.94773873268128E+06	+4.94778679874420E+06 	0	0	0	0
		B	s3	162	2:44:06 PM	0.0004054205	+6.12531389152785E-11	+1.53844676938964E-14	+6.72573955296224E-02	+2.02503833770752E+01	+4.94776280797879E+06	+0.00000000000000E+00	+4.94776402072907E+06	+4.94773884822846E+06	+4.94778676784516E+06 	0	0	0	0
		B	s3	163	2:44:08 PM	0.0004249541	+5.92795612555855E-11	+1.54117750332495E-14	+6.71382260656976E-02	+2.02475719451904E+01	+4.94776278991601E+06	+0.00000000000000E+00	+4.94776404628754E+06	+4.94773879096985E+06	+4.94778678897858E+06 	0	0	0	0
		B	s3	164	2:44:09 PM	0.0004449474	+6.03612959373999E-11	+1.54093664595510E-14	+6.71487196891863E-02	+2.02336120605469E+01	+4.94776280731113E+06	+0.00000000000000E+00	+4.94776406356812E+06	+4.94773882865906E+06	+4.94778678607941E+06 	0	0	0	0
		B	s3	165	2:44:11 PM	0.0004654002	+1.04259608649837E-10	+1.54188789662887E-14	+6.71072925671602E-02	+2.02305545806885E+01	+4.94776282436277E+06	+0.00000000000000E+00	+4.94776409465790E+06	+4.94773883453369E+06	+4.94778681430817E+06 	0	0	0	0
		B	s3	166	2:44:13 PM	0.0004863127	+6.17218976495197E-11	+1.54152708154088E-14	+6.71230002829894E-02	+2.02270526885986E+01	+4.94776281131655E+06	+0.00000000000000E+00	+4.94776408733368E+06	+4.94773883125305E+06	+4.94778679149628E+06 	0	0	0	0
		B	s3	167	2:44:15 PM	0.0005076848	+2.01937675093793E-11	+1.54118559265342E-14	+6.71378721057328E-02	+2.02183227539063E+01	+4.94776284765162E+06	+0.00000000000000E+00	+4.94776406257629E+06	+4.94773888324738E+06	+4.94778681217194E+06 	0	0	0	0
		B	s3	168	2:44:17 PM	0.0005295165	+6.70770895536241E-11	+1.54173708980486E-14	+6.71138567018079E-02	+2.02279167175293E+01	+4.94776282598405E+06	+0.00000000000000E+00	+4.94776410713196E+06	+4.94773884162903E+06	+4.94778681045532E+06 	0	0	0	0
		B	s3	169	2:44:19 PM	0.0005518079	+6.61356395664402E-11	+1.54190768895272E-14	+6.71064301745430E-02	+2.02115402221680E+01	+4.94776286071694E+06	+0.00000000000000E+00	+4.94776409034729E+06	+4.94773889312744E+06	+4.94778682842255E+06 	0	0	0	0
		B	s3	170	2:44:21 PM	0.0005745588	+6.63422672148757E-11	+1.54224261241367E-14	+6.70918579438458E-02	+2.02133102416992E+01	+4.94776282239828E+06	+0.00000000000000E+00	+4.94776412162781E+06	+4.94773884750366E+06	+4.94778679740906E+06 	0	0	0	0
		B	s3	171	2:44:23 PM	0.0005977694	+2.25987055702835E-11	+1.54288454396650E-14	+6.70639437976221E-02	+2.01994190216064E+01	+4.94776282058633E+06	+0.00000000000000E+00	+4.94776409824372E+06	+4.94773885219574E+06	+4.94778678909302E+06 	0	0	0	0
		B	s3	172	2:44:25 PM	0.0006214396	+6.60206013662475E-11	+1.54320333363940E-14	+6.70500891554160E-02	+2.01839160919189E+01	+4.94776285016937E+06	+0.00000000000000E+00	+4.94776409278870E+06	+4.94773889522553E+06	+4.94778680522919E+06 	0	0	0	0
		B	s3	173	2:44:28 PM	0.0006455693	+6.59232910271736E-11	+1.54434767002531E-14	+6.70004069765709E-02	+2.01812133789062E+01	+4.94776281909859E+06	+0.00000000000000E+00	+4.94776410301209E+06	+4.94773884960175E+06	+4.94778678871155E+06 	0	0	0	0
		B	s3	174	2:44:30 PM	0.0006701587	+6.61050603870601E-11	+1.54471949828128E-14	+6.69842789386451E-02	+2.01706237792969E+01	+4.94776283464351E+06	+0.00000000000000E+00	+4.94776413318634E+06	+4.94773887195587E+06	+4.94778679744721E+06 	0	0	0	0
		B	s3	175	2:44:32 PM	0.0006952078	+6.50842450833141E-11	+1.54385762086489E-14	+6.70216741193982E-02	+2.01608886718750E+01	+4.94776282035759E+06	+0.00000000000000E+00	+4.94776409469605E+06	+4.94773888259888E+06	+4.94778675823212E+06 	0	0	0	0
		B	s3	176	2:44:34 PM	0.0007207164	+6.52018521752407E-11	+1.54507741952965E-14	+6.69687619533667E-02	+2.01479415893555E+01	+4.94776283098151E+06	+0.00000000000000E+00	+4.94776415317536E+06	+4.94773888969421E+06	+4.94778677238465E+06 	0	0	0	0
		B	s3	177	2:44:36 PM	0.0007466847	+2.91351208000587E-11	+1.54503569195814E-14	+6.69705705769323E-02	+2.01565437316895E+01	+4.94776283231660E+06	+0.00000000000000E+00	+4.94776415012360E+06	+4.94773888145447E+06	+4.94778678329468E+06 	0	0	0	0
		B	s3	178	2:44:38 PM	0.0007731125	+6.87963878830440E-11	+1.54341506581293E-14	+6.70408903962023E-02	+2.01507129669189E+01	+4.94776287031115E+06	+0.00000000000000E+00	+4.94776413658142E+06	+4.94773895149231E+06	+4.94778678924561E+06 	0	0	0	0
		B	s3	179	2:44:39 PM	0.0008000000	+6.78219248427195E-11	+1.54400803847141E-14	+6.70151436604894E-02	+2.01262531280518E+01	+4.94776286437939E+06	+0.00000000000000E+00	+4.94776413002014E+06	+4.94773896541596E+06	+4.94778676345825E+06 	0	0	0	0

