	10/04/22	Test 8 N (today) Location 05 Ramp 01	Tip H10	Box 5b Xtal 01		DLC	450 uN	02.5%		Points/Segment: 59	
		Seg 	ID Tag	Number	Time	Power	C0	C1	L1	R1	fs	fa	fr	f1	f2	Ch1 (Pk-Pk)	Ch2 (Pk-Pk)	Ch1 (RMS)	Ch2 (RMS)	
						uW	F	F	H	Ohms	Hz	Hz	Hz	Hz	Hz	V	V	V	V	
		B	s1	0	4:28:19 PM	0.0000000400	+3.68012346564412E-11	+1.52385823639788E-14	+6.79012959058634E-02	+2.16105937957764E+01	+4.94776218257144E+06	+0.00000000000000E+00	+4.94776342487335E+06	+4.94773685592651E+06	+4.94778750934601E+06 	0	0	0	0
		B	s1	1	4:28:21 PM	0.0000003847	+6.93698198700756E-11	+1.53164972960467E-14	+6.75558788219844E-02	+2.16725711822510E+01	+4.94776231400580E+06	+0.00000000000000E+00	+4.94776370792389E+06	+4.94773678485871E+06	+4.94778784328461E+06 	0	0	0	0
		B	s1	2	4:28:23 PM	0.0000014189	+6.03951210164489E-11	+1.53906669961749E-14	+6.72303186677109E-02	+2.16881942749023E+01	+4.94776228686349E+06	+0.00000000000000E+00	+4.94776362552643E+06	+4.94773661560059E+06	+4.94778795825958E+06 	0	0	0	0
		B	s1	3	4:28:26 PM	0.0000031425	+9.52956912338930E-11	+1.54224647801445E-14	+6.70917051839464E-02	+2.15910224914551E+01	+4.94776225440074E+06	+0.00000000000000E+00	+4.94776358699799E+06	+4.94773664535523E+06	+4.94778786357880E+06 	0	0	0	0
		B	s1	4	4:28:28 PM	0.0000055555	+6.19058913610806E-11	+1.53970016363527E-14	+6.72026602582803E-02	+2.16338005065918E+01	+4.94776223115011E+06	+0.00000000000000E+00	+4.94776356410980E+06	+4.94773661373139E+06	+4.94778784870148E+06 	0	0	0	0
		B	s1	5	4:28:30 PM	0.0000086579	+6.25324644510616E-11	+1.54039805750531E-14	+6.71722128565814E-02	+2.15667629241943E+01	+4.94776225012858E+06	+0.00000000000000E+00	+4.94776355056763E+06	+4.94773670051575E+06	+4.94778779987335E+06 	0	0	0	0
		B	s1	6	4:28:32 PM	0.0000124498	+6.05455066337197E-11	+1.54070167207740E-14	+6.71589762418169E-02	+2.14550819396973E+01	+4.94776223128464E+06	+0.00000000000000E+00	+4.94776351730347E+06	+4.94773680896759E+06	+4.94778765373230E+06 	0	0	0	0
		B	s1	7	4:28:34 PM	0.0000169311	+5.85111174206859E-11	+1.53562029083468E-14	+6.73812051925385E-02	+2.13900756835937E+01	+4.94776225701559E+06	+0.00000000000000E+00	+4.94776344123841E+06	+4.94773699531555E+06	+4.94778751884461E+06 	0	0	0	0
		B	s1	8	4:28:36 PM	0.0000221019	+5.80789487124230E-11	+1.53682281258124E-14	+6.73284819032054E-02	+2.13205204010010E+01	+4.94776223284980E+06	+0.00000000000000E+00	+4.94776350467682E+06	+4.94773703357697E+06	+4.94778743225098E+06 	0	0	0	0
		B	s1	9	4:28:38 PM	0.0000279621	+5.54651891180604E-11	+1.53863909233206E-14	+6.72490048242500E-02	+2.13036861419678E+01	+4.94776221329943E+06	+0.00000000000000E+00	+4.94776344871521E+06	+4.94773700416565E+06	+4.94778742256165E+06 	0	0	0	0
		B	s1	10	4:28:40 PM	0.0000345117	+1.56149786458799E-11	+1.53730406837075E-14	+6.73074056159773E-02	+2.12604637145996E+01	+4.94776219556146E+06	+0.00000000000000E+00	+4.94776340385437E+06	+4.94773705940247E+06	+4.94778733184815E+06 	0	0	0	0
		B	s1	11	4:28:43 PM	0.0000417508	+1.76367263887097E-11	+1.53943685242508E-14	+6.72141567360856E-02	+2.12572364807129E+01	+4.94776216210640E+06	+0.00000000000000E+00	+4.94776342163086E+06	+4.94773699489594E+06	+4.94778732944489E+06 	0	0	0	0
		B	s1	12	4:28:45 PM	0.0000496793	+5.28094668798018E-11	+1.54036767733277E-14	+6.71735415250039E-02	+2.12379512786865E+01	+4.94776210824292E+06	+0.00000000000000E+00	+4.94776342525482E+06	+4.94773694866181E+06	+4.94778726795197E+06 	0	0	0	0
		B	s1	13	4:28:47 PM	0.0000582972	+9.18966469184744E-11	+1.54011572487664E-14	+6.71845296866630E-02	+2.11761112213135E+01	+4.94776214406332E+06	+0.00000000000000E+00	+4.94776337135315E+06	+4.94773706184387E+06	+4.94778722640992E+06 	0	0	0	0
		B	s1	14	4:28:49 PM	0.0000676045	+1.82459373045958E-11	+1.53886093853317E-14	+6.72393118360878E-02	+2.11832733154297E+01	+4.94776214694348E+06	+0.00000000000000E+00	+4.94776341766358E+06	+4.94773707668305E+06	+4.94778721733093E+06 	0	0	0	0
		B	s1	15	4:28:51 PM	0.0000776013	+5.42786351325932E-11	+1.54364841668070E-14	+6.70307737342736E-02	+2.11458835601807E+01	+4.94776221328089E+06	+0.00000000000000E+00	+4.94776350257874E+06	+4.94773710941315E+06	+4.94778731727600E+06 	0	0	0	0
		B	s1	16	4:28:53 PM	0.0000882876	+6.33025366933743E-11	+1.54149083271023E-14	+6.71245951030033E-02	+2.11453628540039E+01	+4.94776220713941E+06	+0.00000000000000E+00	+4.94776346393585E+06	+4.94773713897705E+06	+4.94778727542877E+06 	0	0	0	0
		B	s1	17	4:28:55 PM	0.0000996632	+5.66001559679894E-11	+1.54027407878946E-14	+6.71776215326702E-02	+2.10733642578125E+01	+4.94776218034169E+06	+0.00000000000000E+00	+4.94776346256256E+06	+4.94773721725464E+06	+4.94778714355469E+06 	0	0	0	0
		B	s1	18	4:28:57 PM	0.0001117283	+5.75841416318550E-11	+1.54026424347462E-14	+6.71780494136167E-02	+2.10737400054932E+01	+4.94776222010991E+06	+0.00000000000000E+00	+4.94776346160889E+06	+4.94773725673676E+06	+4.94778718360901E+06 	0	0	0	0
		B	s1	19	4:28:59 PM	0.0001244828	+6.42772469295881E-11	+1.53823584776973E-14	+6.72666337918120E-02	+2.10877761840820E+01	+4.94776222012906E+06	+0.00000000000000E+00	+4.94776347694397E+06	+4.94773727302551E+06	+4.94778716735840E+06 	0	0	0	0
		B	s1	20	4:29:00 PM	0.0001379268	+6.11088839000532E-11	+1.54257639539494E-14	+6.70773569235635E-02	+2.10368633270264E+01	+4.94776222016716E+06	+0.00000000000000E+00	+4.94776349170685E+06	+4.94773726306915E+06	+4.94778717739105E+06 	0	0	0	0
		B	s1	21	4:29:03 PM	0.0001520602	+6.07872781135250E-11	+1.54094117122227E-14	+6.71485380220374E-02	+2.10745735168457E+01	+4.94776223523512E+06	+0.00000000000000E+00	+4.94776352699280E+06	+4.94773725990296E+06	+4.94778721069336E+06 	0	0	0	0
		B	s1	22	4:29:05 PM	0.0001668830	+6.46006420262305E-11	+1.53982586131628E-14	+6.71971737119111E-02	+2.10724754333496E+01	+4.94776225762750E+06	+0.00000000000000E+00	+4.94776353202820E+06	+4.94773730285645E+06	+4.94778721252442E+06 	0	0	0	0
		B	s1	23	4:29:07 PM	0.0001823953	+6.30035557852781E-11	+1.54068966752258E-14	+6.71594980169855E-02	+2.10359516143799E+01	+4.94776228675286E+06	+0.00000000000000E+00	+4.94776356208801E+06	+4.94773736125946E+06	+4.94778721237183E+06 	0	0	0	0
		B	s1	24	4:29:09 PM	0.0001985970	+2.52257803831305E-11	+1.53823106556845E-14	+6.72668413484903E-02	+2.10216732025146E+01	+4.94776227780768E+06	+0.00000000000000E+00	+4.94776353141785E+06	+4.94773740898133E+06	+4.94778714675904E+06 	0	0	0	0
		B	s1	25	4:29:12 PM	0.0002154881	+6.11933835428744E-11	+1.54083805959184E-14	+6.71530311370370E-02	+2.10236892700195E+01	+4.94776225036071E+06	+0.00000000000000E+00	+4.94776352840424E+06	+4.94773733699799E+06	+4.94778716384888E+06 	0	0	0	0
		B	s1	26	4:29:13 PM	0.0002330687	+1.00182087935339E-10	+1.54212875342002E-14	+6.70968272623986E-02	+2.09955596923828E+01	+4.94776224099569E+06	+0.00000000000000E+00	+4.94776356140137E+06	+4.94773734012604E+06	+4.94778714199066E+06 	0	0	0	0
		B	s1	27	4:29:16 PM	0.0002513387	+6.31282932187995E-11	+1.53806976735975E-14	+6.72738958577002E-02	+2.09601860046387E+01	+4.94776227048384E+06	+0.00000000000000E+00	+4.94776353847504E+06	+4.94773747699738E+06	+4.94778706409455E+06 	0	0	0	0
		B	s1	28	4:29:18 PM	0.0002702982	+9.91173089503467E-11	+1.54055696033521E-14	+6.71652843390632E-02	+2.09603786468506E+01	+4.94776224824395E+06	+0.00000000000000E+00	+4.94776348625183E+06	+4.94773741443634E+06	+4.94778708217621E+06 	0	0	0	0
		B	s1	29	4:29:20 PM	0.0002899470	+5.95992935641045E-11	+1.54095999907667E-14	+6.71477174054372E-02	+2.09615917205811E+01	+4.94776224179708E+06	+0.00000000000000E+00	+4.94776351802826E+06	+4.94773740005493E+06	+4.94778708366394E+06 	0	0	0	0
		B	s1	30	4:29:21 PM	0.0003102853	+6.29582449552570E-11	+1.53958345905463E-14	+6.72077539601939E-02	+2.09369850158691E+01	+4.94776224738586E+06	+0.00000000000000E+00	+4.94776350063324E+06	+4.94773745697022E+06	+4.94778703792572E+06 	0	0	0	0
		B	s1	31	4:29:23 PM	0.0003313131	+2.37228487285583E-11	+1.54214469184991E-14	+6.70961342669188E-02	+2.09635810852051E+01	+4.94776222381067E+06	+0.00000000000000E+00	+4.94776352977753E+06	+4.94773736061096E+06	+4.94778708713532E+06 	0	0	0	0
		B	s1	32	4:29:26 PM	0.0003530302	+6.30212987401605E-11	+1.53931672850856E-14	+6.72193993745811E-02	+2.09348449707031E+01	+4.94776225646488E+06	+0.00000000000000E+00	+4.94776349243164E+06	+4.94773747287750E+06	+4.94778704017639E+06 	0	0	0	0
		B	s1	33	4:29:27 PM	0.0003754369	+9.99542656787595E-11	+1.54254176318218E-14	+6.70788625023807E-02	+2.09209003448486E+01	+4.94776223496888E+06	+0.00000000000000E+00	+4.94776352489472E+06	+4.94773741600037E+06	+4.94778705406189E+06 	0	0	0	0
		B	s1	34	4:29:30 PM	0.0003985329	+6.33758735315421E-11	+1.54216047723235E-14	+6.70954476894343E-02	+2.09278259277344E+01	+4.94776221602890E+06	+0.00000000000000E+00	+4.94776352298737E+06	+4.94773739498139E+06	+4.94778703720093E+06 	0	0	0	0
		B	s1	35	4:29:31 PM	0.0004223184	+6.13383092899650E-11	+1.54099634174047E-14	+6.71461349643330E-02	+2.09154071807861E+01	+4.94776219897737E+06	+0.00000000000000E+00	+4.94776348983765E+06	+4.94773741138458E+06	+4.94778698669434E+06 	0	0	0	0
		B	s1	36	4:29:33 PM	0.0004467933	+6.47463727926634E-11	+1.54268105022102E-14	+6.70728065229601E-02	+2.09098320007324E+01	+4.94776221652487E+06	+0.00000000000000E+00	+4.94776350528717E+06	+4.94773740844727E+06	+4.94778702472687E+06 	0	0	0	0
		B	s1	37	4:29:35 PM	0.0004719576	+6.33750417230232E-11	+1.54104985659102E-14	+6.71438017594727E-02	+2.09044933319092E+01	+4.94776225324150E+06	+0.00000000000000E+00	+4.94776351814270E+06	+4.94773747772217E+06	+4.94778702888489E+06 	0	0	0	0
		B	s1	38	4:29:36 PM	0.0004978114	+6.26047494811822E-11	+1.54361231726980E-14	+6.70323410887409E-02	+2.09116287231445E+01	+4.94776222245664E+06	+0.00000000000000E+00	+4.94776352012634E+06	+4.94773739727020E+06	+4.94778704776764E+06 	0	0	0	0
		B	s1	39	4:29:39 PM	0.0005243546	+6.13959741091417E-11	+1.54672625952203E-14	+6.68973881732980E-02	+2.08907737731934E+01	+4.94776223151642E+06	+0.00000000000000E+00	+4.94776353004456E+06	+4.94773738105774E+06	+4.94778708209992E+06 	0	0	0	0
		B	s1	40	4:29:41 PM	0.0005515873	+2.70960432765398E-11	+1.54565801481285E-14	+6.69436227298397E-02	+2.08855724334717E+01	+4.94776223075360E+06	+0.00000000000000E+00	+4.94776355533600E+06	+4.94773740364075E+06	+4.94778705799103E+06 	0	0	0	0
		B	s1	41	4:29:42 PM	0.0005795093	+6.32394148428814E-11	+1.54586991492323E-14	+6.69344459201431E-02	+2.08702278137207E+01	+4.94776224971272E+06	+0.00000000000000E+00	+4.94776357986450E+06	+4.94773743743897E+06	+4.94778706211090E+06 	0	0	0	0
		B	s1	42	4:29:45 PM	0.0006081209	+7.02303539635421E-11	+1.54800500523014E-14	+6.68421261303209E-02	+2.08655700683594E+01	+4.94776225951635E+06	+0.00000000000000E+00	+4.94776362529755E+06	+4.94773741851807E+06	+4.94778710063934E+06 	0	0	0	0
		B	s1	43	4:29:46 PM	0.0006374218	+6.84572350082374E-11	+1.54506586339614E-14	+6.69692774539786E-02	+2.08487606048584E+01	+4.94776229106423E+06	+0.00000000000000E+00	+4.94776360324860E+06	+4.94773751720429E+06	+4.94778706504822E+06 	0	0	0	0
		B	s1	44	4:29:48 PM	0.0006674122	+7.07288229873674E-11	+1.54756621797236E-14	+6.68610770775831E-02	+2.08287296295166E+01	+4.94776229842651E+06	+0.00000000000000E+00	+4.94776362346649E+06	+4.94773750831604E+06	+4.94778708866120E+06 	0	0	0	0
		B	s1	45	4:29:50 PM	0.0006980920	+1.09086354914754E-10	+1.54739004498485E-14	+6.68686892795216E-02	+2.08565845489502E+01	+4.94776230010483E+06	+0.00000000000000E+00	+4.94776366825104E+06	+4.94773747966767E+06	+4.94778712066650E+06 	0	0	0	0
		B	s1	46	4:29:51 PM	0.0007294612	+3.45364609415935E-11	+1.54670732180812E-14	+6.68982046910062E-02	+2.08394298553467E+01	+4.94776232642640E+06	+0.00000000000000E+00	+4.94776367454529E+06	+4.94773753734589E+06	+4.94778711563111E+06 	0	0	0	0
		B	s1	47	4:29:53 PM	0.0007615199	+7.29683779964991E-11	+1.54765613979973E-14	+6.68571912521417E-02	+2.08176479339600E+01	+4.94776233790869E+06	+0.00000000000000E+00	+4.94776367656708E+06	+4.94773755954743E+06	+4.94778711639404E+06 	0	0	0	0
		B	s1	48	4:29:55 PM	0.0007942680	+7.35398029611477E-11	+1.54974011209291E-14	+6.67672875376576E-02	+2.08224124908447E+01	+4.94776231061434E+06	+0.00000000000000E+00	+4.94776367767334E+06	+4.94773749320984E+06	+4.94778712814331E+06 	0	0	0	0
		B	s1	49	4:29:57 PM	0.0008277056	+3.50134805178607E-11	+1.54732226474827E-14	+6.68716172167959E-02	+2.08209857940674E+01	+4.94776234584327E+06	+0.00000000000000E+00	+4.94776369430542E+06	+4.94773756885529E+06	+4.94778712295532E+06 	0	0	0	0
		B	s1	50	4:29:59 PM	0.0008618326	+7.33444618322480E-11	+1.54871878135008E-14	+6.68113173239795E-02	+2.08240375518799E+01	+4.94776235188943E+06	+0.00000000000000E+00	+4.94776370746613E+06	+4.94773754890442E+06	+4.94778715499878E+06 	0	0	0	0
		B	s1	51	4:30:00 PM	0.0008966490	+7.62397881511692E-11	+1.54965760428769E-14	+6.67708407879714E-02	+2.08241767883301E+01	+4.94776237040971E+06	+0.00000000000000E+00	+4.94776375644684E+06	+4.94773755222321E+06	+4.94778718872071E+06 	0	0	0	0
		B	s1	52	4:30:02 PM	0.0009321549	+8.00102675084180E-11	+1.54918175056065E-14	+6.67913504175615E-02	+2.08243618011475E+01	+4.94776237063863E+06	+0.00000000000000E+00	+4.94776375816345E+06	+4.94773755985260E+06	+4.94778718154907E+06 	0	0	0	0
		B	s1	53	4:30:04 PM	0.0009683502	+8.00800917829289E-11	+1.54882373222673E-14	+6.68067893865696E-02	+2.08328742980957E+01	+4.94776237748599E+06	+0.00000000000000E+00	+4.94776379379273E+06	+4.94773756229401E+06	+4.94778719280243E+06 	0	0	0	0
		B	s1	54	4:30:06 PM	0.0010052349	+7.75638370292185E-11	+1.54740898562170E-14	+6.68678678287470E-02	+2.08324317932129E+01	+4.94776240972030E+06	+0.00000000000000E+00	+4.94776377452850E+06	+4.94773761772156E+06	+4.94778720184326E+06 	0	0	0	0
		B	s1	55	4:30:09 PM	0.0010428090	+8.20273848593457E-11	+1.54617031800786E-14	+6.69214368027294E-02	+2.08361606597900E+01	+4.94776241700645E+06	+0.00000000000000E+00	+4.94776379089356E+06	+4.94773764041901E+06	+4.94778719371796E+06 	0	0	0	0
		B	s1	56	4:30:11 PM	0.0010810726	+4.31872131899821E-11	+1.54758966312074E-14	+6.68600607542687E-02	+2.08317623138428E+01	+4.94776242475020E+06	+0.00000000000000E+00	+4.94776382183075E+06	+4.94773763065338E+06	+4.94778721897125E+06 	0	0	0	0
		B	s1	57	4:30:13 PM	0.0011200256	+4.27693864414868E-11	+1.54959035892922E-14	+6.67737365124261E-02	+2.08359470367432E+01	+4.94776243836848E+06	+0.00000000000000E+00	+4.94776378059387E+06	+4.94773760723114E+06	+4.94778726963043E+06 	0	0	0	0
		B	s1	58	4:30:15 PM	0.0011596681	+8.07366786404135E-11	+1.54769397006222E-14	+6.68555551169002E-02	+2.08256473541260E+01	+4.94776240991105E+06	+0.00000000000000E+00	+4.94776381874085E+06	+4.94773762142182E+06	+4.94778719852448E+06 	0	0	0	0
		B	s1	59	4:30:17 PM	0.0012000000	+8.26579612918443E-11	+1.54716589546256E-14	+6.68783738896193E-02	+2.08347110748291E+01	+4.94776241693008E+06	+0.00000000000000E+00	+4.94776382419586E+06	+4.94773762611389E+06	+4.94778720787049E+06 	0	0	0	0
		T	s2 	60	4:34:44 PM	0.0012000000	+2.25681420605528E-11	+1.54221846854750E-14	+6.70928254526153E-02	+2.13105907440186E+01	+4.94776587666731E+06	+0.00000000000000E+00	+4.94776726779938E+06	+4.94774060066223E+06	+4.94779115280151E+06 	0.904000	0.347992	0.295513	0.073323
		T	s2 	61	4:34:50 PM	0.0011596681	+4.58306046421351E-11	+1.54570802016289E-14	+6.69413522410065E-02	+2.12994136810303E+01	+4.94776610333640E+06	+0.00000000000000E+00	+4.94776760379791E+06	+4.94774078342438E+06	+4.94779142337799E+06 	0.864000	0.347992	0.291181	0.071155
		T	s2 	62	4:34:55 PM	0.0011200256	+8.87032996984696E-11	+1.54580973575658E-14	+6.69369426709770E-02	+2.12974491119385E+01	+4.94776627970893E+06	+0.00000000000000E+00	+4.94776773468018E+06	+4.94774096046448E+06	+4.94779159908295E+06 	0.848000	0.351992	0.287513	0.068535
		T	s2 	63	4:35:01 PM	0.0010810726	+5.51270271852742E-11	+1.54605259029469E-14	+6.69264270410402E-02	+2.13200740814209E+01	+4.94776632218543E+06	+0.00000000000000E+00	+4.94776782508850E+06	+4.94774097206116E+06	+4.94779167243958E+06 	0.824000	0.358000	0.280659	0.066203
		T	s2 	64	4:35:06 PM	0.0010428090	+5.92657675178438E-11	+1.54751303199692E-14	+6.68632645584956E-02	+2.13309154510498E+01	+4.94776638482257E+06	+0.00000000000000E+00	+4.94776789119721E+06	+4.94774099784851E+06	+4.94779177192688E+06 	0.784000	0.302000	0.274006	0.063017
		T	s2 	65	4:35:11 PM	0.0010052349	+9.90383385586832E-11	+1.54601513331680E-14	+6.69280455784642E-02	+2.13336315155029E+01	+4.94776643164809E+06	+0.00000000000000E+00	+4.94776796970368E+06	+4.94774106601715E+06	+4.94779179740906E+06 	0.752000	0.336000	0.267289	0.060882
		T	s2 	66	4:35:16 PM	0.0009683502	+2.58644741204644E-11	+1.54775764938538E-14	+6.68526948410070E-02	+2.13257007598877E+01	+4.94776646716282E+06	+0.00000000000000E+00	+4.94776793029785E+06	+4.94774108238220E+06	+4.94779185207367E+06 	0.720000	0.278000	0.260282	0.058428
		T	s2 	67	4:35:22 PM	0.0009321549	+6.53026491220939E-11	+1.54449675030893E-14	+6.69938393311765E-02	+2.13362178802490E+01	+4.94776653134531E+06	+0.00000000000000E+00	+4.94776798595429E+06	+4.94774118755341E+06	+4.94779187526703E+06 	0.744000	0.248000	0.252084	0.054759
		T	s2 	68	4:35:28 PM	0.0008966490	+6.95647944647178E-11	+1.54630257805466E-14	+6.69156023661392E-02	+2.13360004425049E+01	+4.94776649995020E+06	+0.00000000000000E+00	+4.94776802330017E+06	+4.94774112678528E+06	+4.94779187324524E+06 	0.688000	0.220000	0.241435	0.051112
		T	s2 	69	4:35:33 PM	0.0008618326	+3.44454905596747E-11	+1.54581609252099E-14	+6.69366600417644E-02	+2.13803691864014E+01	+4.94776655203966E+06	+0.00000000000000E+00	+4.94776806922913E+06	+4.94774113410950E+06	+4.94779197010040E+06 	0.672000	0.202000	0.233859	0.048427
		T	s2 	70	4:35:39 PM	0.0008277056	+6.97228133298961E-11	+1.54569774896010E-14	+6.69417835354972E-02	+2.13479423522949E+01	+4.94776660344292E+06	+0.00000000000000E+00	+4.94776806468964E+06	+4.94774122600556E+06	+4.94779198101044E+06 	0.672000	0.226000	0.230525	0.048694
		T	s2 	71	4:35:45 PM	0.0007942680	+3.57991180846324E-11	+1.54596336151986E-14	+6.69302817217644E-02	+2.13485736846924E+01	+4.94776662266896E+06	+0.00000000000000E+00	+4.94776807929993E+06	+4.94774124011994E+06	+4.94779200534821E+06 	0.656000	0.206000	0.226460	0.046757
		T	s2 	72	4:35:50 PM	0.0007615199	+7.43498514819550E-11	+1.54704772516563E-14	+6.68833671199203E-02	+2.13541450500488E+01	+4.94776667918358E+06	+0.00000000000000E+00	+4.94776811443329E+06	+4.94774127220154E+06	+4.94779208629608E+06 	0.632000	0.206000	0.221433	0.045021
		T	s2 	73	4:35:56 PM	0.0007294612	+7.32785873237167E-11	+1.54314775578680E-14	+6.70523995233636E-02	+2.13829288482666E+01	+4.94776670571495E+06	+0.00000000000000E+00	+4.94776814929962E+06	+4.94774132862091E+06	+4.94779208293915E+06 	0.640000	0.170000	0.216032	0.044319
		T	s2 	74	4:36:01 PM	0.0006980920	+7.54568100538493E-11	+1.54469403704331E-14	+6.69852789345808E-02	+2.13834075927734E+01	+4.94776667952692E+06	+0.00000000000000E+00	+4.94776812873841E+06	+4.94774127643585E+06	+4.94779208274842E+06 	0.608000	0.178000	0.210484	0.043320
		T	s2 	75	4:36:07 PM	0.0006674122	+3.80170264804194E-11	+1.54333154628702E-14	+6.70444143476733E-02	+2.13819732666016E+01	+4.94776671000648E+06	+0.00000000000000E+00	+4.94776817417145E+06	+4.94774133102417E+06	+4.94779208911896E+06 	0.608000	0.188000	0.206479	0.042160
		T	s2 	76	4:36:13 PM	0.0006374218	+3.90286328833238E-11	+1.54375199797664E-14	+6.70261543774606E-02	+2.13546867370605E+01	+4.94776670828999E+06	+0.00000000000000E+00	+4.94776814674378E+06	+4.94774135478974E+06	+4.94779206192017E+06 	0.608000	0.184000	0.202165	0.042109
		T	s2 	77	4:36:18 PM	0.0006081209	+4.24500022556576E-11	+1.54637507828034E-14	+6.69124593309813E-02	+2.13838977813721E+01	+4.94776671309611E+06	+0.00000000000000E+00	+4.94776820564270E+06	+4.94774128177643E+06	+4.94779214454651E+06 	0.592000	0.184000	0.197904	0.040204
		T	s2 	78	4:36:23 PM	0.0005795093	+4.03564703404291E-11	+1.54482562298941E-14	+6.69795706307459E-02	+2.14301967620850E+01	+4.94776677546626E+06	+0.00000000000000E+00	+4.94776822578430E+06	+4.94774131462097E+06	+4.94779223644257E+06 	0.576000	0.198000	0.192047	0.040360
		T	s2 	79	4:36:29 PM	0.0005515873	+7.88134083471471E-11	+1.54468671335853E-14	+6.69855927733368E-02	+2.14586791992187E+01	+4.94776681811441E+06	+0.00000000000000E+00	+4.94776825920105E+06	+4.94774132572174E+06	+4.94779231063843E+06 	0.584000	0.168000	0.187588	0.038311
		T	s2 	80	4:36:34 PM	0.0005243546	+4.52674385049158E-11	+1.54376838083943E-14	+6.70254397948616E-02	+2.15038471221924E+01	+4.94776682950109E+06	+0.00000000000000E+00	+4.94776823913574E+06	+4.94774129863739E+06	+4.94779236049652E+06 	0.552000	0.196000	0.182417	0.037499
		T	s2 	81	4:36:39 PM	0.0004978114	+4.75232056703196E-11	+1.54013989590854E-14	+6.71833450039104E-02	+2.15250720977783E+01	+4.94776694153893E+06	+0.00000000000000E+00	+4.94776833015442E+06	+4.94774144554138E+06	+4.94779243766785E+06 	0.552000	0.144000	0.178601	0.037533
		T	s2 	82	4:36:44 PM	0.0004719576	+8.69309881410054E-11	+1.54350162191668E-14	+6.70370218004099E-02	+2.15159664154053E+01	+4.94776689620102E+06	+0.00000000000000E+00	+4.94776832115173E+06	+4.94774135536194E+06	+4.94779243717194E+06 	0.528000	0.142000	0.173626	0.036282
		T	s2 	83	4:36:50 PM	0.0004467933	+9.08804362706914E-11	+1.54008703156788E-14	+6.71856469763629E-02	+2.15900459289551E+01	+4.94776709372588E+06	+0.00000000000000E+00	+4.94776848133087E+06	+4.94774152164459E+06	+4.94779266593933E+06 	0.528000	0.152000	0.168542	0.035738
		T	s2 	84	4:36:55 PM	0.0004223184	+9.32822170909085E-11	+1.53987691949704E-14	+6.71948114151703E-02	+2.16333675384521E+01	+4.94776719910664E+06	+0.00000000000000E+00	+4.94776856124878E+06	+4.94774157920838E+06	+4.94779281913758E+06 	0.536000	0.144000	0.163707	0.034327
		T	s2 	85	4:37:00 PM	0.0003985329	+6.99432769563308E-11	+1.53895950133524E-14	+6.72348624887179E-02	+2.16929798126221E+01	+4.94776740855231E+06	+0.00000000000000E+00	+4.94776869087219E+06	+4.94774173336029E+06	+4.94779308387757E+06 	0.512000	0.146000	0.159091	0.033644
		T	s2 	86	4:37:06 PM	0.0003754369	+7.92011260575828E-11	+1.53751306758306E-14	+6.72981099576592E-02	+2.17530345916748E+01	+4.94776757506360E+06	+0.00000000000000E+00	+4.94776891815186E+06	+4.94774185298920E+06	+4.94779329727173E+06 	0.480000	0.146000	0.155294	0.032369
		T	s2 	87	4:37:11 PM	0.0003530302	+5.90758677641812E-11	+1.53852559560227E-14	+6.72538086010418E-02	+2.18445568084717E+01	+4.94776799464150E+06	+0.00000000000000E+00	+4.94776918460846E+06	+4.94774214733124E+06	+4.94779384208679E+06 	0.504000	0.134000	0.150768	0.032065
		T	s2 	88	4:37:16 PM	0.0003313131	+4.39860548659874E-11	+1.53526930404482E-14	+6.73964418863737E-02	+2.19026775360107E+01	+4.94776841315187E+06	+0.00000000000000E+00	+4.94776953907013E+06	+4.94774255191803E+06	+4.94779427452088E+06 	0.480000	0.132000	0.145464	0.030262
		T	s2 	89	4:37:21 PM	0.0003102853	+6.74617496368772E-11	+1.53380278558192E-14	+6.74608706524049E-02	+2.19927234649658E+01	+4.94776882212513E+06	+0.00000000000000E+00	+4.94776996185303E+06	+4.94774287937165E+06	+4.94779476501465E+06 	0.432000	0.166000	0.141783	0.030003
		T	s2 	90	4:37:26 PM	0.0002899470	+9.27516674973434E-11	+1.53303893208403E-14	+6.74944690173829E-02	+2.20882682800293E+01	+4.94776936295331E+06	+0.00000000000000E+00	+4.94777050468445E+06	+4.94774332046509E+06	+4.94779540557861E+06 	0.424000	0.166000	0.136989	0.030427
		T	s2 	91	4:37:32 PM	0.0002702982	+5.51027164650121E-11	+1.53293353873590E-14	+6.74990917380353E-02	+2.21634902954102E+01	+4.94777001194730E+06	+0.00000000000000E+00	+4.94777101741791E+06	+4.94774388256073E+06	+4.94779614147186E+06 	0.440000	0.140000	0.132774	0.027865
		T	s2 	92	4:37:37 PM	0.0002513387	+5.80295981503561E-11	+1.53093192375717E-14	+6.75873234706433E-02	+2.22724227905273E+01	+4.94777073918069E+06	+0.00000000000000E+00	+4.94777169837952E+06	+4.94774451564789E+06	+4.94779696285248E+06 	0.440000	0.136000	0.127759	0.028802
		T	s2 	93	4:37:43 PM	0.0002330687	+6.15660829219304E-11	+1.53023985108724E-14	+6.76178690805501E-02	+2.22342891693115E+01	+4.94777153366799E+06	+0.00000000000000E+00	+4.94777237712860E+06	+4.94774536685944E+06	+4.94779770061493E+06 	0.408000	0.120000	0.123032	0.027126
		T	s2 	94	4:37:48 PM	0.0002154881	+9.41912326299821E-11	+1.52780041340203E-14	+6.77258185034821E-02	+2.21781997680664E+01	+4.94777211716465E+06	+0.00000000000000E+00	+4.94777297042847E+06	+4.94774605796814E+06	+4.94779817649842E+06 	0.392000	0.114000	0.118178	0.025483
		T	s2 	95	4:37:54 PM	0.0001985970	+8.73780776990554E-11	+1.53004353998143E-14	+6.76265180228624E-02	+2.21746635437012E+01	+4.94777251107011E+06	+0.00000000000000E+00	+4.94777344768524E+06	+4.94774641777039E+06	+4.94779860450745E+06 	0.376000	0.144000	0.113787	0.025429
		T	s2 	96	4:37:59 PM	0.0001823953	+7.90914302809966E-11	+1.52925750922108E-14	+6.76612631631648E-02	+2.21186733245850E+01	+4.94777304320172E+06	+0.00000000000000E+00	+4.94777393497467E+06	+4.94774702915192E+06	+4.94779905738831E+06 	0.368000	0.116000	0.108285	0.024400
		T	s2 	97	4:38:05 PM	0.0001668830	+3.18903389652885E-11	+1.53248178831881E-14	+6.75188970507904E-02	+2.20649318695068E+01	+4.94777339413485E+06	+0.00000000000000E+00	+4.94777429485321E+06	+4.94774738857269E+06	+4.94779939983368E+06 	0.392000	0.184000	0.103547	0.022626
		T	s2 	98	4:38:11 PM	0.0001520602	+8.32847981522562E-11	+1.53153793805478E-14	+6.75604995768637E-02	+2.20496387481689E+01	+4.94777367821553E+06	+0.00000000000000E+00	+4.94777464393616E+06	+4.94774770668030E+06	+4.94779964988709E+06 	0.336000	0.106000	0.098784	0.022282
		T	s2 	99	4:38:16 PM	0.0001379268	+7.31420951833876E-11	+1.52989340557636E-14	+6.76331117916396E-02	+2.20277690887451E+01	+4.94777407240755E+06	+0.00000000000000E+00	+4.94777503067017E+06	+4.94774815448761E+06	+4.94779999046326E+06 	0.328000	0.118000	0.094968	0.021979
		T	s2 	100	4:38:22 PM	0.0001244828	+5.86867592009050E-11	+1.53245314523953E-14	+6.75201323174371E-02	+2.20196170806885E+01	+4.94777437346328E+06	+0.00000000000000E+00	+4.94777539939881E+06	+4.94774842178345E+06	+4.94780032527924E+06 	0.304000	0.148000	0.089528	0.022229
		T	s2 	101	4:38:27 PM	0.0001117283	+7.25111075225033E-11	+1.53665426016345E-14	+6.73355293822136E-02	+2.20435485839844E+01	+4.94777463768777E+06	+0.00000000000000E+00	+4.94777558952332E+06	+4.94774858657837E+06	+4.94780068893433E+06 	0.304000	0.148000	0.085610	0.020203
		T	s2 	102	4:38:32 PM	0.0000996632	+5.83477939646332E-11	+1.53568061698960E-14	+6.73782112768940E-02	+2.19923095703125E+01	+4.94777499680377E+06	+0.00000000000000E+00	+4.94777599155426E+06	+4.94774902271271E+06	+4.94780097103119E+06 	0.288000	0.100000	0.081608	0.020002
		T	s2 	103	4:38:38 PM	0.0000882876	+7.61782191833296E-11	+1.53204747341564E-14	+6.75379837167572E-02	+2.20150947570801E+01	+4.94777537342901E+06	+0.00000000000000E+00	+4.94777639331818E+06	+4.94774943393707E+06	+4.94780131305695E+06 	0.272000	0.138000	0.076207	0.020775
		T	s2 	104	4:38:43 PM	0.0000776013	+9.01198844080557E-11	+1.53410901804169E-14	+6.74472216429456E-02	+2.19939804077148E+01	+4.94777552521577E+06	+0.00000000000000E+00	+4.94777658088684E+06	+4.94774957572937E+06	+4.94780147483826E+06 	0.256000	0.108000	0.071210	0.018669
		T	s2 	105	4:38:49 PM	0.0000676045	+7.60285201770496E-11	+1.53304323730412E-14	+6.74941026345882E-02	+2.19593124389648E+01	+4.94777584469697E+06	+0.00000000000000E+00	+4.94777696342468E+06	+4.94774995410919E+06	+4.94780173542023E+06 	0.240000	0.094000	0.065815	0.017431
		T	s2 	106	4:38:54 PM	0.0000582972	+2.29096970424586E-11	+1.53947362366696E-14	+6.72121730125683E-02	+2.19851226806641E+01	+4.94777608521290E+06	+0.00000000000000E+00	+4.94777733860016E+06	+4.94775005546570E+06	+4.94780211509705E+06 	0.232000	0.088000	0.063027	0.017225
		T	s2 	107	4:39:00 PM	0.0000496793	+7.27673168984862E-11	+1.54245506115146E-14	+6.70822461374668E-02	+2.19639759063721E+01	+4.94777650299841E+06	+0.00000000000000E+00	+4.94777756004334E+06	+4.94775044792175E+06	+4.94780255821228E+06 	0.256000	0.158000	0.058199	0.019371
		T	s2 	108	4:39:06 PM	0.0000417508	+5.71677942026803E-11	+1.53363556470537E-14	+6.74680087016307E-02	+2.18085823059082E+01	+4.94777680050839E+06	+0.00000000000000E+00	+4.94777784000397E+06	+4.94775107769013E+06	+4.94780252346039E+06 	0.216000	0.124000	0.053543	0.015454
		T	s2 	109	4:39:11 PM	0.0000345117	+4.12913693426184E-11	+1.53307991779518E-14	+6.74924528878087E-02	+2.17736473083496E+01	+4.94777712327019E+06	+0.00000000000000E+00	+4.94777819087982E+06	+4.94775145095825E+06	+4.94780279571533E+06 	0.192000	0.120000	0.047529	0.014974
		T	s2 	110	4:39:17 PM	0.0000279621	+6.13928726102223E-11	+1.53683978786268E-14	+6.73273257082601E-02	+2.16957664489746E+01	+4.94777739024193E+06	+0.00000000000000E+00	+4.94777855052948E+06	+4.94775174701691E+06	+4.94780303359986E+06 	0.176000	0.130000	0.044870	0.015594
		T	s2 	111	4:39:23 PM	0.0000221019	+2.73314895405381E-11	+1.53944328387621E-14	+6.72134484732312E-02	+2.16951084136963E+01	+4.94777789521226E+06	+0.00000000000000E+00	+4.94777916805268E+06	+4.94775220932007E+06	+4.94780358123779E+06 	0.192000	0.076000	0.040198	0.013798
		T	s2 	112	4:39:28 PM	0.0000169311	+7.59479939583988E-11	+1.54440949110772E-14	+6.69973069157519E-02	+2.16828308105469E+01	+4.94777825764629E+06	+0.00000000000000E+00	+4.94777953926087E+06	+4.94775250347138E+06	+4.94780401195526E+06 	0.144000	0.132000	0.037393	0.014252
		T	s2 	113	4:39:34 PM	0.0000124498	+9.82434931961116E-11	+1.53883994382430E-14	+6.72397807081038E-02	+2.16526641845703E+01	+4.94777864764253E+06	+0.00000000000000E+00	+4.94777997299195E+06	+4.94775302204132E+06	+4.94780427337647E+06 	0.144000	0.120000	0.034592	0.012733
		T	s2 	114	4:39:39 PM	0.0000086579	+5.40056696438272E-11	+1.54399105113583E-14	+6.70154425020542E-02	+2.16735210418701E+01	+4.94777905066473E+06	+0.00000000000000E+00	+4.94778022476196E+06	+4.94775331451416E+06	+4.94780478694916E+06 	0.144000	0.094000	0.026424	0.013093
		T	s2 	115	4:39:45 PM	0.0000055555	+6.89848267346014E-11	+1.54282619838880E-14	+6.70660342992858E-02	+2.17371425628662E+01	+4.94777926039649E+06	+0.00000000000000E+00	+4.94778051177979E+06	+4.94775346817017E+06	+4.94780505275726E+06 	0.160000	0.108000	0.024495	0.014302
		T	s2 	116	4:39:51 PM	0.0000031425	+8.14827460636567E-11	+1.54470678767779E-14	+6.69843790744856E-02	+2.17855739593506E+01	+4.94777949265387E+06	+0.00000000000000E+00	+4.94778080230713E+06	+4.94775361145020E+06	+4.94780537399292E+06 	0.128000	0.124000	0.022707	0.015847
		T	s2 	117	4:39:56 PM	0.0000014189	+8.69743756100613E-11	+1.54014418425582E-14	+6.71828135636682E-02	+2.18308849334717E+01	+4.94777962254443E+06	+0.00000000000000E+00	+4.94778093460083E+06	+4.94775376411438E+06	+4.94780548110962E+06 	0.120000	0.104000	0.022233	0.011170
		T	s2 	118	4:40:01 PM	0.0000003847	+1.42392675459199E-10	+1.53836233479753E-14	+6.72606323272580E-02	+2.17543334960938E+01	+4.94777953181248E+06	+0.00000000000000E+00	+4.94778074089050E+06	+4.94775379386902E+06	+4.94780526988983E+06 	0.104000	0.100000	0.021501	0.014973
		T	s2 	119	4:40:07 PM	0.0000000400	+2.73946550512219E-10	+1.54252405602136E-14	+6.70791594422950E-02	+2.17373771667480E+01	+4.94777968218759E+06	+0.00000000000000E+00	+4.94778055545807E+06	+4.94775389472962E+06	+4.94780546977997E+06 	0.120000	0.080000	0.014749	0.013321
		B	s3	120	4:43:18 PM	0.0000000400	+2.74850516728429E-11	+1.53537557600597E-14	+6.73919332020662E-02	+2.06232833862305E+01	+4.94776267915455E+06	+0.00000000000000E+00	+4.94776358386994E+06	+4.94773832691193E+06	+4.94778703151703E+06 	0	0	0	0
		B	s3	121	4:43:19 PM	0.0000003847	+7.18759339935117E-11	+1.54733376622178E-14	+6.68711221188309E-02	+2.10608825683594E+01	+4.94776227315277E+06	+0.00000000000000E+00	+4.94776361976624E+06	+4.94773721050263E+06	+4.94778733592987E+06 	0	0	0	0
		B	s3	122	4:43:21 PM	0.0000014189	+4.29037737311723E-11	+1.53961974220683E-14	+6.72061645504335E-02	+2.12082042694092E+01	+4.94776245246237E+06	+0.00000000000000E+00	+4.94776384281159E+06	+4.94773734031677E+06	+4.94778756473541E+06 	0	0	0	0
		B	s3	123	4:43:24 PM	0.0000031425	+4.36847678022507E-11	+1.53912363292467E-14	+6.72278242206884E-02	+2.10644912719727E+01	+4.94776256463444E+06	+0.00000000000000E+00	+4.94776389007568E+06	+4.94773763069153E+06	+4.94778749870300E+06 	0	0	0	0
		B	s3	124	4:43:26 PM	0.0000055555	+4.77114949675085E-11	+1.54089953185644E-14	+6.71503416035246E-02	+2.09987049102783E+01	+4.94776263892592E+06	+0.00000000000000E+00	+4.94776392520905E+06	+4.94773775417328E+06	+4.94778752380371E+06 	0	0	0	0
		B	s3	125	4:43:28 PM	0.0000086579	+9.06984473495002E-11	+1.53840102069168E-14	+6.72593978507054E-02	+2.08908462524414E+01	+4.94776272586371E+06	+0.00000000000000E+00	+4.94776388645172E+06	+4.94773800907135E+06	+4.94778744277954E+06 	0	0	0	0
		B	s3	126	4:43:30 PM	0.0000124498	+2.90661591275599E-12	+1.53582371760849E-14	+6.73722711480956E-02	+2.07707862854004E+01	+4.94776259116766E+06	+0.00000000000000E+00	+4.94776380622864E+06	+4.94773805759430E+06	+4.94778712486267E+06 	0	0	0	0
		B	s3	127	4:43:33 PM	0.0000169311	+1.00163114069468E-11	+1.53489675804764E-14	+6.74129567295332E-02	+2.07265186309814E+01	+4.94776266776712E+06	+0.00000000000000E+00	+4.94776390354157E+06	+4.94773820125580E+06	+4.94778713439942E+06 	0	0	0	0
		B	s3	128	4:43:35 PM	0.0000221019	+4.15941812142026E-11	+1.53863635622271E-14	+6.72491131307581E-02	+2.06177463531494E+01	+4.94776262826627E+06	+0.00000000000000E+00	+4.94776383762360E+06	+4.94773823085785E+06	+4.94778702579498E+06 	0	0	0	0
		B	s3	129	4:43:37 PM	0.0000279621	+4.24254797463167E-11	+1.53698957208775E-14	+6.73211675523649E-02	+2.05952701568604E+01	+4.94776257753105E+06	+0.00000000000000E+00	+4.94776385829926E+06	+4.94773823280335E+06	+4.94778692237854E+06 	0	0	0	0
		B	s3	130	4:43:40 PM	0.0000345117	+4.33983963269530E-11	+1.53775359578109E-14	+6.72877193642188E-02	+2.05285739898682E+01	+4.94776258003001E+06	+0.00000000000000E+00	+4.94776381965637E+06	+4.94773830207825E+06	+4.94778685810089E+06 	0	0	0	0
		B	s3	131	4:43:42 PM	0.0000417508	+8.01378695722325E-11	+1.53792588032141E-14	+6.72801811283141E-02	+2.04751224517822E+01	+4.94776259471689E+06	+0.00000000000000E+00	+4.94776373107910E+06	+4.94773837726593E+06	+4.94778681228638E+06 	0	0	0	0
		B	s3	132	4:43:44 PM	0.0000496793	+7.91540745788332E-11	+1.53770916083307E-14	+6.72896634855064E-02	+2.04752502441406E+01	+4.94776259038722E+06	+0.00000000000000E+00	+4.94776373794556E+06	+4.94773837619782E+06	+4.94778680469513E+06 	0	0	0	0
		B	s3	133	4:43:46 PM	0.0000582972	+4.21992864108204E-11	+1.53848157130012E-14	+6.72558805802055E-02	+2.04261531829834E+01	+4.94776256974993E+06	+0.00000000000000E+00	+4.94776378723145E+06	+4.94773840148926E+06	+4.94778673812866E+06 	0	0	0	0
		B	s3	134	4:43:48 PM	0.0000676045	+8.09203178103590E-11	+1.54090906641302E-14	+6.71499277025394E-02	+2.04460411071777E+01	+4.94776257999209E+06	+0.00000000000000E+00	+4.94776375827789E+06	+4.94773835002899E+06	+4.94778681007385E+06 	0	0	0	0
		B	s3	135	4:43:51 PM	0.0000776013	+8.34196612430540E-11	+1.53990754902917E-14	+6.71936011806714E-02	+2.04237785339355E+01	+4.94776254894066E+06	+0.00000000000000E+00	+4.94776379013062E+06	+4.94773836109162E+06	+4.94778673690796E+06 	0	0	0	0
		B	s3	136	4:43:52 PM	0.0000882876	+8.13237908229857E-11	+1.53888615811122E-14	+6.72381980937318E-02	+2.04129505157471E+01	+4.94776258149925E+06	+0.00000000000000E+00	+4.94776382953644E+06	+4.94773842250824E+06	+4.94778674060822E+06 	0	0	0	0
		B	s3	137	4:43:55 PM	0.0000996632	+1.26527966431573E-10	+1.54068533753869E-14	+6.71596780057355E-02	+2.04044208526611E+01	+4.94776260936552E+06	+0.00000000000000E+00	+4.94776385021210E+06	+4.94773843223572E+06	+4.94778678661347E+06 	0	0	0	0
		B	s3	138	4:43:57 PM	0.0001117283	+8.62253080631579E-11	+1.54247351554102E-14	+6.70818208651606E-02	+2.03504905700684E+01	+4.94776258828949E+06	+0.00000000000000E+00	+4.94776385467529E+06	+4.94773844707489E+06	+4.94778672962189E+06 	0	0	0	0
		B	s3	139	4:43:59 PM	0.0001244828	+4.43822918097506E-11	+1.53768997678933E-14	+6.72905011708987E-02	+2.03368968963623E+01	+4.94776265703078E+06	+0.00000000000000E+00	+4.94776384269715E+06	+4.94773860675812E+06	+4.94778670742035E+06 	0	0	0	0
		B	s3	140	4:44:01 PM	0.0001379268	+8.58689193719152E-11	+1.53747261812866E-14	+6.73000130516411E-02	+2.03475627899170E+01	+4.94776270286433E+06	+0.00000000000000E+00	+4.94776387039185E+06	+4.94773864337921E+06	+4.94778676246643E+06 	0	0	0	0
		B	s3	141	4:44:04 PM	0.0001520602	+5.15566206850298E-11	+1.54041566815421E-14	+6.71714316432764E-02	+2.03725719451904E+01	+4.94776273898914E+06	+0.00000000000000E+00	+4.94776397468567E+06	+4.94773860382080E+06	+4.94778687427521E+06 	0	0	0	0
		B	s3	142	4:44:06 PM	0.0001668830	+5.18111918659759E-11	+1.53864762665013E-14	+6.72486179535974E-02	+2.03395996093750E+01	+4.94776272334921E+06	+0.00000000000000E+00	+4.94776391239166E+06	+4.94773865489960E+06	+4.94778679191590E+06 	0	0	0	0
		B	s3	143	4:44:08 PM	0.0001823953	+5.43820330840087E-11	+1.53969934964670E-14	+6.72026826705153E-02	+2.03359184265137E+01	+4.94776271396499E+06	+0.00000000000000E+00	+4.94776394489288E+06	+4.94773863342285E+06	+4.94778679462433E+06 	0	0	0	0
		B	s3	144	4:44:10 PM	0.0001985970	+4.98498148728843E-11	+1.53951552507077E-14	+6.72107082093286E-02	+2.02937240600586E+01	+4.94776266765483E+06	+0.00000000000000E+00	+4.94776387542725E+06	+4.94773863994599E+06	+4.94778669548035E+06 	0	0	0	0
		B	s3	145	4:44:12 PM	0.0002154881	+4.89629672931026E-11	+1.54018656655766E-14	+6.71814251468894E-02	+2.02752208709717E+01	+4.94776267257584E+06	+0.00000000000000E+00	+4.94776394016266E+06	+4.94773865631104E+06	+4.94778668895722E+06 	0	0	0	0
		B	s3	146	4:44:14 PM	0.0002330687	+5.00092579492653E-11	+1.53806222280660E-14	+6.72742140558771E-02	+2.02841167449951E+01	+4.94776270425701E+06	+0.00000000000000E+00	+4.94776387416840E+06	+4.94773871059418E+06	+4.94778669803620E+06 	0	0	0	0
		B	s3	147	4:44:16 PM	0.0002513387	+4.93536445276233E-11	+1.54160420943175E-14	+6.71196457497270E-02	+2.02569942474365E+01	+4.94776267520798E+06	+0.00000000000000E+00	+4.94776386394501E+06	+4.94773865844727E+06	+4.94778669208527E+06 	0	0	0	0
		B	s3	148	4:44:18 PM	0.0002702982	+4.99320416131377E-11	+1.54005020285520E-14	+6.71873732860733E-02	+2.02538909912109E+01	+4.94776268871214E+06	+0.00000000000000E+00	+4.94776385818482E+06	+4.94773869983673E+06	+4.94778667770386E+06 	0	0	0	0
		B	s3	149	4:44:20 PM	0.0002899470	+5.19375059112305E-11	+1.53946547479325E-14	+6.72128925801200E-02	+2.02549304962158E+01	+4.94776269517809E+06	+0.00000000000000E+00	+4.94776390933991E+06	+4.94773871417999E+06	+4.94778667629242E+06 	0	0	0	0
		B	s3	150	4:44:22 PM	0.0003102853	+5.24657198632173E-11	+1.54158809628287E-14	+6.71203466697614E-02	+2.02238559722900E+01	+4.94776269861134E+06	+0.00000000000000E+00	+4.94776390190125E+06	+4.94773872138977E+06	+4.94778667594910E+06 	0	0	0	0
		B	s3	151	4:44:24 PM	0.0003313131	+5.11719580119253E-11	+1.54062816057613E-14	+6.71621683683032E-02	+2.02165603637695E+01	+4.94776268739624E+06	+0.00000000000000E+00	+4.94776392894745E+06	+4.94773873374939E+06	+4.94778664115906E+06 	0	0	0	0
		B	s3	152	4:44:26 PM	0.0003530302	+5.31792909771637E-11	+1.54099913828468E-14	+6.71459997893445E-02	+2.02203197479248E+01	+4.94776268976131E+06	+0.00000000000000E+00	+4.94776389217377E+06	+4.94773872589111E+06	+4.94778665374756E+06 	0	0	0	0
		B	s3	153	4:44:28 PM	0.0003754369	+9.39232062387437E-11	+1.53990900071787E-14	+6.71935336511174E-02	+2.02113780975342E+01	+4.94776270303658E+06	+0.00000000000000E+00	+4.94776390052796E+06	+4.94773876670838E+06	+4.94778663948059E+06 	0	0	0	0
		B	s3	154	4:44:30 PM	0.0003985329	+5.16957159365540E-11	+1.54144255691328E-14	+6.71266847691132E-02	+2.01904659271240E+01	+4.94776267080240E+06	+0.00000000000000E+00	+4.94776390087128E+06	+4.94773873542786E+06	+4.94778660629273E+06 	0	0	0	0
		B	s3	155	4:44:32 PM	0.0004223184	+5.06756793659717E-11	+1.54189790126741E-14	+6.71068614364139E-02	+2.01932373046875E+01	+4.94776266597676E+06	+0.00000000000000E+00	+4.94776388069153E+06	+4.94773872024536E+06	+4.94778661182404E+06 	0	0	0	0
		B	s3	156	4:44:33 PM	0.0004467933	+5.36384260858797E-11	+1.54407903518387E-14	+6.70120677800067E-02	+2.02123680114746E+01	+4.94776266229530E+06	+0.00000000000000E+00	+4.94776392051697E+06	+4.94773865997315E+06	+4.94778666473389E+06 	0	0	0	0
		B	s3	157	4:44:36 PM	0.0004719576	+5.06624232173606E-11	+1.54165468396683E-14	+6.71174490613188E-02	+2.01763305664062E+01	+4.94776264417587E+06	+0.00000000000000E+00	+4.94776387916565E+06	+4.94773872226715E+06	+4.94778656620026E+06 	0	0	0	0
		B	s3	158	4:44:38 PM	0.0004978114	+5.08561758581024E-11	+1.54326722796903E-14	+6.70473184827087E-02	+2.01678314208984E+01	+4.94776265335015E+06	+0.00000000000000E+00	+4.94776388984680E+06	+4.94773871650696E+06	+4.94778659030915E+06 	0	0	0	0
		B	s3	159	4:44:40 PM	0.0005243546	+1.08007881015263E-11	+1.54352298057575E-14	+6.70362087131470E-02	+2.01743068695068E+01	+4.94776266908572E+06	+0.00000000000000E+00	+4.94776390800476E+06	+4.94773872058869E+06	+4.94778661769867E+06 	0	0	0	0
		B	s3	160	4:44:42 PM	0.0005515873	+5.38879979156685E-11	+1.54383845129106E-14	+6.70225106818161E-02	+2.01606101989746E+01	+4.94776265920571E+06	+0.00000000000000E+00	+4.94776390575409E+06	+4.94773872207642E+06	+4.94778659645081E+06 	0	0	0	0
		B	s3	161	4:44:45 PM	0.0005795093	+5.05432166962570E-11	+1.54664203466311E-14	+6.69010192713854E-02	+2.01389617919922E+01	+4.94776267177505E+06	+0.00000000000000E+00	+4.94776391296387E+06	+4.94773871692658E+06	+4.94778662673950E+06 	0	0	0	0
		B	s3	162	4:44:47 PM	0.0006081209	+5.78060160226465E-11	+1.54735316512772E-14	+6.68702734265028E-02	+2.01704330444336E+01	+4.94776265569587E+06	+0.00000000000000E+00	+4.94776398372650E+06	+4.94773865238190E+06	+4.94778665912628E+06 	0	0	0	0
		B	s3	163	4:44:48 PM	0.0006374218	+9.76451982145610E-11	+1.54741821298108E-14	+6.68674607974606E-02	+2.01479320526123E+01	+4.94776271655949E+06	+0.00000000000000E+00	+4.94776402301789E+06	+4.94773873901367E+06	+4.94778669422150E+06 	0	0	0	0
		B	s3	164	4:44:51 PM	0.0006674122	+5.76297205319507E-11	+1.54608236762795E-14	+6.69252355546121E-02	+2.01393699645996E+01	+4.94776271783756E+06	+0.00000000000000E+00	+4.94776399681092E+06	+4.94773877117157E+06	+4.94778666461945E+06 	0	0	0	0
		B	s3	165	4:44:52 PM	0.0006980920	+5.91232794628640E-11	+1.54668655437514E-14	+6.68990928716525E-02	+2.01365699768066E+01	+4.94776269861146E+06	+0.00000000000000E+00	+4.94776402477265E+06	+4.94773874591828E+06	+4.94778665142059E+06 	0	0	0	0
		B	s3	166	4:44:54 PM	0.0007294612	+5.94401058907766E-11	+1.54782357630940E-14	+6.68499472708412E-02	+2.01290836334228E+01	+4.94776276994625E+06	+0.00000000000000E+00	+4.94776405574799E+06	+4.94773880855561E+06	+4.94778673145294E+06 	0	0	0	0
		B	s3	167	4:44:56 PM	0.0007615199	+6.31694639179611E-11	+1.54611748621833E-14	+6.69237138655709E-02	+2.01202087402344E+01	+4.94776277498183E+06	+0.00000000000000E+00	+4.94776406223297E+06	+4.94773885055542E+06	+4.94778669952393E+06 	0	0	0	0
		B	s3	168	4:44:58 PM	0.0007942680	+6.32411830827116E-11	+1.55003843755642E-14	+6.67544246468104E-02	+2.01111049652100E+01	+4.94776277906332E+06	+0.00000000000000E+00	+4.94776407634735E+06	+4.94773880481720E+06	+4.94778675342560E+06 	0	0	0	0
		B	s3	169	4:45:00 PM	0.0008277056	+6.35974347466780E-11	+1.55016358159599E-14	+6.67490351405050E-02	+2.01279277801514E+01	+4.94776279575251E+06	+0.00000000000000E+00	+4.94776410766602E+06	+4.94773879951477E+06	+4.94778679210663E+06 	0	0	0	0
		B	s3	170	4:45:01 PM	0.0008618326	+6.68059555200406E-11	+1.54867942731734E-14	+6.68130021933972E-02	+2.01218185424805E+01	+4.94776282939829E+06	+0.00000000000000E+00	+4.94776411949158E+06	+4.94773886341095E+06	+4.94778679550171E+06 	0	0	0	0
		B	s3	171	4:45:04 PM	0.0008966490	+7.01680334804796E-11	+1.55050405709324E-14	+6.67343768770712E-02	+2.01223239898682E+01	+4.94776282649898E+06	+0.00000000000000E+00	+4.94776419269562E+06	+4.94773883167267E+06	+4.94778682144165E+06 	0	0	0	0
		B	s3	172	4:45:06 PM	0.0009321549	+6.92580992428459E-11	+1.54778537940432E-14	+6.68515946693328E-02	+2.01125469207764E+01	+4.94776285701682E+06	+0.00000000000000E+00	+4.94776418029785E+06	+4.94773891590119E+06	+4.94778679824829E+06 	0	0	0	0
		B	s3	173	4:45:08 PM	0.0009683502	+7.25505396566872E-11	+1.54812314091352E-14	+6.68370086978772E-02	+2.01254920959473E+01	+4.94776288055340E+06	+0.00000000000000E+00	+4.94776420307160E+06	+4.94773891880036E+06	+4.94778684242249E+06 	0	0	0	0
		B	s3	174	4:45:10 PM	0.0010052349	+7.39304304989273E-11	+1.54976983737262E-14	+6.67659914512137E-02	+2.01319847106934E+01	+4.94776288345241E+06	+0.00000000000000E+00	+4.94776423294068E+06	+4.94773888847351E+06	+4.94778687854767E+06 	0	0	0	0
		B	s3	175	4:45:12 PM	0.0010428090	+7.03153431651775E-11	+1.54939768444502E-14	+6.67820281138512E-02	+2.01332187652588E+01	+4.94776288324262E+06	+0.00000000000000E+00	+4.94776424976349E+06	+4.94773889255524E+06	+4.94778687404633E+06 	0	0	0	0
		B	s3	176	4:45:14 PM	0.0010810726	+7.34594098755262E-11	+1.54702197406383E-14	+6.68845829954260E-02	+2.01244754791260E+01	+4.94776288568425E+06	+0.00000000000000E+00	+4.94776420440674E+06	+4.94773894218445E+06	+4.94778682929993E+06 	0	0	0	0
		B	s3	177	4:45:16 PM	0.0011200256	+7.24633697638366E-11	+1.54862632852658E-14	+6.68152918770240E-02	+2.01479072570801E+01	+4.94776287303828E+06	+0.00000000000000E+00	+4.94776424430847E+06	+4.94773887680054E+06	+4.94778686939240E+06 	0	0	0	0
		B	s3	178	4:45:18 PM	0.0011596681	+7.16619808208728E-11	+1.54945601080090E-14	+6.67795143067843E-02	+2.01395835876465E+01	+4.94776288040063E+06	+0.00000000000000E+00	+4.94776423049927E+06	+4.94773888122559E+06	+4.94778687969208E+06 	0	0	0	0
		B	s3	179	4:45:20 PM	0.0012000000	+7.46581080450059E-11	+1.54840636039368E-14	+6.68247836696239E-02	+2.01396217346191E+01	+4.94776287502198E+06	+0.00000000000000E+00	+4.94776422248841E+06	+4.94773889205933E+06	+4.94778685810089E+06 	0	0	0	0

