	10/4/2022	Test # 005 (today) Location 5 Ramp 1	Tip #H10	Box 5b Xtal 1		DLC	250 uN	2.5%		Points/Segment: 59	
		Seg 	ID Tag	Number	Time	Power	C0	C1	L1	R1	fs	fa	fr	f1	f2	Ch1 (Pk-Pk)	Ch2 (Pk-Pk)	Ch1 (RMS)	Ch2 (RMS)	
						uW	F	F	H	Ohms	Hz	Hz	Hz	Hz	Hz	V	V	V	V	
		B	s1	0	2:45:45 PM	0.0000000400	+9.37170900781492E-12	+1.46304061637862E-14	+7.07239063528577E-02	+2.07187423706055E+01	+4.94776221807710E+06	+0.00000000000000E+00	+4.94776414707184E+06	+4.94773890571594E+06	+4.94778553054810E+06 	0	0	0	0
		B	s1	1	2:45:47 PM	0.0000002985	+4.88679191735615E-11	+1.54276761545463E-14	+6.70690329183920E-02	+2.10563564300537E+01	+4.94776259002100E+06	+0.00000000000000E+00	+4.94776394958496E+06	+4.94773760669708E+06	+4.94778757347107E+06 	0	0	0	0
		B	s1	2	2:45:49 PM	0.0000010741	+1.28933243088269E-10	+1.53852215048592E-14	+6.72541072457272E-02	+2.10410995483398E+01	+4.94776254884178E+06	+0.00000000000000E+00	+4.94776395378113E+06	+4.94773765232086E+06	+4.94778744548798E+06 	0	0	0	0
		B	s1	3	2:45:51 PM	0.0000023668	+9.46872604791259E-11	+1.53744678822165E-14	+6.73011443081735E-02	+2.09605617523193E+01	+4.94776268149845E+06	+0.00000000000000E+00	+4.94776401855469E+06	+4.94773789760590E+06	+4.94778746551514E+06 	0	0	0	0
		B	s1	4	2:45:53 PM	0.0000041766	+8.94168183365884E-11	+1.53742513152540E-14	+6.73020911234769E-02	+2.08741188049316E+01	+4.94776272603555E+06	+0.00000000000000E+00	+4.94776398277283E+06	+4.94773804470063E+06	+4.94778740749359E+06 	0	0	0	0
		B	s1	5	2:45:56 PM	0.0000065034	+9.60944418608670E-11	+1.53846832798463E-14	+6.72564547971323E-02	+2.08524684906006E+01	+4.94776274371672E+06	+0.00000000000000E+00	+4.94776395828247E+06	+4.94773807125092E+06	+4.94778741630554E+06 	0	0	0	0
		B	s1	6	2:45:58 PM	0.0000093473	+5.48531689940641E-11	+1.53443674552565E-14	+6.74331634387661E-02	+2.07625999450684E+01	+4.94776278461112E+06	+0.00000000000000E+00	+4.94776397609711E+06	+4.94773828285218E+06	+4.94778728649140E+06 	0	0	0	0
		B	s1	7	2:46:00 PM	0.0000127082	+9.04404712733970E-11	+1.53411077836636E-14	+6.74474915800881E-02	+2.07420349121094E+01	+4.94776278558401E+06	+0.00000000000000E+00	+4.94776399379730E+06	+4.94773831329346E+06	+4.94778725799561E+06 	0	0	0	0
		B	s1	8	2:46:03 PM	0.0000165862	+8.40831057412306E-11	+1.53231174336213E-14	+6.75266806603101E-02	+2.06219196319580E+01	+4.94776273874037E+06	+0.00000000000000E+00	+4.94776392501831E+06	+4.94773843669891E+06	+4.94778704090119E+06 	0	0	0	0
		B	s1	9	2:46:05 PM	0.0000209813	+4.87383009084019E-11	+1.53227985491934E-14	+6.75280854432059E-02	+2.06011295318604E+01	+4.94776275787120E+06	+0.00000000000000E+00	+4.94776390754700E+06	+4.94773848083496E+06	+4.94778703502655E+06 	0	0	0	0
		B	s1	10	2:46:07 PM	0.0000258935	+5.16192405624452E-11	+1.53339713820684E-14	+6.74788837618926E-02	+2.05335388183594E+01	+4.94776270326411E+06	+0.00000000000000E+00	+4.94776387397766E+06	+4.94773848823548E+06	+4.94778691841126E+06 	0	0	0	0
		B	s1	11	2:46:09 PM	0.0000313227	+9.22534877762197E-12	+1.53505941239585E-14	+6.74058130046694E-02	+2.05317573547363E+01	+4.94776269243025E+06	+0.00000000000000E+00	+4.94776390037537E+06	+4.94773845325470E+06	+4.94778693172455E+06 	0	0	0	0
		B	s1	12	2:46:11 PM	0.0000372690	+4.99704702366059E-11	+1.53533259899439E-14	+6.73938197110468E-02	+2.04785137176514E+01	+4.94776267640881E+06	+0.00000000000000E+00	+4.94776383972168E+06	+4.94773849578858E+06	+4.94778685714722E+06 	0	0	0	0
		B	s1	13	2:46:13 PM	0.0000437324	+8.78960355627118E-11	+1.53422645798112E-14	+6.74424079675813E-02	+2.04512653350830E+01	+4.94776271655874E+06	+0.00000000000000E+00	+4.94776386890412E+06	+4.94773858551026E+06	+4.94778684772492E+06 	0	0	0	0
		B	s1	14	2:46:15 PM	0.0000507128	+4.93930876977988E-11	+1.53623678246901E-14	+6.73541533198239E-02	+2.04329299926758E+01	+4.94776269054246E+06	+0.00000000000000E+00	+4.94776388587952E+06	+4.94773854953766E+06	+4.94778683166504E+06 	0	0	0	0
		B	s1	15	2:46:18 PM	0.0000582104	+4.66471881304842E-11	+1.53302538990384E-14	+6.74952489227812E-02	+2.04097614288330E+01	+4.94776263042321E+06	+0.00000000000000E+00	+4.94776382011414E+06	+4.94773856719971E+06	+4.94778669376374E+06 	0	0	0	0
		B	s1	16	2:46:20 PM	0.0000662249	+1.22480564145495E-10	+1.53492878980408E-14	+6.74115517922064E-02	+2.04252662658691E+01	+4.94776259898987E+06	+0.00000000000000E+00	+4.94776381347656E+06	+4.94773848758698E+06	+4.94778671051026E+06 	0	0	0	0
		B	s1	17	2:46:22 PM	0.0000747566	+4.61607133341799E-11	+1.53536629614857E-14	+6.73923428761283E-02	+2.04049892425537E+01	+4.94776259279107E+06	+0.00000000000000E+00	+4.94776379215241E+06	+4.94773849845886E+06	+4.94778668724060E+06 	0	0	0	0
		B	s1	18	2:46:24 PM	0.0000838053	+4.39986292096856E-11	+1.53867498940166E-14	+6.72474262002114E-02	+2.03573398590088E+01	+4.94776257066584E+06	+0.00000000000000E+00	+4.94776382343292E+06	+4.94773848079682E+06	+4.94778666065216E+06 	0	0	0	0
		B	s1	19	2:46:26 PM	0.0000933711	+4.52361972971244E-11	+1.53646275996298E-14	+6.73442492515870E-02	+2.03707027435303E+01	+4.94776261186467E+06	+0.00000000000000E+00	+4.94776381469727E+06	+4.94773854084015E+06	+4.94778668300629E+06 	0	0	0	0
		B	s1	20	2:46:28 PM	0.0001034540	+4.15022298192925E-11	+1.53689581863176E-14	+6.73252749710678E-02	+2.03756942749023E+01	+4.94776255164961E+06	+0.00000000000000E+00	+4.94776379272461E+06	+4.94773846794129E+06	+4.94778663547516E+06 	0	0	0	0
		B	s1	21	2:46:29 PM	0.0001140539	+3.90689249425347E-11	+1.53797332313516E-14	+6.72781054677596E-02	+2.03159446716309E+01	+4.94776260307199E+06	+0.00000000000000E+00	+4.94776373538971E+06	+4.94773857315064E+06	+4.94778663311005E+06 	0	0	0	0
		B	s1	22	2:46:32 PM	0.0001251709	+4.77066459886259E-11	+1.53944246633398E-14	+6.72138999568851E-02	+2.03516693115234E+01	+4.94776259157036E+06	+0.00000000000000E+00	+4.94776384468079E+06	+4.94773849639893E+06	+4.94778668685913E+06 	0	0	0	0
		B	s1	23	2:46:34 PM	0.0001368050	+4.65908226782034E-11	+1.53922633014397E-14	+6.72233379766618E-02	+2.03148422241211E+01	+4.94776259414551E+06	+0.00000000000000E+00	+4.94776386882782E+06	+4.94773854595185E+06	+4.94778664245606E+06 	0	0	0	0
		B	s1	24	2:46:36 PM	0.0001489561	+8.92735169095508E-11	+1.53608321724029E-14	+6.73608891956464E-02	+2.03022747039795E+01	+4.94776260423569E+06	+0.00000000000000E+00	+4.94776382789612E+06	+4.94773861999512E+06	+4.94778658859253E+06 	0	0	0	0
		B	s1	25	2:46:38 PM	0.0001616243	+4.79103291170980E-11	+1.54020987149933E-14	+6.71804089908458E-02	+2.03229789733887E+01	+4.94776265905246E+06	+0.00000000000000E+00	+4.94776386470795E+06	+4.94773858585358E+06	+4.94778673236847E+06 	0	0	0	0
		B	s1	26	2:46:40 PM	0.0001748096	+5.10969696169663E-11	+1.53807570851939E-14	+6.72736246055295E-02	+2.03284263610840E+01	+4.94776268939851E+06	+0.00000000000000E+00	+4.94776388843537E+06	+4.94773864311218E+06	+4.94778673580170E+06 	0	0	0	0
		B	s1	27	2:46:42 PM	0.0001885119	+5.25553764339821E-11	+1.53759601759482E-14	+6.72946121684821E-02	+2.03204936981201E+01	+4.94776269307977E+06	+0.00000000000000E+00	+4.94776396678925E+06	+4.94773866367340E+06	+4.94778672260285E+06 	0	0	0	0
		B	s1	28	2:46:45 PM	0.0002027314	+5.17797393891174E-11	+1.53590271885881E-14	+6.73688010596301E-02	+2.03087768554687E+01	+4.94776276389982E+06	+0.00000000000000E+00	+4.94776391246796E+06	+4.94773877479553E+06	+4.94778675312042E+06 	0	0	0	0
		B	s1	29	2:46:46 PM	0.0002174679	+9.28931041286890E-11	+1.53556281609569E-14	+6.73837155819161E-02	+2.02799053192139E+01	+4.94776268394396E+06	+0.00000000000000E+00	+4.94776391426087E+06	+4.94773873424530E+06	+4.94778663375855E+06 	0	0	0	0
		B	s1	30	2:46:48 PM	0.0002327214	+9.39474420378763E-11	+1.53597000386446E-14	+6.73658513397725E-02	+2.02638721466064E+01	+4.94776271060875E+06	+0.00000000000000E+00	+4.94776390899658E+06	+4.94773877349854E+06	+4.94778664783478E+06 	0	0	0	0
		B	s1	31	2:46:50 PM	0.0002484920	+5.13366736773716E-11	+1.53762412238765E-14	+6.72933813350232E-02	+2.02738151550293E+01	+4.94776272315893E+06	+0.00000000000000E+00	+4.94776389579773E+06	+4.94773874851227E+06	+4.94778669792176E+06 	0	0	0	0
		B	s1	32	2:46:52 PM	0.0002647797	+5.34885347601239E-11	+1.53676085424539E-14	+6.73311829543433E-02	+2.02532501220703E+01	+4.94776272754601E+06	+0.00000000000000E+00	+4.94776391860962E+06	+4.94773879066467E+06	+4.94778666454315E+06 	0	0	0	0
		B	s1	33	2:46:54 PM	0.0002815845	+5.38448135790736E-11	+1.53792474110340E-14	+6.72802291619524E-02	+2.02479858398438E+01	+4.94776266105578E+06	+0.00000000000000E+00	+4.94776392292023E+06	+4.94773871227265E+06	+4.94778660995484E+06 	0	0	0	0
		B	s1	34	2:46:56 PM	0.0002989063	+5.44242588304058E-11	+1.53763020946039E-14	+6.72931153943027E-02	+2.02237186431885E+01	+4.94776270639362E+06	+0.00000000000000E+00	+4.94776389968872E+06	+4.94773879089356E+06	+4.94778662200928E+06 	0	0	0	0
		B	s1	35	2:46:58 PM	0.0003167453	+1.21229744226206E-11	+1.53961333469229E-14	+6.72064374060675E-02	+2.02345733642578E+01	+4.94776270427625E+06	+0.00000000000000E+00	+4.94776393924713E+06	+4.94773874507904E+06	+4.94778666358948E+06 	0	0	0	0
		B	s1	36	2:47:00 PM	0.0003351012	+9.30426766784532E-11	+1.53945101753618E-14	+6.72135244298344E-02	+2.02112693786621E+01	+4.94776267156537E+06	+0.00000000000000E+00	+4.94776386489868E+06	+4.94773874248505E+06	+4.94778660076141E+06 	0	0	0	0
		B	s1	37	2:47:02 PM	0.0003539743	+5.11489767881755E-11	+1.54145575367552E-14	+6.71261102407950E-02	+2.02084255218506E+01	+4.94776266494673E+06	+0.00000000000000E+00	+4.94776392910004E+06	+4.94773870807648E+06	+4.94778662193299E+06 	0	0	0	0
		B	s1	38	2:47:04 PM	0.0003733644	+5.21142726882561E-11	+1.54006991042949E-14	+6.71865137943468E-02	+2.02110862731934E+01	+4.94776267860344E+06	+0.00000000000000E+00	+4.94776391204834E+06	+4.94773874011994E+06	+4.94778661720276E+06 	0	0	0	0
		B	s1	39	2:47:06 PM	0.0003932716	+4.92488219875154E-11	+1.53905265847632E-14	+6.72309219100175E-02	+2.01663856506348E+01	+4.94776265909159E+06	+0.00000000000000E+00	+4.94776388362885E+06	+4.94773878932953E+06	+4.94778652896881E+06 	0	0	0	0
		B	s1	40	2:47:08 PM	0.0004136958	+9.13966322966633E-11	+1.54005121281904E-14	+6.71873297737445E-02	+2.01468200683594E+01	+4.94776266849486E+06	+0.00000000000000E+00	+4.94776387779236E+06	+4.94773880641937E+06	+4.94778653068543E+06 	0	0	0	0
		B	s1	41	2:47:10 PM	0.0004346372	+5.29075731098693E-11	+1.54165838601949E-14	+6.71172874307323E-02	+2.01739654541016E+01	+4.94776266107500E+06	+0.00000000000000E+00	+4.94776392700195E+06	+4.94773874191284E+06	+4.94778658035278E+06 	0	0	0	0
		B	s1	42	2:47:13 PM	0.0004560956	+5.28345466659732E-11	+1.53984654754291E-14	+6.71962592364761E-02	+2.01635742187500E+01	+4.94776269027670E+06	+0.00000000000000E+00	+4.94776391067505E+06	+4.94773881153107E+06	+4.94778656913757E+06 	0	0	0	0
		B	s1	43	2:47:14 PM	0.0004780710	+5.58183764461772E-11	+1.54187506973831E-14	+6.71078550508958E-02	+2.01706638336182E+01	+4.94776266891420E+06	+0.00000000000000E+00	+4.94776391365051E+06	+4.94773875030518E+06	+4.94778658763886E+06 	0	0	0	0
		B	s1	44	2:47:16 PM	0.0005005636	+5.15608043561249E-11	+1.54223809671366E-14	+6.70920587314618E-02	+2.01509284973145E+01	+4.94776266231486E+06	+0.00000000000000E+00	+4.94776391277313E+06	+4.94773876148224E+06	+4.94778656326294E+06 	0	0	0	0
		B	s1	45	2:47:18 PM	0.0005235732	+5.08413016126905E-11	+1.54191840757535E-14	+6.71059689226618E-02	+2.01409683227539E+01	+4.94776266763645E+06	+0.00000000000000E+00	+4.94776390659332E+06	+4.94773878356934E+06	+4.94778655181885E+06 	0	0	0	0
		B	s1	46	2:47:20 PM	0.0005470999	+5.26536572680068E-11	+1.54245908740528E-14	+6.70824459919846E-02	+2.01241645812988E+01	+4.94776267515146E+06	+0.00000000000000E+00	+4.94776392967224E+06	+4.94773880264282E+06	+4.94778654777527E+06 	0	0	0	0
		B	s1	47	2:47:22 PM	0.0005711436	+5.63672275896378E-11	+1.54248415343791E-14	+6.70813558096989E-02	+2.01428260803223E+01	+4.94776267749739E+06	+0.00000000000000E+00	+4.94776395496369E+06	+4.94773878246308E+06	+4.94778657264710E+06 	0	0	0	0
		B	s1	48	2:47:24 PM	0.0005957044	+5.35989678098013E-11	+1.54242301828189E-14	+6.70840151101841E-02	+2.01221752166748E+01	+4.94776265987361E+06	+0.00000000000000E+00	+4.94776393970490E+06	+4.94773879028321E+06	+4.94778652957917E+06 	0	0	0	0
		B	s1	49	2:47:27 PM	0.0006207823	+5.60612822151412E-11	+1.54297382471166E-14	+6.70600664617185E-02	+2.01273841857910E+01	+4.94776270364719E+06	+0.00000000000000E+00	+4.94776395778656E+06	+4.94773881935120E+06	+4.94778658805847E+06 	0	0	0	0
		B	s1	50	2:47:28 PM	0.0006463773	+9.64565212409163E-11	+1.54460773850603E-14	+6.69891289888938E-02	+2.01166419982910E+01	+4.94776270847272E+06	+0.00000000000000E+00	+4.94776398639679E+06	+4.94773881164551E+06	+4.94778660541535E+06 	0	0	0	0
		B	s1	51	2:47:30 PM	0.0006724893	+5.90616149702894E-11	+1.54597518383119E-14	+6.69298762960886E-02	+2.01143131256104E+01	+4.94776268985691E+06	+0.00000000000000E+00	+4.94776398918152E+06	+4.94773877464295E+06	+4.94778660518646E+06 	0	0	0	0
		B	s1	52	2:47:32 PM	0.0006991184	+5.70496945162886E-11	+1.54407463007500E-14	+6.70122578357770E-02	+2.00978565216064E+01	+4.94776270378079E+06	+0.00000000000000E+00	+4.94776398536682E+06	+4.94773883750916E+06	+4.94778657016754E+06 	0	0	0	0
		B	s1	53	2:47:34 PM	0.0007262645	+5.92209832661450E-11	+1.54350286210756E-14	+6.70370813425299E-02	+2.01005935668945E+01	+4.94776271116226E+06	+0.00000000000000E+00	+4.94776400592804E+06	+4.94773885047913E+06	+4.94778657196045E+06 	0	0	0	0
		B	s1	54	2:47:37 PM	0.0007539278	+6.01657465969869E-11	+1.54472303560429E-14	+6.69841282088569E-02	+2.00853099822998E+01	+4.94776273639647E+06	+0.00000000000000E+00	+4.94776401664734E+06	+4.94773887500763E+06	+4.94778659790039E+06 	0	0	0	0
		B	s1	55	2:47:38 PM	0.0007821081	+6.07975847871755E-11	+1.54343024512851E-14	+6.70402343017216E-02	+2.00916728973389E+01	+4.94776275079702E+06	+0.00000000000000E+00	+4.94776402095795E+06	+4.94773890182495E+06	+4.94778659988404E+06 	0	0	0	0
		B	s1	56	2:47:41 PM	0.0008108055	+6.07839989625289E-11	+1.54479707471632E-14	+6.69809175851679E-02	+2.00904960632324E+01	+4.94776274396861E+06	+0.00000000000000E+00	+4.94776403987885E+06	+4.94773887527466E+06	+4.94778661277771E+06 	0	0	0	0
		B	s1	57	2:47:42 PM	0.0008400199	+6.17435917054622E-11	+1.54585405531610E-14	+6.69351191491987E-02	+2.00894012451172E+01	+4.94776274797397E+06	+0.00000000000000E+00	+4.94776405612946E+06	+4.94773886425018E+06	+4.94778663181305E+06 	0	0	0	0
		B	s1	58	2:47:44 PM	0.0008697514	+6.20145494542848E-11	+1.54394087346496E-14	+6.70180616087204E-02	+2.00845298767090E+01	+4.94776276714300E+06	+0.00000000000000E+00	+4.94776404815674E+06	+4.94773891876221E+06	+4.94778661563873E+06 	0	0	0	0
		B	s1	59	2:47:46 PM	0.0009000000	+6.14913649225542E-11	+1.54574593754963E-14	+6.69398010115530E-02	+2.00825595855713E+01	+4.94776274572335E+06	+0.00000000000000E+00	+4.94776403957367E+06	+4.94773887180329E+06	+4.94778661975861E+06 	0	0	0	0
		T	s2 	60	2:56:10 PM	0.0009000000	+5.94750930299529E-11	+1.53750387056479E-14	+6.72985925126644E-02	+2.09822044372559E+01	+4.94776463456609E+06	+0.00000000000000E+00	+4.94776596256256E+06	+4.94773982414246E+06	+4.94778944511414E+06 	0.696000	0.052000	0.239704	0.010969
		T	s2 	61	2:56:16 PM	0.0008697514	+6.44441631242338E-11	+1.54395119566217E-14	+6.70175623971410E-02	+2.08207435607910E+01	+4.94776465556644E+06	+0.00000000000000E+00	+4.94776602031708E+06	+4.94773993282318E+06	+4.94778937843323E+06 	0.672000	0.048000	0.232345	0.012469
		T	s2 	62	2:56:21 PM	0.0008400199	+7.01678573780727E-11	+1.54455875186184E-14	+6.69912001515012E-02	+2.08478622436523E+01	+4.94776468190671E+06	+0.00000000000000E+00	+4.94776611156464E+06	+4.94773991722107E+06	+4.94778944671631E+06 	0.664000	0.054000	0.229494	0.009104
		T	s2 	63	2:56:27 PM	0.0008108055	+7.01943616519286E-11	+1.54172580750053E-14	+6.71142956354206E-02	+2.08831939697266E+01	+4.94776475024703E+06	+0.00000000000000E+00	+4.94776612590790E+06	+4.94773998908997E+06	+4.94778951152802E+06 	0.696000	0.046000	0.226022	0.009162
		T	s2 	64	2:56:32 PM	0.0007821081	+7.30348863945891E-11	+1.54397834927968E-14	+6.70163812304312E-02	+2.08729019165039E+01	+4.94776474944583E+06	+0.00000000000000E+00	+4.94776615322113E+06	+4.94773996433258E+06	+4.94778953468323E+06 	0.648000	0.054000	0.222421	0.009392
		T	s2 	65	2:56:38 PM	0.0007539278	+3.67781475474750E-11	+1.54251415686577E-14	+6.70799932189240E-02	+2.09763202667236E+01	+4.94776480884017E+06	+0.00000000000000E+00	+4.94776622451782E+06	+4.94773992454529E+06	+4.94778969326019E+06 	0.656000	0.046000	0.217566	0.009516
		T	s2 	66	2:56:43 PM	0.0007262645	+3.70989591852146E-11	+1.54422884462583E-14	+6.70055089550748E-02	+2.09478893280029E+01	+4.94776479701464E+06	+0.00000000000000E+00	+4.94776623954773E+06	+4.94773991882324E+06	+4.94778967533112E+06 	0.664000	0.044000	0.212525	0.010396
		T	s2 	67	2:56:48 PM	0.0006991184	+3.68725632530154E-11	+1.54157971347675E-14	+6.71206532089466E-02	+2.10160140991211E+01	+4.94776485284254E+06	+0.00000000000000E+00	+4.94776626792908E+06	+4.94773993656159E+06	+4.94778976924896E+06 	0.624000	0.044000	0.208943	0.009944
		T	s2 	68	2:56:54 PM	0.0006724893	+3.80482341983979E-11	+1.54285378595079E-14	+6.70652249582938E-02	+2.10436515808105E+01	+4.94776487937349E+06	+0.00000000000000E+00	+4.94776626781464E+06	+4.94773990970612E+06	+4.94778984916687E+06 	0.616000	0.044000	0.205903	0.008963
		T	s2 	69	2:57:00 PM	0.0006463773	+7.83849514014612E-11	+1.54047312775896E-14	+6.71688677953883E-02	+2.10814208984375E+01	+4.94776488826170E+06	+0.00000000000000E+00	+4.94776630348206E+06	+4.94773991237641E+06	+4.94778986427307E+06 	0.616000	0.050000	0.201393	0.007852
		T	s2 	70	2:57:05 PM	0.0006207823	+7.97176351947361E-11	+1.54075996042124E-14	+6.71563627752479E-02	+2.10964736938477E+01	+4.94776491238955E+06	+0.00000000000000E+00	+4.94776631275177E+06	+4.94773991401673E+06	+4.94778991088867E+06 	0.600000	0.046000	0.197904	0.007751
		T	s2 	71	2:57:10 PM	0.0005957044	+8.14261473701542E-11	+1.54195762227902E-14	+6.71041994236513E-02	+2.11186561584473E+01	+4.94776498563150E+06	+0.00000000000000E+00	+4.94776632831574E+06	+4.94773994152069E+06	+4.94779002986908E+06 	0.592000	0.040000	0.193199	0.007875
		T	s2 	72	2:57:16 PM	0.0005711436	+4.42589830233327E-11	+1.54013013999452E-14	+6.71838238334760E-02	+2.11408004760742E+01	+4.94776498042446E+06	+0.00000000000000E+00	+4.94776634052277E+06	+4.94773993976593E+06	+4.94779002120972E+06 	0.592000	0.040000	0.189495	0.007629
		T	s2 	73	2:57:21 PM	0.0005470999	+4.58899497095223E-11	+1.53986006226130E-14	+6.71956052953522E-02	+2.11588096618652E+01	+4.94776505339953E+06	+0.00000000000000E+00	+4.94776639812470E+06	+4.94773999580383E+06	+4.94779011112213E+06 	0.592000	0.040000	0.184796	0.007299
		T	s2 	74	2:57:26 PM	0.0005235732	+8.45905601862517E-11	+1.54052711710117E-14	+6.71665087838116E-02	+2.11996021270752E+01	+4.94776507279697E+06	+0.00000000000000E+00	+4.94776647521973E+06	+4.94773995601654E+06	+4.94779018970490E+06 	0.560000	0.044000	0.181564	0.008190
		T	s2 	75	2:57:32 PM	0.0005005636	+1.53799808445811E-11	+1.54052254654066E-14	+6.71667081956366E-02	+2.12351951599121E+01	+4.94776506778043E+06	+0.00000000000000E+00	+4.94776648338318E+06	+4.94773990890503E+06	+4.94779022678375E+06 	0.560000	0.040000	0.177202	0.009603
		T	s2 	76	2:57:37 PM	0.0004780710	+5.32723100862721E-11	+1.53795849395756E-14	+6.72786851547622E-02	+2.12374591827393E+01	+4.94776514085115E+06	+0.00000000000000E+00	+4.94776649230957E+06	+4.94774002117157E+06	+4.94779026065827E+06 	0.560000	0.044000	0.172476	0.007846
		T	s2 	77	2:57:42 PM	0.0004560956	+9.11957186661632E-11	+1.54035702103194E-14	+6.71739234126588E-02	+2.12820587158203E+01	+4.94776515847459E+06	+0.00000000000000E+00	+4.94776653347016E+06	+4.94773994678497E+06	+4.94779037029267E+06 	0.544000	0.040000	0.168673	0.008777
		T	s2 	78	2:57:48 PM	0.0004346372	+5.39796489119461E-11	+1.54052221952606E-14	+6.71667189755802E-02	+2.12956657409668E+01	+4.94776519587760E+06	+0.00000000000000E+00	+4.94776655654907E+06	+4.94773996536255E+06	+4.94779042652130E+06 	0.544000	0.040000	0.166235	0.006470
		T	s2 	79	2:57:53 PM	0.0004136958	+6.14093466491045E-11	+1.53811175199512E-14	+6.72719787249330E-02	+2.13445987701416E+01	+4.94776524220700E+06	+0.00000000000000E+00	+4.94776660579682E+06	+4.94773999328613E+06	+4.94779049125672E+06 	0.528000	0.040000	0.161017	0.009584
		T	s2 	80	2:57:58 PM	0.0003932716	+9.75061726897476E-11	+1.53748295286859E-14	+6.72994901498851E-02	+2.13384876251221E+01	+4.94776529515509E+06	+0.00000000000000E+00	+4.94776662616730E+06	+4.94774006378174E+06	+4.94779052665711E+06 	0.512000	0.042000	0.156919	0.006632
		T	s2 	81	2:58:03 PM	0.0003733644	+2.82090601571433E-11	+1.53707472269969E-14	+6.73173591055171E-02	+2.13887825012207E+01	+4.94776548073984E+06	+0.00000000000000E+00	+4.94776672042847E+06	+4.94774019660950E+06	+4.94779076499939E+06 	0.496000	0.044000	0.153800	0.007082
		T	s2 	82	2:58:09 PM	0.0003539743	+4.04191623880052E-11	+1.53455654940990E-14	+6.74278199169691E-02	+2.14922904968262E+01	+4.94776568190749E+06	+0.00000000000000E+00	+4.94776690242767E+06	+4.94774031703949E+06	+4.94779104690552E+06 	0.480000	0.044000	0.149460	0.007602
		T	s2 	83	2:58:15 PM	0.0003351012	+8.75982132736795E-11	+1.53563762002489E-14	+6.73803465800170E-02	+2.15746078491211E+01	+4.94776586379166E+06	+0.00000000000000E+00	+4.94776711032868E+06	+4.94774038383484E+06	+4.94779134387970E+06 	0.464000	0.044000	0.145651	0.006849
		T	s2 	84	2:58:20 PM	0.0003167453	+5.52216858349024E-11	+1.53541290098764E-14	+6.73902029834973E-02	+2.15916709899902E+01	+4.94776605500328E+06	+0.00000000000000E+00	+4.94776726509094E+06	+4.94774055862427E+06	+4.94779155151367E+06 	0.488000	0.036000	0.144093	0.009874
		T	s2 	85	2:58:25 PM	0.0002989063	+3.48829073575856E-11	+1.53385219181394E-14	+6.74587665929775E-02	+2.16827926635742E+01	+4.94776629565304E+06	+0.00000000000000E+00	+4.94776750072479E+06	+4.94774071769714E+06	+4.94779187374115E+06 	0.464000	0.036000	0.138725	0.006650
		T	s2 	86	2:58:31 PM	0.0002815845	+4.98619834610621E-11	+1.53309249597077E-14	+6.74921872499261E-02	+2.17584686279297E+01	+4.94776656310106E+06	+0.00000000000000E+00	+4.94776771934509E+06	+4.94774090858460E+06	+4.94779221775055E+06 	0.456000	0.040000	0.133626	0.005856
		T	s2 	87	2:58:37 PM	0.0002647797	+6.68615624932646E-11	+1.53329087797064E-14	+6.74834461126567E-02	+2.18828487396240E+01	+4.94776688517517E+06	+0.00000000000000E+00	+4.94776807250977E+06	+4.94774108066559E+06	+4.94779268981934E+06 	0.472000	0.040000	0.130947	0.008441
		T	s2 	88	2:58:42 PM	0.0002484920	+4.82299764798493E-11	+1.53319523947019E-14	+6.74876459673422E-02	+2.19720287322998E+01	+4.94776723946464E+06	+0.00000000000000E+00	+4.94776831668854E+06	+4.94774133140564E+06	+4.94779314765930E+06 	0.432000	0.048000	0.125940	0.006581
		T	s2 	89	2:58:47 PM	0.0002327214	+9.87927135166528E-11	+1.53306560211159E-14	+6.74933435920963E-02	+2.20315227508545E+01	+4.94776757628298E+06	+0.00000000000000E+00	+4.94776866767883E+06	+4.94774160026550E+06	+4.94779355243683E+06 	0.432000	0.050000	0.123184	0.007455
		T	s2 	90	2:58:53 PM	0.0002174679	+4.67484180794152E-11	+1.53114774596090E-14	+6.75778730115329E-02	+2.20579490661621E+01	+4.94776794672824E+06	+0.00000000000000E+00	+4.94776896762848E+06	+4.94774197208405E+06	+4.94779392150879E+06 	0.400000	0.038000	0.118467	0.008616
		T	s2 	91	2:58:59 PM	0.0002027314	+9.26071274287303E-11	+1.53208811649888E-14	+6.75363876559101E-02	+2.20999469757080E+01	+4.94776820923629E+06	+0.00000000000000E+00	+4.94776917533875E+06	+4.94774216915131E+06	+4.94779424945832E+06 	0.384000	0.044000	0.114516	0.009667
		T	s2 	92	2:59:04 PM	0.0001885119	+3.59287884760133E-11	+1.52733365074794E-14	+6.77466154136858E-02	+2.21378555297852E+01	+4.94776848450503E+06	+0.00000000000000E+00	+4.94776937923432E+06	+4.94774248069763E+06	+4.94779448844910E+06 	0.352000	0.040000	0.110609	0.005620
		T	s2 	93	2:59:09 PM	0.0001748096	+8.59924504445350E-11	+1.52950078174111E-14	+6.76506186587350E-02	+2.21531848907471E+01	+4.94776875519566E+06	+0.00000000000000E+00	+4.94776966178894E+06	+4.94774269645691E+06	+4.94779481407166E+06 	0.376000	0.038000	0.106703	0.008604
		T	s2 	94	2:59:15 PM	0.0001616243	+6.23096689824670E-11	+1.52934751209794E-14	+6.76573925915489E-02	+2.21203918457031E+01	+4.94776897250011E+06	+0.00000000000000E+00	+4.94776986942291E+06	+4.94774295494080E+06	+4.94779499019623E+06 	0.400000	0.040000	0.102522	0.009814
		T	s2 	95	2:59:20 PM	0.0001489561	+8.43676616417626E-11	+1.53298680659820E-14	+6.74967662106060E-02	+2.21718025207520E+01	+4.94776928202400E+06	+0.00000000000000E+00	+4.94777017898560E+06	+4.94774314193726E+06	+4.94779542224884E+06 	0.360000	0.036000	0.098083	0.008444
		T	s2 	96	2:59:26 PM	0.0001368050	+6.14044474713188E-11	+1.53076568758787E-14	+6.75946956655956E-02	+2.21916255950928E+01	+4.94776955221908E+06	+0.00000000000000E+00	+4.94777052192688E+06	+4.94774342666626E+06	+4.94779567790985E+06 	0.336000	0.036000	0.095593	0.007854
		T	s2 	97	2:59:32 PM	0.0001251709	+4.68032613283487E-11	+1.53311186027826E-14	+6.74912477063697E-02	+2.21679191589355E+01	+4.94776975458871E+06	+0.00000000000000E+00	+4.94777077419281E+06	+4.94774361694336E+06	+4.94779589237213E+06 	0.336000	0.050000	0.089907	0.006334
		T	s2 	98	2:59:37 PM	0.0001140539	+1.84147510408601E-11	+1.53394714813793E-14	+6.74544911946153E-02	+2.21484737396240E+01	+4.94776994410291E+06	+0.00000000000000E+00	+4.94777095455170E+06	+4.94774381515503E+06	+4.94779607318878E+06 	0.320000	0.042000	0.085816	0.006979
		T	s2 	99	2:59:43 PM	0.0001034540	+2.87934494585103E-11	+1.53108426833599E-14	+6.75806141655145E-02	+2.20986423492432E+01	+4.94777016415429E+06	+0.00000000000000E+00	+4.94777113067627E+06	+4.94774414264679E+06	+4.94779618579865E+06 	0.296000	0.040000	0.082388	0.010311
		T	s2 	100	2:59:48 PM	0.0000933711	+7.83842734706280E-11	+1.53346171993960E-14	+6.74758337769663E-02	+2.20915985107422E+01	+4.94777033331687E+06	+0.00000000000000E+00	+4.94777140754700E+06	+4.94774427970886E+06	+4.94779638706207E+06 	0.304000	0.036000	0.078334	0.008335
		T	s2 	101	2:59:54 PM	0.0000838053	+2.36053380264173E-11	+1.53235939410699E-14	+6.75243652440720E-02	+2.20671558380127E+01	+4.94777063708147E+06	+0.00000000000000E+00	+4.94777171516419E+06	+4.94774463100434E+06	+4.94779664329529E+06 	0.288000	0.036000	0.074915	0.007250
		T	s2 	102	2:59:59 PM	0.0000747566	+7.25372922667223E-11	+1.53133452172392E-14	+6.75695484901761E-02	+2.19954223632813E+01	+4.94777095250024E+06	+0.00000000000000E+00	+4.94777189048767E+06	+4.94774504829407E+06	+4.94779685684204E+06 	0.256000	0.042000	0.069840	0.008710
		T	s2 	103	3:00:04 PM	0.0000662249	+5.05231930710503E-11	+1.52779970576313E-14	+6.77258761694675E-02	+2.19519977569580E+01	+4.94777115658713E+06	+0.00000000000000E+00	+4.94777214157105E+06	+4.94774536319733E+06	+4.94779695011139E+06 	0.248000	0.036000	0.066762	0.007187
		T	s2 	104	3:00:09 PM	0.0000582104	+2.84323307991285E-11	+1.52941449389525E-14	+6.76543652503854E-02	+2.18800258636475E+01	+4.94777132143957E+06	+0.00000000000000E+00	+4.94777235630036E+06	+4.94774558544159E+06	+4.94779705757141E+06 	0.256000	0.046000	0.062254	0.007777
		T	s2 	105	3:00:15 PM	0.0000507128	+4.52737310108850E-11	+1.53237780250850E-14	+6.75235279924620E-02	+2.18638496398926E+01	+4.94777159272160E+06	+0.00000000000000E+00	+4.94777273735047E+06	+4.94774582592011E+06	+4.94779735965729E+06 	0.264000	0.040000	0.058063	0.008704
		T	s2 	106	3:00:20 PM	0.0000437324	+5.86536172861537E-11	+1.52820414279256E-14	+6.77079312801529E-02	+2.18537921905518E+01	+4.94777193606386E+06	+0.00000000000000E+00	+4.94777297142029E+06	+4.94774625125885E+06	+4.94779762100220E+06 	0.240000	0.042000	0.053733	0.008328
		T	s2 	107	3:00:26 PM	0.0000372690	+4.38328207164315E-11	+1.53082294289914E-14	+6.75920957518372E-02	+2.17808761596680E+01	+4.94777217865975E+06	+0.00000000000000E+00	+4.94777328929901E+06	+4.94774653568268E+06	+4.94779782176972E+06 	0.224000	0.032000	0.051658	0.006054
		T	s2 	108	3:00:32 PM	0.0000313227	+2.90822892933315E-11	+1.53317823881934E-14	+6.74882503626418E-02	+2.17914276123047E+01	+4.94777251585964E+06	+0.00000000000000E+00	+4.94777363231659E+06	+4.94774682098389E+06	+4.94779821086884E+06 	0.216000	0.038000	0.048920	0.005267
		T	s2 	109	3:00:37 PM	0.0000258935	+4.68262997860419E-11	+1.53346096649295E-14	+6.74757988670637E-02	+2.17835903167725E+01	+4.94777282874114E+06	+0.00000000000000E+00	+4.94777401512146E+06	+4.94774713836670E+06	+4.94779851924896E+06 	0.216000	0.032000	0.044461	0.006903
		T	s2 	110	3:00:43 PM	0.0000209813	+7.89060273068945E-11	+1.53296399523106E-14	+6.74976655951214E-02	+2.18217926025391E+01	+4.94777313061701E+06	+0.00000000000000E+00	+4.94777437332153E+06	+4.94774740352631E+06	+4.94779885784149E+06 	0.176000	0.094000	0.039550	0.006926
		T	s2 	111	3:00:48 PM	0.0000165862	+6.02503434017534E-11	+1.53377721569315E-14	+6.74618664870089E-02	+2.18303661346436E+01	+4.94777354599928E+06	+0.00000000000000E+00	+4.94777473724365E+06	+4.94774779514313E+06	+4.94779929698944E+06 	0.160000	0.040000	0.037638	0.007055
		T	s2 	112	3:00:54 PM	0.0000127082	+1.76091812218569E-12	+1.53494760753762E-14	+6.74104179714162E-02	+2.17854747772217E+01	+4.94777387970917E+06	+0.00000000000000E+00	+4.94777503417969E+06	+4.94774816219330E+06	+4.94779959735870E+06 	0.152000	0.040000	0.034086	0.008110
		T	s2 	113	3:00:59 PM	0.0000093473	+9.64214493697613E-11	+1.53704014184756E-14	+6.73186372116387E-02	+2.17934246063232E+01	+4.94777416899650E+06	+0.00000000000000E+00	+4.94777544788361E+06	+4.94774840702057E+06	+4.94779993110657E+06 	0.160000	0.034000	0.029439	0.008304
		T	s2 	114	3:01:05 PM	0.0000065034	+4.16207591426992E-11	+1.53614633751472E-14	+6.73577983540035E-02	+2.18434772491455E+01	+4.94777446652358E+06	+0.00000000000000E+00	+4.94777575775147E+06	+4.94774866039276E+06	+4.94780027278900E+06 	0.136000	0.032000	0.027096	0.007218
		T	s2 	115	3:01:10 PM	0.0000041766	+5.44500364742627E-11	+1.53791597624380E-14	+6.72802846770213E-02	+2.17868461608887E+01	+4.94777471884693E+06	+0.00000000000000E+00	+4.94777590148926E+06	+4.94774894996643E+06	+4.94780048786163E+06 	0.168000	0.034000	0.024064	0.008521
		T	s2 	116	3:01:16 PM	0.0000023668	+1.05866320929724E-10	+1.54037229553113E-14	+6.71729913582428E-02	+2.18523750305176E+01	+4.94777495303057E+06	+0.00000000000000E+00	+4.94777618412018E+06	+4.94774906536103E+06	+4.94780084083557E+06 	0.104000	0.034000	0.021365	0.005346
		T	s2 	117	3:01:22 PM	0.0000010741	+7.56769918847527E-11	+1.54575091908052E-14	+6.69392516813047E-02	+2.19481544494629E+01	+4.94777507466112E+06	+0.00000000000000E+00	+4.94777638729096E+06	+4.94774898273468E+06	+4.94780116672516E+06 	0.120000	0.036000	0.022757	0.006113
		T	s2 	118	3:01:27 PM	0.0000002985	+8.50926797709402E-11	+1.54345693281110E-14	+6.70387453684346E-02	+2.19736423492432E+01	+4.94777491932670E+06	+0.00000000000000E+00	+4.94777640720368E+06	+4.94774883586884E+06	+4.94780100292206E+06 	0.144000	0.030000	0.027805	0.005150
		T	s2 	119	3:01:33 PM	0.0000000400	-7.71331811211181E-11	+1.55644378324696E-14	+6.64793863917475E-02	+2.16947097778320E+01	+4.94777464777807E+06	+0.00000000000000E+00	+4.94777648132324E+06	+4.94774867874146E+06	+4.94780061695099E+06 	0.096000	0.040000	0.019032	0.005526
		B	s3	120	3:03:36 PM	0.0000000400	+3.13701386363453E-11	+1.50573495726730E-14	+6.87185869418853E-02	+2.10826148986816E+01	+4.94776147620854E+06	+0.00000000000000E+00	+4.94776285762787E+06	+4.94773706218720E+06	+4.94778589035034E+06 	0	0	0	0
		B	s3	121	3:03:37 PM	0.0000002985	+6.65211690355582E-11	+1.53855493347017E-14	+6.72526985301710E-02	+2.16411075592041E+01	+4.94776165455868E+06	+0.00000000000000E+00	+4.94776323753357E+06	+4.94773604755402E+06	+4.94778726169586E+06 	0	0	0	0
		B	s3	122	3:03:39 PM	0.0000010741	+8.14435576385510E-11	+1.54206605353375E-14	+6.70995628009832E-02	+2.16513042449951E+01	+4.94776196801198E+06	+0.00000000000000E+00	+4.94776332633972E+06	+4.94773629047394E+06	+4.94778764568329E+06 	0	0	0	0
		B	s3	123	3:03:41 PM	0.0000023668	+1.40703669771038E-11	+1.53865649698189E-14	+6.72482459671185E-02	+2.14852447509766E+01	+4.94776214575911E+06	+0.00000000000000E+00	+4.94776335643769E+06	+4.94773672149658E+06	+4.94778757015228E+06 	0	0	0	0
		B	s3	124	3:03:44 PM	0.0000041766	+5.69217503351592E-11	+1.53786371152970E-14	+6.72829122218428E-02	+2.14354743957520E+01	+4.94776218056859E+06	+0.00000000000000E+00	+4.94776342277527E+06	+4.94773682826996E+06	+4.94778753299713E+06 	0	0	0	0
		B	s3	125	3:03:46 PM	0.0000065034	+1.98264695732513E-11	+1.53550074558931E-14	+6.73864539543198E-02	+2.13470668792725E+01	+4.94776215241686E+06	+0.00000000000000E+00	+4.94776342880249E+06	+4.94773694347382E+06	+4.94778736148834E+06 	0	0	0	0
		B	s3	126	3:03:48 PM	0.0000093473	+9.72652447905308E-11	+1.53591255048967E-14	+6.73683851543162E-02	+2.12654190063477E+01	+4.94776220082583E+06	+0.00000000000000E+00	+4.94776344074249E+06	+4.94773708156586E+06	+4.94778732021332E+06 	0	0	0	0
		B	s3	127	3:03:50 PM	0.0000127082	+1.00587150341344E-10	+1.53440526556712E-14	+6.74345638279049E-02	+2.12085647583008E+01	+4.94776216367114E+06	+0.00000000000000E+00	+4.94776347496033E+06	+4.94773713615418E+06	+4.94778719131470E+06 	0	0	0	0
		B	s3	128	3:03:52 PM	0.0000165862	+9.95264389780696E-11	+1.53739938372592E-14	+6.73032345304143E-02	+2.11101875305176E+01	+4.94776212849997E+06	+0.00000000000000E+00	+4.94776345420838E+06	+4.94773716846466E+06	+4.94778708866120E+06 	0	0	0	0
		B	s3	129	3:03:55 PM	0.0000209813	+9.56224816679269E-11	+1.53326319046653E-14	+6.74847940324205E-02	+2.11221199035645E+01	+4.94776214484622E+06	+0.00000000000000E+00	+4.94776347591400E+06	+4.94773723789215E+06	+4.94778705192566E+06 	0	0	0	0
		B	s3	130	3:03:57 PM	0.0000258935	+5.55771014738068E-11	+1.53760383685379E-14	+6.72942850757473E-02	+2.10071201324463E+01	+4.94776213708364E+06	+0.00000000000000E+00	+4.94776341720581E+06	+4.94773729560852E+06	+4.94778697868347E+06 	0	0	0	0
		B	s3	131	3:03:58 PM	0.0000313227	+5.46999748714944E-11	+1.53608163405486E-14	+6.73609705626111E-02	+2.09377975463867E+01	+4.94776216571347E+06	+0.00000000000000E+00	+4.94776336486817E+06	+4.94773743072510E+06	+4.94778690082550E+06 	0	0	0	0
		B	s3	132	3:04:01 PM	0.0000372690	+1.15864231899209E-11	+1.53139895564913E-14	+6.75669465036511E-02	+2.09272441864014E+01	+4.94776212796748E+06	+0.00000000000000E+00	+4.94776333908081E+06	+4.94773748081207E+06	+4.94778677524567E+06 	0	0	0	0
		B	s3	133	3:04:03 PM	0.0000437324	+5.22889591545024E-11	+1.53440168329601E-14	+6.74347218828254E-02	+2.08579730987549E+01	+4.94776214093762E+06	+0.00000000000000E+00	+4.94776334056854E+06	+4.94773752719879E+06	+4.94778675479889E+06 	0	0	0	0
		B	s3	134	3:04:05 PM	0.0000507128	+1.18999795551913E-11	+1.53681169956193E-14	+6.73289724468199E-02	+2.08833599090576E+01	+4.94776209775490E+06	+0.00000000000000E+00	+4.94776331344605E+06	+4.94773741535187E+06	+4.94778678028107E+06 	0	0	0	0
		B	s3	135	3:04:07 PM	0.0000582104	+5.84477293492032E-11	+1.53328255244563E-14	+6.74839453820382E-02	+2.08804607391357E+01	+4.94776201530052E+06	+0.00000000000000E+00	+4.94776343265534E+06	+4.94773739299774E+06	+4.94778663772583E+06 	0	0	0	0
		B	s3	136	3:04:09 PM	0.0000662249	+8.71100033349205E-11	+1.53293685142402E-14	+6.74991615040912E-02	+2.08587169647217E+01	+4.94776210889427E+06	+0.00000000000000E+00	+4.94776328498840E+06	+4.94773751777649E+06	+4.94778670013428E+06 	0	0	0	0
		B	s3	137	3:04:11 PM	0.0000747566	+9.68019329782073E-12	+1.53337592595285E-14	+6.74798339769900E-02	+2.08764228820801E+01	+4.94776208982065E+06	+0.00000000000000E+00	+4.94776328414917E+06	+4.94773747077942E+06	+4.94778670898438E+06 	0	0	0	0
		B	s3	138	3:04:13 PM	0.0000838053	+4.68607901191626E-11	+1.53465300073607E-14	+6.74236822565619E-02	+2.08452339172363E+01	+4.94776200881563E+06	+0.00000000000000E+00	+4.94776328285218E+06	+4.94773740608215E+06	+4.94778661167145E+06 	0	0	0	0
		B	s3	139	3:04:15 PM	0.0000933711	+4.65050586427081E-11	+1.53612463931257E-14	+6.73590888236605E-02	+2.08158512115479E+01	+4.94776201531975E+06	+0.00000000000000E+00	+4.94776330528259E+06	+4.94773742370606E+06	+4.94778660705567E+06 	0	0	0	0
		B	s3	140	3:04:18 PM	0.0001034540	+4.88020064056326E-11	+1.53728517448402E-14	+6.73082382645194E-02	+2.08204803466797E+01	+4.94776199664669E+06	+0.00000000000000E+00	+4.94776326221466E+06	+4.94773738098145E+06	+4.94778661243439E+06 	0	0	0	0
		B	s3	141	3:04:19 PM	0.0001140539	+8.45778877562113E-11	+1.53751085756156E-14	+6.72983578058991E-02	+2.07975997924805E+01	+4.94776202012626E+06	+0.00000000000000E+00	+4.94776322399140E+06	+4.94773742790222E+06	+4.94778661247254E+06 	0	0	0	0
		B	s3	142	3:04:21 PM	0.0001251709	+8.73828613981974E-11	+1.53757229419094E-14	+6.72956686011379E-02	+2.07825584411621E+01	+4.94776202640152E+06	+0.00000000000000E+00	+4.94776329006195E+06	+4.94773745098114E+06	+4.94778660194397E+06 	0	0	0	0
		B	s3	143	3:04:24 PM	0.0001368050	+8.93802667807408E-11	+1.53598543292395E-14	+6.73651924105277E-02	+2.07687492370605E+01	+4.94776205823538E+06	+0.00000000000000E+00	+4.94776329494477E+06	+4.94773752449036E+06	+4.94778659210205E+06 	0	0	0	0
		B	s3	144	3:04:26 PM	0.0001489561	+5.03665084511598E-11	+1.53696291648909E-14	+6.73223483985333E-02	+2.07554435729980E+01	+4.94776208905813E+06	+0.00000000000000E+00	+4.94776334396363E+06	+4.94773755542755E+06	+4.94778662281037E+06 	0	0	0	0
		B	s3	145	3:04:28 PM	0.0001616243	+9.03293102876160E-11	+1.53763517446204E-14	+6.72929150045268E-02	+2.07404499053955E+01	+4.94776208514810E+06	+0.00000000000000E+00	+4.94776338947296E+06	+4.94773755851746E+06	+4.94778661190033E+06 	0	0	0	0
		B	s3	146	3:04:30 PM	0.0001748096	+9.30487164146460E-11	+1.53567871053854E-14	+6.73786461200253E-02	+2.07376747131348E+01	+4.94776210216182E+06	+0.00000000000000E+00	+4.94776333885193E+06	+4.94773761001587E+06	+4.94778659442902E+06 	0	0	0	0
		B	s3	147	3:04:32 PM	0.0001885119	+1.22023541001853E-11	+1.53836760842043E-14	+6.72608761835006E-02	+2.07259483337402E+01	+4.94776208200101E+06	+0.00000000000000E+00	+4.94776333854675E+06	+4.94773756084442E+06	+4.94778660327912E+06 	0	0	0	0
		B	s3	148	3:04:34 PM	0.0002027314	+9.11897087560073E-11	+1.53717978447664E-14	+6.73128504319838E-02	+2.06903839111328E+01	+4.94776208953534E+06	+0.00000000000000E+00	+4.94776328727722E+06	+4.94773762935639E+06	+4.94778654983521E+06 	0	0	0	0
		B	s3	149	3:04:37 PM	0.0002174679	+4.78332267998817E-11	+1.53804509309468E-14	+6.72749802335541E-02	+2.06866607666016E+01	+4.94776208196311E+06	+0.00000000000000E+00	+4.94776328281403E+06	+4.94773761241913E+06	+4.94778655162811E+06 	0	0	0	0
		B	s3	150	3:04:39 PM	0.0002327214	+9.37333809191971E-11	+1.53555851811002E-14	+6.73839186450333E-02	+2.07434482574463E+01	+4.94776215314523E+06	+0.00000000000000E+00	+4.94776337936402E+06	+4.94773765609741E+06	+4.94778665031433E+06 	0	0	0	0
		B	s3	151	3:04:41 PM	0.0002484920	+9.72586478099748E-11	+1.53826464135580E-14	+6.72653769309601E-02	+2.07360897064209E+01	+4.94776213733314E+06	+0.00000000000000E+00	+4.94776343135834E+06	+4.94773760581970E+06	+4.94778666896820E+06 	0	0	0	0
		B	s3	152	3:04:43 PM	0.0002647797	+5.56486368868532E-11	+1.53785152139494E-14	+6.72834459619483E-02	+2.07139701843262E+01	+4.94776216561928E+06	+0.00000000000000E+00	+4.94776340263367E+06	+4.94773766685486E+06	+4.94778666450501E+06 	0	0	0	0
		B	s3	153	3:04:45 PM	0.0002815845	+5.56875149036134E-11	+1.53832103905793E-14	+6.72629104384714E-02	+2.07201747894287E+01	+4.94776215274460E+06	+0.00000000000000E+00	+4.94776341205597E+06	+4.94773763916016E+06	+4.94778666645050E+06 	0	0	0	0
		B	s3	154	3:04:47 PM	0.0002989063	+5.67220851992360E-11	+1.53887192368082E-14	+6.72388322631942E-02	+2.07031040191650E+01	+4.94776213182105E+06	+0.00000000000000E+00	+4.94776341236115E+06	+4.94773762966156E+06	+4.94778663410187E+06 	0	0	0	0
		B	s3	155	3:04:48 PM	0.0003167453	+9.83638246560736E-11	+1.53686677594981E-14	+6.73265581700727E-02	+2.06954364776611E+01	+4.94776214999828E+06	+0.00000000000000E+00	+4.94776337467194E+06	+4.94773768882752E+06	+4.94778661128998E+06 	0	0	0	0
		B	s3	156	3:04:50 PM	0.0003351012	+5.68246724061745E-11	+1.53862316989795E-14	+6.72497032103790E-02	+2.06826438903809E+01	+4.94776212279943E+06	+0.00000000000000E+00	+4.94776339969635E+06	+4.94773764881134E+06	+4.94778659690857E+06 	0	0	0	0
		B	s3	157	3:04:52 PM	0.0003539743	+1.55657954678429E-11	+1.53783310229144E-14	+6.72842528637622E-02	+2.06876735687256E+01	+4.94776212785393E+06	+0.00000000000000E+00	+4.94776336494446E+06	+4.94773766048432E+06	+4.94778659534455E+06 	0	0	0	0
		B	s3	158	3:04:54 PM	0.0003733644	+1.50713711039321E-11	+1.54055192775432E-14	+6.71655068046975E-02	+2.06729927062988E+01	+4.94776213575023E+06	+0.00000000000000E+00	+4.94776337989807E+06	+4.94773764251709E+06	+4.94778662910462E+06 	0	0	0	0
		B	s3	159	3:04:56 PM	0.0003932716	+5.54012036137912E-11	+1.53685733186470E-14	+6.73269722064240E-02	+2.06733589172363E+01	+4.94776213859247E+06	+0.00000000000000E+00	+4.94776336360932E+06	+4.94773770366669E+06	+4.94778657363892E+06 	0	0	0	0
		B	s3	160	3:04:58 PM	0.0004136958	+5.69261099606386E-11	+1.53997113356197E-14	+6.71908385711380E-02	+2.06563911437988E+01	+4.94776211536081E+06	+0.00000000000000E+00	+4.94776336734772E+06	+4.94773765102387E+06	+4.94778657981873E+06 	0	0	0	0
		B	s3	161	3:05:00 PM	0.0004346372	+5.77738287693376E-11	+1.54139925131932E-14	+6.71285856443338E-02	+2.06662464141846E+01	+4.94776211978569E+06	+0.00000000000000E+00	+4.94776340286255E+06	+4.94773762107849E+06	+4.94778661861420E+06 	0	0	0	0
		B	s3	162	3:05:01 PM	0.0004560956	+9.54927721427610E-11	+1.54054713108864E-14	+6.71657166932355E-02	+2.06428241729736E+01	+4.94776210771238E+06	+0.00000000000000E+00	+4.94776337112427E+06	+4.94773765029907E+06	+4.94778656524658E+06 	0	0	0	0
		B	s3	163	3:05:03 PM	0.0004780710	+9.53245508175767E-11	+1.54095635774842E-14	+6.71478794431614E-02	+2.06527442932129E+01	+4.94776211780216E+06	+0.00000000000000E+00	+4.94776341106415E+06	+4.94773764213562E+06	+4.94778659358978E+06 	0	0	0	0
		B	s3	164	3:05:06 PM	0.0005005636	+5.61330830303900E-11	+1.54093504311777E-14	+6.71488083848903E-02	+2.06262969970703E+01	+4.94776211286229E+06	+0.00000000000000E+00	+4.94776337154389E+06	+4.94773766887665E+06	+4.94778655696869E+06 	0	0	0	0
		B	s3	165	3:05:08 PM	0.0005235732	+9.70154274739944E-11	+1.54154044957590E-14	+6.71224370562347E-02	+2.06435031890869E+01	+4.94776211639073E+06	+0.00000000000000E+00	+4.94776340442658E+06	+4.94773764240265E+06	+4.94778659049988E+06 	0	0	0	0
		B	s3	166	3:05:10 PM	0.0005470999	+9.97732620917000E-11	+1.54346108371979E-14	+6.70389115946955E-02	+2.06574230194092E+01	+4.94776213204983E+06	+0.00000000000000E+00	+4.94776345478058E+06	+4.94773761104584E+06	+4.94778665317536E+06 	0	0	0	0
		B	s3	167	3:05:12 PM	0.0005711436	+5.84038507933891E-11	+1.54375569063768E-14	+6.70261178558529E-02	+2.06344757080078E+01	+4.94776213874474E+06	+0.00000000000000E+00	+4.94776340286255E+06	+4.94773764030457E+06	+4.94778663730622E+06 	0	0	0	0
		B	s3	168	3:05:14 PM	0.0005957044	+5.88173149577712E-11	+1.54114467761594E-14	+6.71396740485775E-02	+2.06173439025879E+01	+4.94776212785408E+06	+0.00000000000000E+00	+4.94776343288422E+06	+4.94773769115448E+06	+4.94778656467438E+06 	0	0	0	0
		B	s3	169	3:05:16 PM	0.0006207823	+6.05077085447392E-11	+1.54219328525456E-14	+6.70940227912125E-02	+2.06233787536621E+01	+4.94776212516461E+06	+0.00000000000000E+00	+4.94776344268799E+06	+4.94773766468048E+06	+4.94778658576966E+06 	0	0	0	0
		B	s3	170	3:05:19 PM	0.0006463773	+5.74611504693556E-11	+1.54187845871725E-14	+6.71077221011781E-02	+2.06368865966797E+01	+4.94776213252692E+06	+0.00000000000000E+00	+4.94776344356537E+06	+4.94773766101837E+06	+4.94778660415650E+06 	0	0	0	0
		B	s3	171	3:05:21 PM	0.0006724893	+1.00322899430171E-10	+1.54300154631804E-14	+6.70588766752150E-02	+2.06489486694336E+01	+4.94776214967382E+06	+0.00000000000000E+00	+4.94776349319458E+06	+4.94773764602661E+06	+4.94778665344238E+06 	0	0	0	0
		B	s3	172	3:05:22 PM	0.0006991184	+2.41283462011790E-11	+1.54331051437280E-14	+6.70454516818550E-02	+2.06500053405762E+01	+4.94776214686999E+06	+0.00000000000000E+00	+4.94776348453522E+06	+4.94773763706207E+06	+4.94778665679932E+06 	0	0	0	0
		B	s3	173	3:05:25 PM	0.0007262645	+6.11992005140327E-11	+1.54388466985053E-14	+6.70205183867964E-02	+2.06420688629150E+01	+4.94776213775286E+06	+0.00000000000000E+00	+4.94776345817566E+06	+4.94773762825012E+06	+4.94778664737702E+06 	0	0	0	0
		B	s3	174	3:05:26 PM	0.0007539278	+6.18073458891400E-11	+1.54421540395598E-14	+6.70061639522348E-02	+2.06347408294678E+01	+4.94776214654576E+06	+0.00000000000000E+00	+4.94776345718384E+06	+4.94773764049530E+06	+4.94778665271759E+06 	0	0	0	0
		B	s3	175	3:05:29 PM	0.0007821081	+6.37935326858120E-11	+1.54556935467736E-14	+6.69474654253405E-02	+2.06491260528564E+01	+4.94776213698975E+06	+0.00000000000000E+00	+4.94776349048615E+06	+4.94773759235382E+06	+4.94778668174744E+06 	0	0	0	0
		B	s3	176	3:05:31 PM	0.0008108055	+6.43467573707174E-11	+1.54315819633208E-14	+6.70520687188724E-02	+2.06266345977783E+01	+4.94776217309618E+06	+0.00000000000000E+00	+4.94776347751618E+06	+4.94773769344330E+06	+4.94778665287018E+06 	0	0	0	0
		B	s3	177	3:05:33 PM	0.0008400199	+6.62725943117677E-11	+1.54634320159370E-14	+6.69139624456785E-02	+2.06387443542480E+01	+4.94776213735215E+06	+0.00000000000000E+00	+4.94776353458405E+06	+4.94773759277344E+06	+4.94778668205261E+06 	0	0	0	0
		B	s3	178	3:05:35 PM	0.0008697514	+6.23921425438058E-11	+1.54328275568185E-14	+6.70466567918813E-02	+2.06236038208008E+01	+4.94776217719699E+06	+0.00000000000000E+00	+4.94776348907471E+06	+4.94773769916535E+06	+4.94778665534973E+06 	0	0	0	0
		B	s3	179	3:05:37 PM	0.0009000000	+6.52943857052292E-11	+1.54591702387111E-14	+6.69324080224019E-02	+2.06207065582275E+01	+4.94776218299514E+06	+0.00000000000000E+00	+4.94776355045319E+06	+4.94773766662598E+06	+4.94778669948578E+06 	0	0	0	0

