	10/04/22	Test 7 N (today) Location 05 Ramp 01	Tip H10	Box 5b Xtal 01		DLC	350 uN	02.5%		Points/Segment: 59	
		Seg 	ID Tag	Number	Time	Power	C0	C1	L1	R1	fs	fa	fr	f1	f2	Ch1 (Pk-Pk)	Ch2 (Pk-Pk)	Ch1 (RMS)	Ch2 (RMS)	
						uW	F	F	H	Ohms	Hz	Hz	Hz	Hz	Hz	V	V	V	V	
		B	s1	0	3:29:58 PM	0.0000000400	-1.27548112077863E-11	+1.53632199530773E-14	+6.73504497994133E-02	+2.17385063171387E+01	+4.94776150374422E+06	+0.00000000000000E+00	+4.94776231822968E+06	+4.94773581882477E+06	+4.94778718879700E+06 	0	0	0	0
		B	s1	1	3:30:00 PM	0.0000003560	+1.15982717984019E-10	+1.54514030081858E-14	+6.69660693871715E-02	+2.20026760101318E+01	+4.94776161906010E+06	+0.00000000000000E+00	+4.94776305335999E+06	+4.94773547279358E+06	+4.94778776546479E+06 	0	0	0	0
		B	s1	2	3:30:02 PM	0.0000013040	+6.07267919611609E-11	+1.54065636424069E-14	+6.71609651950521E-02	+2.19179553985596E+01	+4.94776171807149E+06	+0.00000000000000E+00	+4.94776302989960E+06	+4.94773574806214E+06	+4.94778768821717E+06 	0	0	0	0
		B	s1	3	3:30:05 PM	0.0000028839	+6.30018557467873E-11	+1.54191812465268E-14	+6.71060076769341E-02	+2.18902568817139E+01	+4.94776169287548E+06	+0.00000000000000E+00	+4.94776301498413E+06	+4.94773573444367E+06	+4.94778765144348E+06 	0	0	0	0
		B	s1	4	3:30:07 PM	0.0000050958	+6.21258827858925E-11	+1.53656809755061E-14	+6.73396576146685E-02	+2.18114471435547E+01	+4.94776169095001E+06	+0.00000000000000E+00	+4.94776293773651E+06	+4.94773591571808E+06	+4.94778746631623E+06 	0	0	0	0
		B	s1	5	3:30:09 PM	0.0000079397	+5.95096019019310E-11	+1.54072769393761E-14	+6.71578553418808E-02	+2.17645530700684E+01	+4.94776173876717E+06	+0.00000000000000E+00	+4.94776295413971E+06	+4.94773594932556E+06	+4.94778752834320E+06 	0	0	0	0
		B	s1	6	3:30:12 PM	0.0000114156	+5.69876927155569E-11	+1.53783189271639E-14	+6.72843162312596E-02	+2.16641349792480E+01	+4.94776174380344E+06	+0.00000000000000E+00	+4.94776294185639E+06	+4.94773612159729E+06	+4.94778736614227E+06 	0	0	0	0
		B	s1	7	3:30:13 PM	0.0000155235	+1.00640441425137E-10	+1.53888386885277E-14	+6.72383241041406E-02	+2.16350154876709E+01	+4.94776162539533E+06	+0.00000000000000E+00	+4.94776300933838E+06	+4.94773602012635E+06	+4.94778723079682E+06 	0	0	0	0
		B	s1	8	3:30:16 PM	0.0000202633	+6.66464524527788E-11	+1.53852888602387E-14	+6.72538360018797E-02	+2.15718364715576E+01	+4.94776169587227E+06	+0.00000000000000E+00	+4.94776290847778E+06	+4.94773617126465E+06	+4.94778722061157E+06 	0	0	0	0
		B	s1	9	3:30:18 PM	0.0000256352	+6.15609478275157E-11	+1.53491020060909E-14	+6.74123930478404E-02	+2.15520687103271E+01	+4.94776168746130E+06	+0.00000000000000E+00	+4.94776292419434E+06	+4.94773624622345E+06	+4.94778712882996E+06 	0	0	0	0
		B	s1	10	3:30:20 PM	0.0000316390	+9.85897699005838E-11	+1.53418519925906E-14	+6.74442511059922E-02	+2.14516506195068E+01	+4.94776163760387E+06	+0.00000000000000E+00	+4.94776289840698E+06	+4.94773632686615E+06	+4.94778694847107E+06 	0	0	0	0
		B	s1	11	3:30:22 PM	0.0000382747	+6.05450270736739E-11	+1.53696747573494E-14	+6.73221609599296E-02	+2.13916797637939E+01	+4.94776163832879E+06	+0.00000000000000E+00	+4.94776286338806E+06	+4.94773635257721E+06	+4.94778692420960E+06 	0	0	0	0
		B	s1	12	3:30:24 PM	0.0000455425	+9.63895120410703E-11	+1.53997160330733E-14	+6.71908320891376E-02	+2.14447898864746E+01	+4.94776159939923E+06	+0.00000000000000E+00	+4.94776294445038E+06	+4.94773620132446E+06	+4.94778699760437E+06 	0	0	0	0
		B	s1	13	3:30:27 PM	0.0000534423	+2.13368895032091E-11	+1.53482313502074E-14	+6.74162186635157E-02	+2.13685340881348E+01	+4.94776163142451E+06	+0.00000000000000E+00	+4.94776287094116E+06	+4.94773640827179E+06	+4.94778685470581E+06 	0	0	0	0
		B	s1	14	3:30:29 PM	0.0000619740	+9.42876874962973E-11	+1.53985250794713E-14	+6.71960285906485E-02	+2.13519554138184E+01	+4.94776160586572E+06	+0.00000000000000E+00	+4.94776287937164E+06	+4.94773631969452E+06	+4.94778689216614E+06 	0	0	0	0
		B	s1	15	3:30:31 PM	0.0000711377	+5.69812944388213E-11	+1.53907456440657E-14	+6.72299933694030E-02	+2.12904605865479E+01	+4.94776161517401E+06	+0.00000000000000E+00	+4.94776287628174E+06	+4.94773641456604E+06	+4.94778681591034E+06 	0	0	0	0
		B	s1	16	3:30:33 PM	0.0000809334	+9.67004905023043E-11	+1.53752969490780E-14	+6.72975452716036E-02	+2.13026103973389E+01	+4.94776157956387E+06	+0.00000000000000E+00	+4.94776286159516E+06	+4.94773638988495E+06	+4.94778676937103E+06 	0	0	0	0
		B	s1	17	3:30:35 PM	0.0000913610	+5.62355562715282E-11	+1.53784632963783E-14	+6.72836888286575E-02	+2.12976436614990E+01	+4.94776158768918E+06	+0.00000000000000E+00	+4.94776279384613E+06	+4.94773639869690E+06	+4.94778677680969E+06 	0	0	0	0
		B	s1	18	3:30:37 PM	0.0001024206	+5.78899142118394E-11	+1.53931140243531E-14	+6.72196497133254E-02	+2.12567825317383E+01	+4.94776160294809E+06	+0.00000000000000E+00	+4.94776286190033E+06	+4.94773643833161E+06	+4.94778676769257E+06 	0	0	0	0
		B	s1	19	3:30:39 PM	0.0001141123	+9.73979850855354E-11	+1.54028530013430E-14	+6.71771478428354E-02	+2.12246646881103E+01	+4.94776160161306E+06	+0.00000000000000E+00	+4.94776289695740E+06	+4.94773645912171E+06	+4.94778674423218E+06 	0	0	0	0
		B	s1	20	3:30:41 PM	0.0001264359	+9.80523702495928E-11	+1.53899842778165E-14	+6.72333191345074E-02	+2.12434272766113E+01	+4.94776162276555E+06	+0.00000000000000E+00	+4.94776285049439E+06	+4.94773647907257E+06	+4.94778676658631E+06 	0	0	0	0
		B	s1	21	3:30:44 PM	0.0001393914	+5.94254961454674E-11	+1.53745919502551E-14	+6.73006292806209E-02	+2.12378692626953E+01	+4.94776164964026E+06	+0.00000000000000E+00	+4.94776292953491E+06	+4.94773653766632E+06	+4.94778676174164E+06 	0	0	0	0
		B	s1	22	3:30:46 PM	0.0001529790	+1.00156568769494E-10	+1.54047361123117E-14	+6.71689353017685E-02	+2.12026863098145E+01	+4.94776162553133E+06	+0.00000000000000E+00	+4.94776287635803E+06	+4.94773650600434E+06	+4.94778674518585E+06 	0	0	0	0
		B	s1	23	3:30:48 PM	0.0001671985	+6.07141096245036E-11	+1.53982110511913E-14	+6.71973983450899E-02	+2.11712284088135E+01	+4.94776162902202E+06	+0.00000000000000E+00	+4.94776287094116E+06	+4.94773655738831E+06	+4.94778670078278E+06 	0	0	0	0
		B	s1	24	3:30:50 PM	0.0001820500	+6.03174037204922E-11	+1.53959155097987E-14	+6.72074185661164E-02	+2.11670398712158E+01	+4.94776159060806E+06	+0.00000000000000E+00	+4.94776286205292E+06	+4.94773652767182E+06	+4.94778665367127E+06 	0	0	0	0
		B	s1	25	3:30:51 PM	0.0001975335	+6.07509506686346E-11	+1.53803471347423E-14	+6.72754472420259E-02	+2.11713409423828E+01	+4.94776160411219E+06	+0.00000000000000E+00	+4.94776284519196E+06	+4.94773656143189E+06	+4.94778664691925E+06 	0	0	0	0
		B	s1	26	3:30:54 PM	0.0002136490	+5.73208409816573E-11	+1.54186273673064E-14	+6.71084200867793E-02	+2.11632366180420E+01	+4.94776162730529E+06	+0.00000000000000E+00	+4.94776285663605E+06	+4.94773653190613E+06	+4.94778672283173E+06 	0	0	0	0
		B	s1	27	3:30:56 PM	0.0002303965	+2.49095966082242E-11	+1.54244905054280E-14	+6.70829104424083E-02	+2.12113227844238E+01	+4.94776164483348E+06	+0.00000000000000E+00	+4.94776290897370E+06	+4.94773648284912E+06	+4.94778680694580E+06 	0	0	0	0
		B	s1	28	3:30:58 PM	0.0002477759	+1.01973740091610E-10	+1.53951453527024E-14	+6.72107790367242E-02	+2.12035388946533E+01	+4.94776165118524E+06	+0.00000000000000E+00	+4.94776292369843E+06	+4.94773654628754E+06	+4.94778675621033E+06 	0	0	0	0
		B	s1	29	3:31:00 PM	0.0002657873	+6.61246612758416E-11	+1.54080762710057E-14	+6.71543739329469E-02	+2.11958847045898E+01	+4.94776164412799E+06	+0.00000000000000E+00	+4.94776296653748E+06	+4.94773652721405E+06	+4.94778676116944E+06 	0	0	0	0
		B	s1	30	3:31:02 PM	0.0002844307	+6.34986854838408E-11	+1.54086932792897E-14	+6.71516841807288E-02	+2.11663379669189E+01	+4.94776166985830E+06	+0.00000000000000E+00	+4.94776289897919E+06	+4.94773658695221E+06	+4.94778675289154E+06 	0	0	0	0
		B	s1	31	3:31:04 PM	0.0003037061	+9.93946036416757E-11	+1.53803769419447E-14	+6.72753153355704E-02	+2.11884078979492E+01	+4.94776166024536E+06	+0.00000000000000E+00	+4.94776293197632E+06	+4.94773659732819E+06	+4.94778672328949E+06 	0	0	0	0
		B	s1	32	3:31:07 PM	0.0003236134	+9.98472830861576E-11	+1.54002810886256E-14	+6.71883657499204E-02	+2.11804122924805E+01	+4.94776163709003E+06	+0.00000000000000E+00	+4.94776294612885E+06	+4.94773655120850E+06	+4.94778672309876E+06 	0	0	0	0
		B	s1	33	3:31:09 PM	0.0003441527	+5.89365269489107E-11	+1.53954348575600E-14	+6.72095153059301E-02	+2.11875305175781E+01	+4.94776164601642E+06	+0.00000000000000E+00	+4.94776288661957E+06	+4.94773655960083E+06	+4.94778673255921E+06 	0	0	0	0
		B	s1	34	3:31:11 PM	0.0003653240	+9.86669794901354E-11	+1.54168384540023E-14	+6.71162075965551E-02	+2.11945037841797E+01	+4.94776160905179E+06	+0.00000000000000E+00	+4.94776293312073E+06	+4.94773647949219E+06	+4.94778673873902E+06 	0	0	0	0
		B	s1	35	3:31:13 PM	0.0003871273	+6.29831405882501E-11	+1.54209754417648E-14	+6.70982022722860E-02	+2.12109794616699E+01	+4.94776161080641E+06	+0.00000000000000E+00	+4.94776293857575E+06	+4.94773645496369E+06	+4.94778676677704E+06 	0	0	0	0
		B	s1	36	3:31:15 PM	0.0004095626	+6.43001578570920E-11	+1.54364761547986E-14	+6.70308252465135E-02	+2.11773414611816E+01	+4.94776159615805E+06	+0.00000000000000E+00	+4.94776292179108E+06	+4.94773645496369E+06	+4.94778673748017E+06 	0	0	0	0
		B	s1	37	3:31:17 PM	0.0004326298	+6.31581023065746E-11	+1.54381203011493E-14	+6.70236862125392E-02	+2.11688690185547E+01	+4.94776160758311E+06	+0.00000000000000E+00	+4.94776292209625E+06	+4.94773647377014E+06	+4.94778674152374E+06 	0	0	0	0
		B	s1	38	3:31:19 PM	0.0004563291	+1.02115651676621E-10	+1.54360953892772E-14	+6.70324784954580E-02	+2.11700553894043E+01	+4.94776160409267E+06	+0.00000000000000E+00	+4.94776293796539E+06	+4.94773647216797E+06	+4.94778673614502E+06 	0	0	0	0
		B	s1	39	3:31:21 PM	0.0004806603	+1.02174616267780E-10	+1.54391814743140E-14	+6.70190795205423E-02	+2.11620006561279E+01	+4.94776160714445E+06	+0.00000000000000E+00	+4.94776294033051E+06	+4.94773647975922E+06	+4.94778673465729E+06 	0	0	0	0
		B	s1	40	3:31:23 PM	0.0005056235	+6.28286850679488E-11	+1.54460800400826E-14	+6.69891471297054E-02	+2.11288661956787E+01	+4.94776161330533E+06	+0.00000000000000E+00	+4.94776294033051E+06	+4.94773651405335E+06	+4.94778671268463E+06 	0	0	0	0
		B	s1	41	3:31:26 PM	0.0005312186	+1.01201964791790E-10	+1.54330804852730E-14	+6.70455726913690E-02	+2.11448955535889E+01	+4.94776163447691E+06	+0.00000000000000E+00	+4.94776293857575E+06	+4.94773653732300E+06	+4.94778673175812E+06 	0	0	0	0
		B	s1	42	3:31:28 PM	0.0005574458	+6.49716119346326E-11	+1.54521758792775E-14	+6.69627205152453E-02	+2.11381378173828E+01	+4.94776159806551E+06	+0.00000000000000E+00	+4.94776295585633E+06	+4.94773647789002E+06	+4.94778671836853E+06 	0	0	0	0
		B	s1	43	3:31:30 PM	0.0005843049	+6.37846789577680E-11	+1.54360363878604E-14	+6.70327335643617E-02	+2.11235103607178E+01	+4.94776164655053E+06	+0.00000000000000E+00	+4.94776293800354E+06	+4.94773656997681E+06	+4.94778672325134E+06 	0	0	0	0
		B	s1	44	3:31:32 PM	0.0006117960	+6.53997549572262E-11	+1.54440604910229E-14	+6.69979065194846E-02	+2.11253662109375E+01	+4.94776163081483E+06	+0.00000000000000E+00	+4.94776295082093E+06	+4.94773653900147E+06	+4.94778672275543E+06 	0	0	0	0
		B	s1	45	3:31:34 PM	0.0006399191	+6.65687424307093E-11	+1.54536749467191E-14	+6.69562238135319E-02	+2.11243877410889E+01	+4.94776163699456E+06	+0.00000000000000E+00	+4.94776297649384E+06	+4.94773653072357E+06	+4.94778674339295E+06 	0	0	0	0
		B	s1	46	3:31:36 PM	0.0006686741	+6.72465700111311E-11	+1.54412934090575E-14	+6.70099122634648E-02	+2.11189689636230E+01	+4.94776164153419E+06	+0.00000000000000E+00	+4.94776298141480E+06	+4.94773656181336E+06	+4.94778672138214E+06 	0	0	0	0
		B	s1	47	3:31:38 PM	0.0006980612	+6.91036534171153E-11	+1.54628825277421E-14	+6.69163539739447E-02	+2.11194915771484E+01	+4.94776163171116E+06	+0.00000000000000E+00	+4.94776302162171E+06	+4.94773651630402E+06	+4.94778674724579E+06 	0	0	0	0
		B	s1	48	3:31:40 PM	0.0007280802	+3.26330937233932E-11	+1.54572145627558E-14	+6.69408910207837E-02	+2.11040992736816E+01	+4.94776164403277E+06	+0.00000000000000E+00	+4.94776301872254E+06	+4.94773655612946E+06	+4.94778673206330E+06 	0	0	0	0
		B	s1	49	3:31:41 PM	0.0007587312	+6.70676460750773E-11	+1.54617957629966E-14	+6.69210564128614E-02	+2.11009578704834E+01	+4.94776166562394E+06	+0.00000000000000E+00	+4.94776300559998E+06	+4.94773657402039E+06	+4.94778675735474E+06 	0	0	0	0
		B	s1	50	3:31:43 PM	0.0007900141	+6.99093485317058E-11	+1.54807745557942E-14	+6.68390141551134E-02	+2.11103496551514E+01	+4.94776165805155E+06	+0.00000000000000E+00	+4.94776306625366E+06	+4.94773652446747E+06	+4.94778679176331E+06 	0	0	0	0
		B	s1	51	3:31:45 PM	0.0008219291	+3.43385861031058E-11	+1.54686991947969E-14	+6.68911907154833E-02	+2.11159267425537E+01	+4.94776166213334E+06	+0.00000000000000E+00	+4.94776307044983E+06	+4.94773654151917E+06	+4.94778678287506E+06 	0	0	0	0
		B	s1	52	3:31:47 PM	0.0008544760	+6.96616709670101E-11	+1.54854834467755E-14	+6.68186884004937E-02	+2.10925750732422E+01	+4.94776169751466E+06	+0.00000000000000E+00	+4.94776302730561E+06	+4.94773657745361E+06	+4.94778681770325E+06 	0	0	0	0
		B	s1	53	3:31:49 PM	0.0008876549	+7.14386097074622E-11	+1.54801582323565E-14	+6.68416749259652E-02	+2.11036281585693E+01	+4.94776167071639E+06	+0.00000000000000E+00	+4.94776308044434E+06	+4.94773654613495E+06	+4.94778679542542E+06 	0	0	0	0
		B	s1	54	3:31:51 PM	0.0009214658	+7.22474582326788E-11	+1.54729329826094E-14	+6.68728873067969E-02	+2.11014614105225E+01	+4.94776167243308E+06	+0.00000000000000E+00	+4.94776307621002E+06	+4.94773656215668E+06	+4.94778678283692E+06 	0	0	0	0
		B	s1	55	3:31:54 PM	0.0009559087	+7.28488477831524E-11	+1.54843887918194E-14	+6.68234118784777E-02	+2.11172580718994E+01	+4.94776170525836E+06	+0.00000000000000E+00	+4.94776315174103E+06	+4.94773655757904E+06	+4.94778685306549E+06 	0	0	0	0
		B	s1	56	3:31:56 PM	0.0009909836	+3.82717557170586E-11	+1.54611693407950E-14	+6.69237662826865E-02	+2.11232585906982E+01	+4.94776172080340E+06	+0.00000000000000E+00	+4.94776312732697E+06	+4.94773660369873E+06	+4.94778683803559E+06 	0	0	0	0
		B	s1	57	3:31:58 PM	0.0010266904	+7.42739003359239E-11	+1.54651892862567E-14	+6.69063704940162E-02	+2.11229476928711E+01	+4.94776171906769E+06	+0.00000000000000E+00	+4.94776313728333E+06	+4.94773659580231E+06	+4.94778684246063E+06 	0	0	0	0
		B	s1	58	3:32:00 PM	0.0010630292	+3.99040499407687E-11	+1.54801756566036E-14	+6.68415988350546E-02	+2.11404361724853E+01	+4.94776170235908E+06	+0.00000000000000E+00	+4.94776314422608E+06	+4.94773653392792E+06	+4.94778687091828E+06 	0	0	0	0
		B	s1	59	3:32:02 PM	0.0011000000	+7.45951315713934E-11	+1.54801841298404E-14	+6.68415619322012E-02	+2.11360988616943E+01	+4.94776171407023E+06	+0.00000000000000E+00	+4.94776312477112E+06	+4.94773655078888E+06	+4.94778687747955E+06 	0	0	0	0
		T	s2 	60	3:35:39 PM	0.0011000000	+5.54997903792291E-11	+1.54274124018736E-14	+6.70701261240830E-02	+2.19300746917725E+01	+4.94776456082178E+06	+0.00000000000000E+00	+4.94776601070404E+06	+4.94773854125977E+06	+4.94779058052063E+06 	0.848000	0.337992	0.286830	0.066015
		T	s2 	61	3:35:44 PM	0.0010630292	+6.91549722058757E-11	+1.54672537809130E-14	+6.68973572999531E-02	+2.19305858612061E+01	+4.94776478300847E+06	+0.00000000000000E+00	+4.94776623386383E+06	+4.94773869564057E+06	+4.94779087051392E+06 	0.800000	0.296000	0.280748	0.063316
		T	s2 	62	3:35:50 PM	0.0010266904	+7.85743380934881E-11	+1.54466940477633E-14	+6.69863963209611E-02	+2.19177093505859E+01	+4.94776486262146E+06	+0.00000000000000E+00	+4.94776637004852E+06	+4.94773882522583E+06	+4.94779090015412E+06 	0.760000	0.284000	0.273794	0.062111
		T	s2 	63	3:35:55 PM	0.0009909836	+7.83864862722714E-11	+1.54522444177258E-14	+6.69623336391376E-02	+2.19769725799561E+01	+4.94776491799137E+06	+0.00000000000000E+00	+4.94776644481659E+06	+4.94773880081177E+06	+4.94779103530884E+06 	0.744000	0.294000	0.266851	0.059090
		T	s2 	64	3:36:00 PM	0.0009559087	+8.36149011192236E-11	+1.54488806386397E-14	+6.69769126677380E-02	+2.19885158538818E+01	+4.94776495821731E+06	+0.00000000000000E+00	+4.94776648204804E+06	+4.94773883300782E+06	+4.94779108356476E+06 	0.736000	0.270000	0.258952	0.055727
		T	s2 	65	3:36:05 PM	0.0009214658	+8.03490645010686E-11	+1.54636207200202E-14	+6.69130698188217E-02	+2.19474124908447E+01	+4.94776494974881E+06	+0.00000000000000E+00	+4.94776645843506E+06	+4.94773884849549E+06	+4.94779105113983E+06 	0.736000	0.250000	0.251987	0.052678
		T	s2 	66	3:36:10 PM	0.0008876549	+8.20606780918959E-11	+1.54501697583544E-14	+6.69713238442983E-02	+2.19789600372314E+01	+4.94776497498296E+06	+0.00000000000000E+00	+4.94776645843506E+06	+4.94773885894776E+06	+4.94779109115601E+06 	0.704000	0.218000	0.240508	0.048735
		T	s2 	67	3:36:15 PM	0.0008544760	+4.94695880726624E-11	+1.54532924784926E-14	+6.69577892744238E-02	+2.19704418182373E+01	+4.94776502510810E+06	+0.00000000000000E+00	+4.94776649696350E+06	+4.94773891391754E+06	+4.94779113643646E+06 	0.680000	0.200000	0.236111	0.048057
		T	s2 	68	3:36:20 PM	0.0008219291	+4.87070812310385E-11	+1.54772470395376E-14	+6.68541570046416E-02	+2.19841728210449E+01	+4.94776501982445E+06	+0.00000000000000E+00	+4.94776650058747E+06	+4.94773885181427E+06	+4.94779118797302E+06 	0.672000	0.192000	0.231850	0.046857
		T	s2 	69	3:36:26 PM	0.0007900141	+4.98420727301313E-11	+1.54610151684984E-14	+6.69243429200157E-02	+2.20081348419189E+01	+4.94776507374519E+06	+0.00000000000000E+00	+4.94776653121948E+06	+4.94773890468598E+06	+4.94779124294281E+06 	0.656000	0.186000	0.227823	0.046007
		T	s2 	70	3:36:31 PM	0.0007587312	+8.49548192518310E-11	+1.54709333539885E-14	+6.68814404863703E-02	+2.19867324829102E+01	+4.94776500834225E+06	+0.00000000000000E+00	+4.94776651950836E+06	+4.94773884796143E+06	+4.94779116886139E+06 	0.640000	0.190000	0.223344	0.044709
		T	s2 	71	3:36:36 PM	0.0007280802	+8.69919547029113E-11	+1.54675938380196E-14	+6.68958789951910E-02	+2.19885768890381E+01	+4.94776506249190E+06	+0.00000000000000E+00	+4.94776657730103E+06	+4.94773890556336E+06	+4.94779121955872E+06 	0.624000	0.180000	0.217897	0.043996
		T	s2 	72	3:36:42 PM	0.0006980612	+5.32525421826841E-11	+1.54509130329401E-14	+6.69680990641900E-02	+2.20184631347656E+01	+4.94776508906122E+06	+0.00000000000000E+00	+4.94776658950806E+06	+4.94773892482758E+06	+4.94779125343323E+06 	0.624000	0.186000	0.212285	0.042546
		T	s2 	73	3:36:47 PM	0.0006686741	+9.11498538002306E-11	+1.54531348172060E-14	+6.69584697736246E-02	+2.20446987152100E+01	+4.94776512266852E+06	+0.00000000000000E+00	+4.94776662879944E+06	+4.94773892349243E+06	+4.94779132198334E+06 	0.600000	0.174000	0.208150	0.042190
		T	s2 	74	3:36:53 PM	0.0006399191	+8.79902626067317E-11	+1.54415706616823E-14	+6.70086145157521E-02	+2.20362491607666E+01	+4.94776513361686E+06	+0.00000000000000E+00	+4.94776659454346E+06	+4.94773896408081E+06	+4.94779130329132E+06 	0.592000	0.160000	0.203765	0.040800
		T	s2 	75	3:36:58 PM	0.0006117960	+5.14611426743201E-11	+1.54453478612397E-14	+6.69922280658762E-02	+2.20238113403320E+01	+4.94776510853527E+06	+0.00000000000000E+00	+4.94776655456543E+06	+4.94773894737244E+06	+4.94779126983643E+06 	0.592000	0.176000	0.199715	0.040090
		T	s2 	76	3:37:04 PM	0.0005843049	+5.24563704553473E-11	+1.54436956054297E-14	+6.69993966592782E-02	+2.20526809692383E+01	+4.94776505766612E+06	+0.00000000000000E+00	+4.94776655807495E+06	+4.94773886501312E+06	+4.94779125045777E+06 	0.584000	0.421992	0.194666	0.039476
		T	s2 	77	3:37:09 PM	0.0005574458	+5.08874152548036E-11	+1.54436156092954E-14	+6.69997418885130E-02	+2.20538063049316E+01	+4.94776512486200E+06	+0.00000000000000E+00	+4.94776655647278E+06	+4.94773893100739E+06	+4.94779131885529E+06 	0.584000	0.186000	0.190819	0.038256
		T	s2 	78	3:37:15 PM	0.0005312186	+5.19242240792150E-11	+1.54293641368562E-14	+6.70616269073732E-02	+2.20388145446777E+01	+4.94776512123826E+06	+0.00000000000000E+00	+4.94776655456543E+06	+4.94773896934509E+06	+4.94779127326965E+06 	0.552000	0.188000	0.186058	0.037499
		T	s2 	79	3:37:20 PM	0.0005056235	+5.22116587433013E-11	+1.54324478121625E-14	+6.70482267260385E-02	+2.20654106140137E+01	+4.94776512438519E+06	+0.00000000000000E+00	+4.94776655990601E+06	+4.94773893569947E+06	+4.94779131320954E+06 	0.560000	0.164000	0.181396	0.036985
		T	s2 	80	3:37:25 PM	0.0004806603	+5.39212130627287E-11	+1.54268404460493E-14	+6.70725974328295E-02	+2.20989761352539E+01	+4.94776512665478E+06	+0.00000000000000E+00	+4.94776658538819E+06	+4.94773890766144E+06	+4.94779134578705E+06 	0.544000	0.158000	0.176136	0.035486
		T	s2 	81	3:37:31 PM	0.0004563291	+1.19859417726093E-10	+1.53843402665463E-14	+6.72578886148182E-02	+2.20998954772949E+01	+4.94776516213184E+06	+0.00000000000000E+00	+4.94776654754639E+06	+4.94773901428223E+06	+4.94779131011963E+06 	0.512000	0.138000	0.172626	0.035019
		T	s2 	82	3:37:36 PM	0.0004326298	+5.48737422085091E-11	+1.54048138453274E-14	+6.71684998058621E-02	+2.21263236999512E+01	+4.94776518192977E+06	+0.00000000000000E+00	+4.94776660728455E+06	+4.94773896797180E+06	+4.94779139602661E+06 	0.528000	0.142000	0.167315	0.034226
		T	s2 	83	3:37:41 PM	0.0004095626	+5.47142677395847E-11	+1.54190717977905E-14	+6.71063865590915E-02	+2.21464595794678E+01	+4.94776528553669E+06	+0.00000000000000E+00	+4.94776662403107E+06	+4.94773902343750E+06	+4.94779154777527E+06 	0.520000	0.130000	0.163789	0.033998
		T	s2 	84	3:37:47 PM	0.0003871273	+9.15000501133779E-11	+1.54094881418104E-14	+6.71481208696401E-02	+2.21936607360840E+01	+4.94776533373518E+06	+0.00000000000000E+00	+4.94776666236878E+06	+4.94773903202057E+06	+4.94779163558960E+06 	0.488000	0.387992	0.158347	0.032731
		T	s2 	85	3:37:52 PM	0.0003653240	+6.32059940380425E-11	+1.54076553185037E-14	+6.71561067738598E-02	+2.22358970642090E+01	+4.94776539728778E+06	+0.00000000000000E+00	+4.94776679000855E+06	+4.94773904865265E+06	+4.94779174606324E+06 	0.488000	0.130000	0.154071	0.031223
		T	s2 	86	3:37:57 PM	0.0003441527	+6.99122663667242E-11	+1.54100942272416E-14	+6.71454730876055E-02	+2.23067131042480E+01	+4.94776558495135E+06	+0.00000000000000E+00	+4.94776689506531E+06	+4.94773914821625E+06	+4.94779202182770E+06 	0.488000	0.130000	0.149983	0.030631
		T	s2 	87	3:38:03 PM	0.0003236134	+8.60864248129970E-11	+1.53941481772824E-14	+6.72150161556505E-02	+2.24421863555908E+01	+4.94776594065208E+06	+0.00000000000000E+00	+4.94776725589752E+06	+4.94773937088013E+06	+4.94779251056671E+06 	0.504000	0.122000	0.145709	0.029793
		T	s2 	88	3:38:09 PM	0.0003037061	+7.13636469284948E-11	+1.53785009039635E-14	+6.72833937918269E-02	+2.25702762603760E+01	+4.94776638580751E+06	+0.00000000000000E+00	+4.94776763553620E+06	+4.94773969154358E+06	+4.94779308021546E+06 	0.472000	0.130000	0.141287	0.029609
		T	s2 	89	3:38:14 PM	0.0002844307	+6.03550237615755E-11	+1.53755730422255E-14	+6.72961954567122E-02	+2.26510906219482E+01	+4.94776677681349E+06	+0.00000000000000E+00	+4.94776797622681E+06	+4.94773999206543E+06	+4.94779356170654E+06 	0.440000	0.122000	0.137538	0.029192
		T	s2 	90	3:38:20 PM	0.0002657873	+8.58557693971752E-11	+1.53768329036495E-14	+6.72906658097164E-02	+2.27321300506592E+01	+4.94776736156790E+06	+0.00000000000000E+00	+4.94776850650788E+06	+4.94774047878266E+06	+4.94779424449921E+06 	0.416000	0.128000	0.132328	0.027248
		T	s2 	91	3:38:25 PM	0.0002477759	+4.66565672123915E-11	+1.53592703067715E-14	+6.73675934544215E-02	+2.28390140533447E+01	+4.94776795055664E+06	+0.00000000000000E+00	+4.94776899101258E+06	+4.94774097221375E+06	+4.94779492904663E+06 	0.408000	0.132000	0.128880	0.026599
		T	s2 	92	3:38:31 PM	0.0002303965	+7.16445015548449E-11	+1.53447147810744E-14	+6.74314816077213E-02	+2.29173545837402E+01	+4.94776848909616E+06	+0.00000000000000E+00	+4.94776947963715E+06	+4.94774144386292E+06	+4.94779553447724E+06 	0.408000	0.124000	0.124603	0.025715
		T	s2 	93	3:38:37 PM	0.0002136490	+6.20250019384251E-11	+1.53788726856815E-14	+6.72816970328592E-02	+2.29274063110352E+01	+4.94776896677216E+06	+0.00000000000000E+00	+4.94776995494843E+06	+4.94774184944153E+06	+4.94779608425140E+06 	0.376000	0.160000	0.118648	0.025126
		T	s2 	94	3:38:42 PM	0.0001975335	+9.01562053519485E-11	+1.53479660061498E-14	+6.74171692142305E-02	+2.29813270568848E+01	+4.94776952005580E+06	+0.00000000000000E+00	+4.94777051456452E+06	+4.94774239356995E+06	+4.94779664669037E+06 	0.376000	0.144000	0.114342	0.024472
		T	s2 	95	3:38:48 PM	0.0001820500	+7.99528867621763E-11	+1.53537927682053E-14	+6.73915706333903E-02	+2.29875583648682E+01	+4.94777002573197E+06	+0.00000000000000E+00	+4.94777093910217E+06	+4.94774288158417E+06	+4.94779717002869E+06 	0.376000	0.132000	0.110677	0.024054
		T	s2 	96	3:38:54 PM	0.0001671985	+6.77247505867107E-11	+1.53464749717191E-14	+6.74236953182393E-02	+2.29500026702881E+01	+4.94777040140367E+06	+0.00000000000000E+00	+4.94777138771057E+06	+4.94774331451416E+06	+4.94779748844147E+06 	0.352000	0.112000	0.104985	0.022499
		T	s2 	97	3:38:59 PM	0.0001529790	+5.51755550396248E-11	+1.53360637698143E-14	+6.74694590644873E-02	+2.28901081085205E+01	+4.94777070259358E+06	+0.00000000000000E+00	+4.94777164314270E+06	+4.94774370471955E+06	+4.94779770061493E+06 	0.328000	0.100000	0.100400	0.022159
		T	s2 	98	3:39:05 PM	0.0001393914	+7.43951189988339E-11	+1.53323438694296E-14	+6.74858179355043E-02	+2.28917598724365E+01	+4.94777108473090E+06	+0.00000000000000E+00	+4.94777207801819E+06	+4.94774409145355E+06	+4.94779807815552E+06 	0.336000	0.126000	0.096268	0.021063
		T	s2 	99	3:39:10 PM	0.0001264359	+5.78466970637977E-11	+1.53479940715723E-14	+6.74169931547362E-02	+2.28595104217529E+01	+4.94777145683561E+06	+0.00000000000000E+00	+4.94777236640930E+06	+4.94774447406769E+06	+4.94779843975067E+06 	0.328000	0.098000	0.091222	0.021417
		T	s2 	100	3:39:16 PM	0.0001141123	+7.51617757878232E-11	+1.53320994281988E-14	+6.74868766878622E-02	+2.28530712127686E+01	+4.94777171453767E+06	+0.00000000000000E+00	+4.94777276306153E+06	+4.94774476730347E+06	+4.94779866191864E+06 	0.288000	0.108000	0.087492	0.019735
		T	s2 	101	3:39:21 PM	0.0001024206	+2.56542666625682E-11	+1.53374157040878E-14	+6.74634770103399E-02	+2.28125972747803E+01	+4.94777198166206E+06	+0.00000000000000E+00	+4.94777298477173E+06	+4.94774507282257E+06	+4.94779889064789E+06 	0.280000	0.116000	0.082831	0.020514
		T	s2 	102	3:39:27 PM	0.0000913610	+4.74812540689794E-11	+1.53570970950647E-14	+6.73770073352961E-02	+2.27877826690674E+01	+4.94777233581852E+06	+0.00000000000000E+00	+4.94777334915161E+06	+4.94774542175293E+06	+4.94779925003052E+06 	0.288000	0.116000	0.078659	0.020677
		T	s2 	103	3:39:32 PM	0.0000809334	+6.15452188548176E-11	+1.53748053561030E-14	+6.72993969318760E-02	+2.27209491729736E+01	+4.94777261127807E+06	+0.00000000000000E+00	+4.94777368919373E+06	+4.94774574520111E+06	+4.94779947750092E+06 	0.248000	0.084000	0.073762	0.017655
		T	s2 	104	3:39:37 PM	0.0000711377	+4.40756521697941E-11	+1.53467484942344E-14	+6.74224242828393E-02	+2.27327175140381E+01	+4.94777294617054E+06	+0.00000000000000E+00	+4.94777396602631E+06	+4.94774611522675E+06	+4.94779977725983E+06 	0.256000	0.112000	0.068297	0.017675
		T	s2 	105	3:39:43 PM	0.0000619740	+6.07433150126558E-11	+1.53348328600536E-14	+6.74748064853615E-02	+2.27029285430908E+01	+4.94777320587543E+06	+0.00000000000000E+00	+4.94777429107666E+06	+4.94774643089295E+06	+4.94779998100281E+06 	0.248000	0.108000	0.064201	0.015992
		T	s2 	106	3:39:49 PM	0.0000534423	+7.92732360853662E-11	+1.53622993757594E-14	+6.73541574174592E-02	+2.26535682678223E+01	+4.94777356275949E+06	+0.00000000000000E+00	+4.94777472164154E+06	+4.94774679813385E+06	+4.94780032752991E+06 	0.216000	0.110000	0.060149	0.016459
		T	s2 	107	3:39:54 PM	0.0000455425	+1.03341376116318E-10	+1.53406591846540E-14	+6.74491592818681E-02	+2.26776638031006E+01	+4.94777395872512E+06	+0.00000000000000E+00	+4.94777509674072E+06	+4.94774720336914E+06	+4.94780071422577E+06 	0.208000	0.100000	0.057775	0.015213
		T	s2 	108	3:39:59 PM	0.0000382747	+4.83060689534533E-11	+1.53554283779717E-14	+6.73842786708390E-02	+2.26241130828857E+01	+4.94777419758259E+06	+0.00000000000000E+00	+4.94777532562256E+06	+4.94774747970581E+06	+4.94780091560364E+06 	0.184000	0.367992	0.053945	0.015271
		T	s2 	109	3:40:05 PM	0.0000316390	+1.09591169519259E-10	+1.53704654201940E-14	+6.73183412042069E-02	+2.26095905303955E+01	+4.94777474583083E+06	+0.00000000000000E+00	+4.94777581436157E+06	+4.94774801895142E+06	+4.94780147285462E+06 	0.200000	0.092000	0.047400	0.014958
		T	s2 	110	3:40:11 PM	0.0000256352	+1.04373317949812E-10	+1.54008198029691E-14	+6.71856510718059E-02	+2.25932865142822E+01	+4.94777505693828E+06	+0.00000000000000E+00	+4.94777635200501E+06	+4.94774829658508E+06	+4.94780181743622E+06 	0.192000	0.080000	0.043469	0.014007
		T	s2 	111	3:40:16 PM	0.0000202633	-3.75958379391555E-11	+1.54174383999898E-14	+6.71132186188388E-02	+2.26093368530273E+01	+4.94777551508317E+06	+0.00000000000000E+00	+4.94777666542053E+06	+4.94774870681763E+06	+4.94780232349396E+06 	0.160000	0.078000	0.038654	0.013397
		T	s2 	112	3:40:22 PM	0.0000155235	+7.39021216434080E-11	+1.54150082780776E-14	+6.71237902564049E-02	+2.25500564575195E+01	+4.94777582930018E+06	+0.00000000000000E+00	+4.94777700920105E+06	+4.94774909553528E+06	+4.94780256320954E+06 	0.152000	0.084000	0.034766	0.013294
		T	s2 	113	3:40:27 PM	0.0000114156	+6.08998977184978E-11	+1.54276477122205E-14	+6.70687875423117E-02	+2.25385551452637E+01	+4.94777620172903E+06	+0.00000000000000E+00	+4.94777736896515E+06	+4.94774945968628E+06	+4.94780294391632E+06 	0.128000	0.096000	0.030701	0.012570
		T	s2 	114	3:40:32 PM	0.0000079397	+4.68622035491411E-11	+1.54287682105706E-14	+6.70639096856586E-02	+2.25156497955322E+01	+4.94777646198689E+06	+0.00000000000000E+00	+4.94777780944824E+06	+4.94774974517822E+06	+4.94780317893982E+06 	0.128000	0.086000	0.026479	0.013902
		T	s2 	115	3:40:37 PM	0.0000050958	+6.15287961125523E-11	+1.54295440758472E-14	+6.70605311061959E-02	+2.25852222442627E+01	+4.94777669481648E+06	+0.00000000000000E+00	+4.94777802650452E+06	+4.94774989410401E+06	+4.94780349567413E+06 	0.112000	0.108000	0.023233	0.013177
		T	s2 	116	3:40:43 PM	0.0000028839	+6.90724712872804E-11	+1.54372675537170E-14	+6.70269742557072E-02	+2.25819854736328E+01	+4.94777689936050E+06	+0.00000000000000E+00	+4.94777819438935E+06	+4.94775008907318E+06	+4.94780370979309E+06 	0.104000	0.084000	0.020819	0.012521
		T	s2 	117	3:40:48 PM	0.0000013040	+1.18256841042606E-10	+1.54877696796053E-14	+6.68084075811938E-02	+2.25617675781250E+01	+4.94777715189311E+06	+0.00000000000000E+00	+4.94777846057892E+06	+4.94775027797699E+06	+4.94780402595520E+06 	0.104000	0.076000	0.017772	0.012832
		T	s2 	118	3:40:54 PM	0.0000003560	-1.28659201285880E-11	+1.54769828392949E-14	+6.68549719393692E-02	+2.27124958038330E+01	+4.94777709415680E+06	+0.00000000000000E+00	+4.94777847843170E+06	+4.94775005954743E+06	+4.94780412891388E+06 	0.072000	0.070000	0.014907	0.013638
		T	s2 	119	3:41:00 PM	0.0000000400	+1.96760771086173E-11	+1.55932312295321E-14	+6.63565608985683E-02	+2.25218753814697E+01	+4.94777722742338E+06	+0.00000000000000E+00	+4.94777855060578E+06	+4.94775021835327E+06	+4.94780423664093E+06 	0.192000	0.098000	0.016592	0.012308
		B	s3	120	3:43:08 PM	0.0000000400	+1.08763831210501E-10	+1.54044125928356E-14	+6.71703684791702E-02	+2.17912445068359E+01	+4.94776079638422E+06	+0.00000000000000E+00	+4.94776280189514E+06	+4.94773498012543E+06	+4.94778661277771E+06 	0	0	0	0
		B	s3	121	3:43:10 PM	0.0000003560	+8.02427236322870E-11	+1.53259789925671E-14	+6.75141166485957E-02	+2.23656024932861E+01	+4.94776112299572E+06	+0.00000000000000E+00	+4.94776256530762E+06	+4.94773476119995E+06	+4.94778748493195E+06 	0	0	0	0
		B	s3	122	3:43:12 PM	0.0000013040	+5.65424278421965E-11	+1.53865754953564E-14	+6.72482186422894E-02	+2.23242931365967E+01	+4.94776145865064E+06	+0.00000000000000E+00	+4.94776284023285E+06	+4.94773504150391E+06	+4.94778787593842E+06 	0	0	0	0
		B	s3	123	3:43:14 PM	0.0000028839	+8.61974052257754E-11	+1.54079006075876E-14	+6.71551418562369E-02	+2.21463088989258E+01	+4.94776155920699E+06	+0.00000000000000E+00	+4.94776310062409E+06	+4.94773531635285E+06	+4.94778780220032E+06 	0	0	0	0
		B	s3	124	3:43:16 PM	0.0000050958	+6.29906456318843E-11	+1.53940426857283E-14	+6.72155956594092E-02	+2.21099872589111E+01	+4.94776156466236E+06	+0.00000000000000E+00	+4.94776296318054E+06	+4.94773538841248E+06	+4.94778774105072E+06 	0	0	0	0
		B	s3	125	3:43:18 PM	0.0000079397	+1.26044771327834E-10	+1.53801723555703E-14	+6.72762120324929E-02	+2.20257263183594E+01	+4.94776159392174E+06	+0.00000000000000E+00	+4.94776286960602E+06	+4.94773554092408E+06	+4.94778764705658E+06 	0	0	0	0
		B	s3	126	3:43:20 PM	0.0000114156	+2.36241369840635E-11	+1.53525656812944E-14	+6.73971884169651E-02	+2.19330959320068E+01	+4.94776153315443E+06	+0.00000000000000E+00	+4.94776295845032E+06	+4.94773563629151E+06	+4.94778743015289E+06 	0	0	0	0
		B	s3	127	3:43:23 PM	0.0000155235	+2.36297800198403E-11	+1.54255086559580E-14	+6.70784840869694E-02	+2.18224182128906E+01	+4.94776159291170E+06	+0.00000000000000E+00	+4.94776288845062E+06	+4.94773570430756E+06	+4.94778748165131E+06 	0	0	0	0
		B	s3	128	3:43:25 PM	0.0000202633	+1.27539491195431E-10	+1.54013805792742E-14	+6.71835703614478E-02	+2.18277492523193E+01	+4.94776159554402E+06	+0.00000000000000E+00	+4.94776287853241E+06	+4.94773574111939E+06	+4.94778745010376E+06 	0	0	0	0
		B	s3	129	3:43:27 PM	0.0000256352	+5.74378306831699E-11	+1.53863330127696E-14	+6.72492746198037E-02	+2.17649250030518E+01	+4.94776159947368E+06	+0.00000000000000E+00	+4.94776289150238E+06	+4.94773584465027E+06	+4.94778735443115E+06 	0	0	0	0
		B	s3	130	3:43:29 PM	0.0000316390	+9.10978444095241E-11	+1.53944670061886E-14	+6.72137420950592E-02	+2.16855049133301E+01	+4.94776159737602E+06	+0.00000000000000E+00	+4.94776293266297E+06	+4.94773592296601E+06	+4.94778727191925E+06 	0	0	0	0
		B	s3	131	3:43:31 PM	0.0000382747	+9.13418145462542E-11	+1.53949818817209E-14	+6.72114947855070E-02	+2.16135272979736E+01	+4.94776157485066E+06	+0.00000000000000E+00	+4.94776277038574E+06	+4.94773598480225E+06	+4.94778716503144E+06 	0	0	0	0
		B	s3	132	3:43:33 PM	0.0000455425	+9.12832923905623E-11	+1.53667683332960E-14	+6.73348967116719E-02	+2.15763072967529E+01	+4.94776154126273E+06	+0.00000000000000E+00	+4.94776278823853E+06	+4.94773604209900E+06	+4.94778704055786E+06 	0	0	0	0
		B	s3	133	3:43:36 PM	0.0000534423	+5.47760746245794E-11	+1.54059524077361E-14	+6.71636340330789E-02	+2.15669384002686E+01	+4.94776156294900E+06	+0.00000000000000E+00	+4.94776280685425E+06	+4.94773600986481E+06	+4.94778711616516E+06 	0	0	0	0
		B	s3	134	3:43:38 PM	0.0000619740	+5.21993619069279E-11	+1.53640282671715E-14	+6.73469067616502E-02	+2.15240783691406E+01	+4.94776149182459E+06	+0.00000000000000E+00	+4.94776278854370E+06	+4.94773605892182E+06	+4.94778692485810E+06 	0	0	0	0
		B	s3	135	3:43:40 PM	0.0000711377	+5.33999249531688E-11	+1.53901192052124E-14	+6.72327327958409E-02	+2.15192375183105E+01	+4.94776150849462E+06	+0.00000000000000E+00	+4.94776284675598E+06	+4.94773603813172E+06	+4.94778697898865E+06 	0	0	0	0
		B	s3	136	3:43:42 PM	0.0000809334	+5.22111726209642E-11	+1.53782032537011E-14	+6.72848286968008E-02	+2.15011901855469E+01	+4.94776151000164E+06	+0.00000000000000E+00	+4.94776275821686E+06	+4.94773608070374E+06	+4.94778693943024E+06 	0	0	0	0
		B	s3	137	3:43:43 PM	0.0000913610	+8.63020113408956E-11	+1.53654319260091E-14	+6.73407535849738E-02	+2.14750137329102E+01	+4.94776152562309E+06	+0.00000000000000E+00	+4.94776275817871E+06	+4.94773614837647E+06	+4.94778690299988E+06 	0	0	0	0
		B	s3	138	3:43:46 PM	0.0001024206	+5.36769010911605E-11	+1.53832233269194E-14	+6.72628721078525E-02	+2.14666538238525E+01	+4.94776148213544E+06	+0.00000000000000E+00	+4.94776274707794E+06	+4.94773608539581E+06	+4.94778687900543E+06 	0	0	0	0
		B	s3	139	3:43:48 PM	0.0001141123	+9.13414255610330E-11	+1.54085858089622E-14	+6.71521558103236E-02	+2.14436321258545E+01	+4.94776154952200E+06	+0.00000000000000E+00	+4.94776276355744E+06	+4.94773613819122E+06	+4.94778696098328E+06 	0	0	0	0
		B	s3	140	3:43:50 PM	0.0001264359	+8.90759272889431E-11	+1.54190451422070E-14	+6.71066057317111E-02	+2.14435787200928E+01	+4.94776148244046E+06	+0.00000000000000E+00	+4.94776283721924E+06	+4.94773605392456E+06	+4.94778691108704E+06 	0	0	0	0
		B	s3	141	3:43:51 PM	0.0001393914	+8.97442122938394E-11	+1.54193700240347E-14	+6.71051902227787E-02	+2.14113121032715E+01	+4.94776154111069E+06	+0.00000000000000E+00	+4.94776279632569E+06	+4.94773615032196E+06	+4.94778693202973E+06 	0	0	0	0
		B	s3	142	3:43:54 PM	0.0001529790	+5.37587383171406E-11	+1.54206466826576E-14	+6.70996355233570E-02	+2.14065322875977E+01	+4.94776150916262E+06	+0.00000000000000E+00	+4.94776280269623E+06	+4.94773612194061E+06	+4.94778689651489E+06 	0	0	0	0
		B	s3	143	3:43:56 PM	0.0001671985	+5.71705769931029E-11	+1.54117837685089E-14	+6.71382222347379E-02	+2.13947849273682E+01	+4.94776152890383E+06	+0.00000000000000E+00	+4.94776280918121E+06	+4.94773617019654E+06	+4.94778688774109E+06 	0	0	0	0
		B	s3	144	3:43:57 PM	0.0001820500	+8.97149889181041E-11	+1.53924123353113E-14	+6.72227165609265E-02	+2.13705863952637E+01	+4.94776150996417E+06	+0.00000000000000E+00	+4.94776276855469E+06	+4.94773621177674E+06	+4.94778680828095E+06 	0	0	0	0
		B	s3	145	3:43:59 PM	0.0001975335	+5.20797917261617E-11	+1.53856673905373E-14	+6.72521851759070E-02	+2.13628520965576E+01	+4.94776155587415E+06	+0.00000000000000E+00	+4.94776280467987E+06	+4.94773627792359E+06	+4.94778683395386E+06 	0	0	0	0
		B	s3	146	3:44:01 PM	0.0002136490	+5.27984336919805E-11	+1.54161104663976E-14	+6.71193794682625E-02	+2.13552379608154E+01	+4.94776151782234E+06	+0.00000000000000E+00	+4.94776276988983E+06	+4.94773619888306E+06	+4.94778683689118E+06 	0	0	0	0
		B	s3	147	3:44:03 PM	0.0002303965	+8.97980249381670E-11	+1.54091339428912E-14	+6.71497684225758E-02	+2.13384952545166E+01	+4.94776149979805E+06	+0.00000000000000E+00	+4.94776279891968E+06	+4.94773621215821E+06	+4.94778678756714E+06 	0	0	0	0
		B	s3	148	3:44:05 PM	0.0002477759	+9.05766755570549E-11	+1.53993911651900E-14	+6.71922516888348E-02	+2.13158397674561E+01	+4.94776152091262E+06	+0.00000000000000E+00	+4.94776275798798E+06	+4.94773627609253E+06	+4.94778676586151E+06 	0	0	0	0
		B	s3	149	3:44:07 PM	0.0002657873	+8.97115895042866E-11	+1.54072074491388E-14	+6.71581656624598E-02	+2.13202056884766E+01	+4.94776146535146E+06	+0.00000000000000E+00	+4.94776276359558E+06	+4.94773620254517E+06	+4.94778672828674E+06 	0	0	0	0
		B	s3	150	3:44:09 PM	0.0002844307	+5.67848390232535E-11	+1.54377046198409E-14	+6.70254932160632E-02	+2.13995704650879E+01	+4.94776152272377E+06	+0.00000000000000E+00	+4.94776281661988E+06	+4.94773611568451E+06	+4.94778692989349E+06 	0	0	0	0
		B	s3	151	3:44:11 PM	0.0003037061	+5.61053631550991E-11	+1.53954752403703E-14	+6.72093411041674E-02	+2.13585052490234E+01	+4.94776156905387E+06	+0.00000000000000E+00	+4.94776281688690E+06	+4.94773628013611E+06	+4.94778685810089E+06 	0	0	0	0
		B	s3	152	3:44:13 PM	0.0003236134	+9.41225831745102E-11	+1.54143681532904E-14	+6.71269654173266E-02	+2.13633632659912E+01	+4.94776154259876E+06	+0.00000000000000E+00	+4.94776283317566E+06	+4.94773621688843E+06	+4.94778686843872E+06 	0	0	0	0
		B	s3	153	3:44:15 PM	0.0003441527	+9.54945507013176E-11	+1.54177518678290E-14	+6.71122333368706E-02	+2.13793449401855E+01	+4.94776153559867E+06	+0.00000000000000E+00	+4.94776283084870E+06	+4.94773618537903E+06	+4.94778688594818E+06 	0	0	0	0
		B	s3	154	3:44:16 PM	0.0003653240	+9.14149202363337E-11	+1.53822819962925E-14	+6.72669871184029E-02	+2.13459815979004E+01	+4.94776152600520E+06	+0.00000000000000E+00	+4.94776280685425E+06	+4.94773627357483E+06	+4.94778677856446E+06 	0	0	0	0
		B	s3	155	3:44:18 PM	0.0003871273	+9.35296570423194E-11	+1.54172425262900E-14	+6.71144515025501E-02	+2.13611984252930E+01	+4.94776149985507E+06	+0.00000000000000E+00	+4.94776279117584E+06	+4.94773617198944E+06	+4.94778682785034E+06 	0	0	0	0
		B	s3	156	3:44:20 PM	0.0004095626	+5.56585863559096E-11	+1.54150983404206E-14	+6.71237861622855E-02	+2.13478717803955E+01	+4.94776152653897E+06	+0.00000000000000E+00	+4.94776282653809E+06	+4.94773621799469E+06	+4.94778683521271E+06 	0	0	0	0
		B	s3	157	3:44:22 PM	0.0004326298	+9.41201342587465E-11	+1.54329942323051E-14	+6.70459500944489E-02	+2.13435096740723E+01	+4.94776153506470E+06	+0.00000000000000E+00	+4.94776283786774E+06	+4.94773620231629E+06	+4.94778686794281E+06 	0	0	0	0
		B	s3	158	3:44:24 PM	0.0004563291	+9.34094429198241E-11	+1.54373376562969E-14	+6.70270863621418E-02	+2.13508548736572E+01	+4.94776152745429E+06	+0.00000000000000E+00	+4.94776287670136E+06	+4.94773617885590E+06	+4.94778687618256E+06 	0	0	0	0
		B	s3	159	3:44:27 PM	0.0004806603	+9.58083150214276E-11	+1.54388488442754E-14	+6.70205256046573E-02	+2.13463554382324E+01	+4.94776152749246E+06	+0.00000000000000E+00	+4.94776282932282E+06	+4.94773618175507E+06	+4.94778687335968E+06 	0	0	0	0
		B	s3	160	3:44:28 PM	0.0005056235	+5.60326558922656E-11	+1.54460945345394E-14	+6.69890868590000E-02	+2.13277359008789E+01	+4.94776151761244E+06	+0.00000000000000E+00	+4.94776287204743E+06	+4.94773618209839E+06	+4.94778685325623E+06 	0	0	0	0
		B	s3	161	3:44:30 PM	0.0005312186	+5.96679242620917E-11	+1.54416354270818E-14	+6.70084305999760E-02	+2.13316459655762E+01	+4.94776154759598E+06	+0.00000000000000E+00	+4.94776284107208E+06	+4.94773621475220E+06	+4.94778688056946E+06 	0	0	0	0
		B	s3	162	3:44:32 PM	0.0005574458	+5.85432296322223E-11	+1.54719854036726E-14	+6.68769867051846E-02	+2.13210430145264E+01	+4.94776153258495E+06	+0.00000000000000E+00	+4.94776288551331E+06	+4.94773616256714E+06	+4.94778690273285E+06 	0	0	0	0
		B	s3	163	3:44:34 PM	0.0005843049	+5.72197716695495E-11	+1.54757465376004E-14	+6.68607335214078E-02	+2.13019351959229E+01	+4.94776152505101E+06	+0.00000000000000E+00	+4.94776287189484E+06	+4.94773617160797E+06	+4.94778687862396E+06 	0	0	0	0
		B	s3	164	3:44:36 PM	0.0006117960	+9.71556121564884E-11	+1.54498843398584E-14	+6.69726544978785E-02	+2.13143978118896E+01	+4.94776152354435E+06	+0.00000000000000E+00	+4.94776284862519E+06	+4.94773619766236E+06	+4.94778684955597E+06 	0	0	0	0
		B	s3	165	3:44:38 PM	0.0006399191	+2.64881617831651E-11	+1.54665849843852E-14	+6.69003378491446E-02	+2.13153228759766E+01	+4.94776153573216E+06	+0.00000000000000E+00	+4.94776294910431E+06	+4.94773618137360E+06	+4.94778689022064E+06 	0	0	0	0
		B	s3	166	3:44:41 PM	0.0006686741	+6.32708571241715E-11	+1.54686752374852E-14	+6.68912973496917E-02	+2.13073921203613E+01	+4.94776154986564E+06	+0.00000000000000E+00	+4.94776290313721E+06	+4.94773620151520E+06	+4.94778689834595E+06 	0	0	0	0
		B	s3	167	3:44:42 PM	0.0006980612	+6.50696871700418E-11	+1.54729822538289E-14	+6.68726774626530E-02	+2.13191242218018E+01	+4.94776155768566E+06	+0.00000000000000E+00	+4.94776293689728E+06	+4.94773618831635E+06	+4.94778692718506E+06 	0	0	0	0
		B	s3	168	3:44:44 PM	0.0007280802	+6.23268494482124E-11	+1.54562804373524E-14	+6.69449387053979E-02	+2.13006992340088E+01	+4.94776157000739E+06	+0.00000000000000E+00	+4.94776291633606E+06	+4.94773624992371E+06	+4.94778689022064E+06 	0	0	0	0
		B	s3	169	3:44:46 PM	0.0007587312	+6.30951237363122E-11	+1.54747779135457E-14	+6.68649172936805E-02	+2.12926425933838E+01	+4.94776157279201E+06	+0.00000000000000E+00	+4.94776293731690E+06	+4.94773623199463E+06	+4.94778691371918E+06 	0	0	0	0
		B	s3	170	3:44:48 PM	0.0007900141	+6.14060965954238E-11	+1.54703974414019E-14	+6.68838497268082E-02	+2.12957859039307E+01	+4.94776159106443E+06	+0.00000000000000E+00	+4.94776293846131E+06	+4.94773625370026E+06	+4.94778692855835E+06 	0	0	0	0
		B	s3	171	3:44:50 PM	0.0008219291	+6.58929675566475E-11	+1.54904884246025E-14	+6.67971022324856E-02	+2.12951908111572E+01	+4.94776158808880E+06	+0.00000000000000E+00	+4.94776298412323E+06	+4.94773621852875E+06	+4.94778695777893E+06 	0	0	0	0
		B	s3	172	3:44:52 PM	0.0008544760	+6.74549875515170E-11	+1.54609524903049E-14	+6.69247078127247E-02	+2.12973098754883E+01	+4.94776161441045E+06	+0.00000000000000E+00	+4.94776298786164E+06	+4.94773629070282E+06	+4.94778693824768E+06 	0	0	0	0
		B	s3	173	3:44:54 PM	0.0008876549	+6.67480259248784E-11	+1.54813804518396E-14	+6.68363996202807E-02	+2.12925643920898E+01	+4.94776160811605E+06	+0.00000000000000E+00	+4.94776303276062E+06	+4.94773625659943E+06	+4.94778695976258E+06 	0	0	0	0
		B	s3	174	3:44:56 PM	0.0009214658	+7.02242439468253E-11	+1.54798934039646E-14	+6.68428194523313E-02	+2.13104705810547E+01	+4.94776163348369E+06	+0.00000000000000E+00	+4.94776302646637E+06	+4.94773626308441E+06	+4.94778700401306E+06 	0	0	0	0
		B	s3	175	3:44:58 PM	0.0009559087	+6.71558503897400E-11	+1.54792108830406E-14	+6.68457673455285E-02	+2.13220329284668E+01	+4.94776161091969E+06	+0.00000000000000E+00	+4.94776302078247E+06	+4.94773622787476E+06	+4.94778699409485E+06 	0	0	0	0
		B	s3	176	3:45:00 PM	0.0009909836	+6.86996184366905E-11	+1.54970437105332E-14	+6.67688454227128E-02	+2.13139324188232E+01	+4.94776164286768E+06	+0.00000000000000E+00	+4.94776303050995E+06	+4.94773624023438E+06	+4.94778704563141E+06 	0	0	0	0
		B	s3	177	3:45:02 PM	0.0010266904	+7.18634658679545E-11	+1.54843776489338E-14	+6.68234619995681E-02	+2.13289966583252E+01	+4.94776162997402E+06	+0.00000000000000E+00	+4.94776305477143E+06	+4.94773623016358E+06	+4.94778702991486E+06 	0	0	0	0
		B	s3	178	3:45:03 PM	0.0010630292	+7.06723617027433E-11	+1.54975861622596E-14	+6.67665083607218E-02	+2.13343582153320E+01	+4.94776164273404E+06	+0.00000000000000E+00	+4.94776308097840E+06	+4.94773621486664E+06	+4.94778707073212E+06 	0	0	0	0
		B	s3	179	3:45:05 PM	0.0011000000	+7.45373136188318E-11	+1.54954872339309E-14	+6.67755516889047E-02	+2.13460826873779E+01	+4.94776166028159E+06	+0.00000000000000E+00	+4.94776312721253E+06	+4.94773622188568E+06	+4.94778709880829E+06 	0	0	0	0

