	10/4/2022	Test # 002 (today) Location 5 Ramp 1	Tip #H10	Box 5b Xtal 1		DLC	100 uN	2.4%		Points/Segment: 59	
		Seg 	ID Tag	Number	Time	Power	C0	C1	L1	R1	fs	fa	fr	f1	f2	Ch1 (Pk-Pk)	Ch2 (Pk-Pk)	Ch1 (RMS)	Ch2 (RMS)	
						uW	F	F	H	Ohms	Hz	Hz	Hz	Hz	Hz	V	V	V	V	
		B	s1	0	1:49:34 PM	0.0000000400	+1.18874566313932E-10	+1.53922571844609E-14	+6.72233447794808E-02	+2.00751724243164E+01	+4.94776332693115E+06	+0.00000000000000E+00	+4.94776502479553E+06	+4.94773956245423E+06	+4.94778709152222E+06 	0	0	0	0
		B	s1	1	1:49:36 PM	0.0000002124	+1.58171849806795E-10	+1.55419145960079E-14	+6.65760221847174E-02	+2.01208515167236E+01	+4.94776371116515E+06	+0.00000000000000E+00	+4.94776511230469E+06	+4.94773966102600E+06	+4.94778776142121E+06 	0	0	0	0
		B	s1	2	1:49:38 PM	0.0000007294	+7.98160642753420E-11	+1.53814408147249E-14	+6.72706030941173E-02	+2.01257572174072E+01	+4.94776383279795E+06	+0.00000000000000E+00	+4.94776487770081E+06	+4.94774002517700E+06	+4.94778764053345E+06 	0	0	0	0
		B	s1	3	1:49:40 PM	0.0000015912	+9.03088778797892E-11	+1.54088446522305E-14	+6.71509670142496E-02	+1.99413433074951E+01	+4.94776378759463E+06	+0.00000000000000E+00	+4.94776513015747E+06	+4.94774015609741E+06	+4.94778741920471E+06 	0	0	0	0
		B	s1	4	1:49:43 PM	0.0000027976	+5.03051653788998E-11	+1.53887548270284E-14	+6.72386264897462E-02	+1.99528865814209E+01	+4.94776398128597E+06	+0.00000000000000E+00	+4.94776511589051E+06	+4.94774036693573E+06	+4.94778759574890E+06 	0	0	0	0
		B	s1	5	1:49:45 PM	0.0000043488	+9.05863521195714E-11	+1.54051012143521E-14	+6.71672798285601E-02	+1.99037990570068E+01	+4.94776396671398E+06	+0.00000000000000E+00	+4.94776511016846E+06	+4.94774038543701E+06	+4.94778754810333E+06 	0	0	0	0
		B	s1	6	1:49:46 PM	0.0000062447	+4.87300733656725E-11	+1.53901397792008E-14	+6.72325769867249E-02	+1.98111038208008E+01	+4.94776393446134E+06	+0.00000000000000E+00	+4.94776512821198E+06	+4.94774048580170E+06	+4.94778738323212E+06 	0	0	0	0
		B	s1	7	1:49:49 PM	0.0000084853	+1.00168338217979E-10	+1.54044324352950E-14	+6.71701937996926E-02	+1.97329597473145E+01	+4.94776404321870E+06	+0.00000000000000E+00	+4.94776512729645E+06	+4.94774066535950E+06	+4.94778742118836E+06 	0	0	0	0
		B	s1	8	1:49:51 PM	0.0000110706	+4.73783417193829E-11	+1.54134565231815E-14	+6.71308665597442E-02	+1.96613254547119E+01	+4.94776408857578E+06	+0.00000000000000E+00	+4.94776519264221E+06	+4.94774078193665E+06	+4.94778739532471E+06 	0	0	0	0
		B	s1	9	1:49:53 PM	0.0000140006	+9.65743570333823E-11	+1.53926116824992E-14	+6.72217770913456E-02	+1.96032505035400E+01	+4.94776404484075E+06	+0.00000000000000E+00	+4.94776513023377E+06	+4.94774083847046E+06	+4.94778725131989E+06 	0	0	0	0
		B	s1	10	1:49:56 PM	0.0000172753	-3.79327344445556E-11	+1.53705824415449E-14	+6.73181207076407E-02	+1.95819244384766E+01	+4.94776401430437E+06	+0.00000000000000E+00	+4.94776512004852E+06	+4.94774086635590E+06	+4.94778716236115E+06 	0	0	0	0
		B	s1	11	1:49:58 PM	0.0000208947	+5.24491542260512E-11	+1.53383940334555E-14	+6.74593913743431E-02	+1.95130691528320E+01	+4.94776400949846E+06	+0.00000000000000E+00	+4.94776512771607E+06	+4.94774099124909E+06	+4.94778702785492E+06 	0	0	0	0
		B	s1	12	1:50:00 PM	0.0000248588	+5.09538622509347E-11	+1.53891045201283E-14	+6.72370982253250E-02	+1.94053859710693E+01	+4.94776399500285E+06	+0.00000000000000E+00	+4.94776508632660E+06	+4.94774102809906E+06	+4.94778696201325E+06 	0	0	0	0
		B	s1	13	1:50:02 PM	0.0000291676	+1.10403200386354E-11	+1.53973379858814E-14	+6.72011435152951E-02	+1.94219722747803E+01	+4.94776402483363E+06	+0.00000000000000E+00	+4.94776514751435E+06	+4.94774102600098E+06	+4.94778702377320E+06 	0	0	0	0
		B	s1	14	1:50:04 PM	0.0000338211	+4.97191213172182E-11	+1.54052505086866E-14	+6.71666278574412E-02	+1.93951091766357E+01	+4.94776400516896E+06	+0.00000000000000E+00	+4.94776510711670E+06	+4.94774102634430E+06	+4.94778698410034E+06 	0	0	0	0
		B	s1	15	1:50:06 PM	0.0000388194	+5.29928793714510E-11	+1.53965740585142E-14	+6.72044797471650E-02	+1.93688945770264E+01	+4.94776395370890E+06	+0.00000000000000E+00	+4.94776507865906E+06	+4.94774101886749E+06	+4.94778688865662E+06 	0	0	0	0
		B	s1	16	1:50:08 PM	0.0000441623	+5.68551177766322E-12	+1.53982755549712E-14	+6.71970540766950E-02	+1.93629856109619E+01	+4.94776394016674E+06	+0.00000000000000E+00	+4.94776508090973E+06	+4.94774100978852E+06	+4.94778687065125E+06 	0	0	0	0
		B	s1	17	1:50:10 PM	0.0000498500	+5.01479914922229E-11	+1.53839225884433E-14	+6.72597473461570E-02	+1.93720874786377E+01	+4.94776396088060E+06	+0.00000000000000E+00	+4.94776503833771E+06	+4.94774104110718E+06	+4.94778688076019E+06 	0	0	0	0
		B	s1	18	1:50:12 PM	0.0000558823	+4.76472824928069E-11	+1.53644570597274E-14	+6.73449601411927E-02	+1.93469467163086E+01	+4.94776395660841E+06	+0.00000000000000E+00	+4.94776508239746E+06	+4.94774109554291E+06	+4.94778681777954E+06 	0	0	0	0
		B	s1	19	1:50:15 PM	0.0000622594	+5.15775071048478E-11	+1.53873465278881E-14	+6.72447803541285E-02	+1.93423271179199E+01	+4.94776398237656E+06	+0.00000000000000E+00	+4.94776509243012E+06	+4.94774109272003E+06	+4.94778687213898E+06 	0	0	0	0
		B	s1	20	1:50:17 PM	0.0000689811	+5.48791028674049E-11	+1.53656107514581E-14	+6.73399026807987E-02	+1.93159408569336E+01	+4.94776399401168E+06	+0.00000000000000E+00	+4.94776508636475E+06	+4.94774116786957E+06	+4.94778682025910E+06 	0	0	0	0
		B	s1	21	1:50:19 PM	0.0000760476	+8.72307138721081E-12	+1.53906682393627E-14	+6.72302673142900E-02	+1.92870388031006E+01	+4.94776397669294E+06	+0.00000000000000E+00	+4.94776512001038E+06	+4.94774114753723E+06	+4.94778680595398E+06 	0	0	0	0
		B	s1	22	1:50:21 PM	0.0000834587	+5.45853092909185E-11	+1.54061834899232E-14	+6.71625600077831E-02	+1.92686290740967E+01	+4.94776401672818E+06	+0.00000000000000E+00	+4.94776515392304E+06	+4.94774118637085E+06	+4.94778684719086E+06 	0	0	0	0
		B	s1	23	1:50:24 PM	0.0000912146	+9.69142465118347E-11	+1.54054773779416E-14	+6.71656406854506E-02	+1.92795906066895E+01	+4.94776393299552E+06	+0.00000000000000E+00	+4.94776507045746E+06	+4.94774109069824E+06	+4.94778677539826E+06 	0	0	0	0
		B	s1	24	1:50:26 PM	0.0000993152	+5.21583234865432E-11	+1.54059726442875E-14	+6.71634806728395E-02	+1.92653999328613E+01	+4.94776396219710E+06	+0.00000000000000E+00	+4.94776510078430E+06	+4.94774113597870E+06	+4.94778678852082E+06 	0	0	0	0
		B	s1	25	1:50:28 PM	0.0001077605	+4.92940907926832E-11	+1.53941181479849E-14	+6.72152021670013E-02	+1.92214488983154E+01	+4.94776392021668E+06	+0.00000000000000E+00	+4.94776504772186E+06	+4.94774116359711E+06	+4.94778667694092E+06 	0	0	0	0
		B	s1	26	1:50:30 PM	0.0001165505	+9.81781693528323E-11	+1.54023572533259E-14	+6.71792457175274E-02	+1.92333869934082E+01	+4.94776397030353E+06	+0.00000000000000E+00	+4.94776508991242E+06	+4.94774118736267E+06	+4.94778675334931E+06 	0	0	0	0
		B	s1	27	1:50:32 PM	0.0001256852	+8.75098091498402E-12	+1.53902556281784E-14	+6.72320698167222E-02	+1.92105770111084E+01	+4.94776397427103E+06	+0.00000000000000E+00	+4.94776510501862E+06	+4.94774123622894E+06	+4.94778671241761E+06 	0	0	0	0
		B	s1	28	1:50:34 PM	0.0001351646	+8.98481632634963E-12	+1.53914682559437E-14	+6.72267729157174E-02	+1.92109165191650E+01	+4.94776397333641E+06	+0.00000000000000E+00	+4.94776511760712E+06	+4.94774123310089E+06	+4.94778671367645E+06 	0	0	0	0
		B	s1	29	1:50:37 PM	0.0001449887	+5.78444515056882E-11	+1.54363214494475E-14	+6.70314324431868E-02	+1.91986675262451E+01	+4.94776398020263E+06	+0.00000000000000E+00	+4.94776514633179E+06	+4.94774118824005E+06	+4.94778677227020E+06 	0	0	0	0
		B	s1	30	1:50:38 PM	0.0001551575	+5.70282707260656E-11	+1.54102805376077E-14	+6.71447038830115E-02	+1.91809463500977E+01	+4.94776401596569E+06	+0.00000000000000E+00	+4.94776514881134E+06	+4.94774128345490E+06	+4.94778674858093E+06 	0	0	0	0
		B	s1	31	1:50:40 PM	0.0001656710	+5.68481267565907E-11	+1.54309684068374E-14	+6.70546856482973E-02	+1.91748390197754E+01	+4.94776398651612E+06	+0.00000000000000E+00	+4.94776513500214E+06	+4.94774123073578E+06	+4.94778674240112E+06 	0	0	0	0
		B	s1	32	1:50:42 PM	0.0001765292	+1.03355349200528E-10	+1.54119070414803E-14	+6.71376174221820E-02	+1.91767978668213E+01	+4.94776402733350E+06	+0.00000000000000E+00	+4.94776516185761E+06	+4.94774129734040E+06	+4.94778675743103E+06 	0	0	0	0
		B	s1	33	1:50:44 PM	0.0001877322	+5.51694434213077E-11	+1.54100250146232E-14	+6.71458175426179E-02	+1.91409816741943E+01	+4.94776400518939E+06	+0.00000000000000E+00	+4.94776513835907E+06	+4.94774132041931E+06	+4.94778669006348E+06 	0	0	0	0
		B	s1	34	1:50:47 PM	0.0001992798	+5.44253420252130E-11	+1.54091716125731E-14	+6.71495369361456E-02	+1.91324977874756E+01	+4.94776398033669E+06	+0.00000000000000E+00	+4.94776508392334E+06	+4.94774130687714E+06	+4.94778665390015E+06 	0	0	0	0
		B	s1	35	1:50:49 PM	0.0002111721	+5.35060724963234E-11	+1.54051663375759E-14	+6.71669947606314E-02	+1.91329803466797E+01	+4.94776400824123E+06	+0.00000000000000E+00	+4.94776510852814E+06	+4.94774134010315E+06	+4.94778667648316E+06 	0	0	0	0
		B	s1	36	1:50:50 PM	0.0002234092	+5.27117651817773E-11	+1.54235027156479E-14	+6.70871427427686E-02	+1.91172447204590E+01	+4.94776400442649E+06	+0.00000000000000E+00	+4.94776513156891E+06	+4.94774132797241E+06	+4.94778668098450E+06 	0	0	0	0
		B	s1	37	1:50:52 PM	0.0002359909	+5.78389650254425E-11	+1.54096684168634E-14	+6.71473710300996E-02	+1.91169452667236E+01	+4.94776401791154E+06	+0.00000000000000E+00	+4.94776514320374E+06	+4.94774136215210E+06	+4.94778667377472E+06 	0	0	0	0
		B	s1	38	1:50:54 PM	0.0002489174	+9.50771820559271E-12	+1.54159549394218E-14	+6.71199890971661E-02	+1.91000118255615E+01	+4.94776400639121E+06	+0.00000000000000E+00	+4.94776512664795E+06	+4.94774136146546E+06	+4.94778665142059E+06 	0	0	0	0
		B	s1	39	1:50:56 PM	0.0002621886	+6.84332770021330E-12	+1.54193565138550E-14	+6.71051825637889E-02	+1.90971012115479E+01	+4.94776399103704E+06	+0.00000000000000E+00	+4.94776509952545E+06	+4.94774134456635E+06	+4.94778663761139E+06 	0	0	0	0
		B	s1	40	1:50:58 PM	0.0002758044	+8.18193910096924E-12	+1.54313512703455E-14	+6.70530217644924E-02	+1.90782070159912E+01	+4.94776399412697E+06	+0.00000000000000E+00	+4.94776511192322E+06	+4.94774135246277E+06	+4.94778663589478E+06 	0	0	0	0
		B	s1	41	1:51:01 PM	0.0002897650	+5.88592746745191E-11	+1.54283306060564E-14	+6.70661490853437E-02	+1.90925674438477E+01	+4.94776402287065E+06	+0.00000000000000E+00	+4.94776516258240E+06	+4.94774136859894E+06	+4.94778667724610E+06 	0	0	0	0
		B	s1	42	1:51:03 PM	0.0003040703	+5.04856355100292E-11	+1.54194810949208E-14	+6.71046407342633E-02	+1.90622539520264E+01	+4.94776397835336E+06	+0.00000000000000E+00	+4.94776512142182E+06	+4.94774137302399E+06	+4.94778658378601E+06 	0	0	0	0
		B	s1	43	1:51:05 PM	0.0003187203	+5.41501224530508E-11	+1.54222161896658E-14	+6.70927394789150E-02	+1.90511703491211E+01	+4.94776399313535E+06	+0.00000000000000E+00	+4.94776512325287E+06	+4.94774139694214E+06	+4.94778658943176E+06 	0	0	0	0
		B	s1	44	1:51:07 PM	0.0003337150	+5.99675632531589E-11	+1.54263900439902E-14	+6.70745857260551E-02	+1.90564975738525E+01	+4.94776402075371E+06	+0.00000000000000E+00	+4.94776515792847E+06	+4.94774141212464E+06	+4.94778662948609E+06 	0	0	0	0
		B	s1	45	1:51:10 PM	0.0003490544	+5.65492365862365E-11	+1.54348816353391E-14	+6.70376845641879E-02	+1.90563774108887E+01	+4.94776400902346E+06	+0.00000000000000E+00	+4.94776514949799E+06	+4.94774138809204E+06	+4.94778663005829E+06 	0	0	0	0
		B	s1	46	1:51:12 PM	0.0003647385	+5.51359579206968E-11	+1.54270910059122E-14	+6.70715383187320E-02	+1.90255374908447E+01	+4.94776401095010E+06	+0.00000000000000E+00	+4.94776512649536E+06	+4.94774143802643E+06	+4.94778658397675E+06 	0	0	0	0
		B	s1	47	1:51:13 PM	0.0003807673	+6.20920236309419E-11	+1.54543999725484E-14	+6.69530182334131E-02	+1.90573120117188E+01	+4.94776401669086E+06	+0.00000000000000E+00	+4.94776519504547E+06	+4.94774136604309E+06	+4.94778666744232E+06 	0	0	0	0
		B	s1	48	1:51:15 PM	0.0003971408	+1.02361391997081E-10	+1.54275732080230E-14	+6.70694425309840E-02	+1.90322895050049E+01	+4.94776398914906E+06	+0.00000000000000E+00	+4.94776512729645E+06	+4.94774140750885E+06	+4.94778657089234E+06 	0	0	0	0
		B	s1	49	1:51:17 PM	0.0004138590	+5.86823882220975E-11	+1.54463455817803E-14	+6.69879301070853E-02	+1.90354423522949E+01	+4.94776402842123E+06	+0.00000000000000E+00	+4.94776518516541E+06	+4.94774141555786E+06	+4.94778664138794E+06 	0	0	0	0
		B	s1	50	1:51:20 PM	0.0004309219	+6.00083132502716E-11	+1.54330683890635E-14	+6.70455600585863E-02	+1.90206432342529E+01	+4.94776403959846E+06	+0.00000000000000E+00	+4.94776515865326E+06	+4.94774146373749E+06	+4.94778661556244E+06 	0	0	0	0
		B	s1	51	1:51:21 PM	0.0004483296	+5.70430549389718E-11	+1.54263682221632E-14	+6.70746807195789E-02	+1.90071849822998E+01	+4.94776401665317E+06	+0.00000000000000E+00	+4.94776512351990E+06	+4.94774146656037E+06	+4.94778656684876E+06 	0	0	0	0
		B	s1	52	1:51:23 PM	0.0004660819	+5.80003329734420E-11	+1.54389507977465E-14	+6.70200149796290E-02	+1.90002079010010E+01	+4.94776403919799E+06	+0.00000000000000E+00	+4.94776514476776E+06	+4.94774147899628E+06	+4.94778659950257E+06 	0	0	0	0
		B	s1	53	1:51:25 PM	0.0004841789	+6.33754005455843E-11	+1.54557030956250E-14	+6.69473720278653E-02	+1.90107593536377E+01	+4.94776405985440E+06	+0.00000000000000E+00	+4.94776520915985E+06	+4.94774146263123E+06	+4.94778665718079E+06 	0	0	0	0
		B	s1	54	1:51:26 PM	0.0005026207	+1.45791355906606E-11	+1.54505446902915E-14	+6.69697241761198E-02	+1.90056457519531E+01	+4.94776403311344E+06	+0.00000000000000E+00	+4.94776518741608E+06	+4.94774144950867E+06	+4.94778661682129E+06 	0	0	0	0
		B	s1	55	1:51:28 PM	0.0005214071	+6.05190616372499E-11	+1.54584601227740E-14	+6.69354324530288E-02	+1.89945983886719E+01	+4.94776404005620E+06	+0.00000000000000E+00	+4.94776520561218E+06	+4.94774145801544E+06	+4.94778662220001E+06 	0	0	0	0
		B	s1	56	1:51:30 PM	0.0005405383	+6.29359335047524E-11	+1.54748988166487E-14	+6.68643282740892E-02	+1.89947261810303E+01	+4.94776403740487E+06	+0.00000000000000E+00	+4.94776523838043E+06	+4.94774143119812E+06	+4.94778664371491E+06 	0	0	0	0
		B	s1	57	1:51:32 PM	0.0005600142	+6.33307107946724E-11	+1.54617148382697E-14	+6.69213417706844E-02	+1.89802379608154E+01	+4.94776406473734E+06	+0.00000000000000E+00	+4.94776520690918E+06	+4.94774149501801E+06	+4.94778663455963E+06 	0	0	0	0
		B	s1	58	1:51:34 PM	0.0005798347	+6.24400028512066E-11	+1.54592674178007E-14	+6.69319367093887E-02	+1.89784622192383E+01	+4.94776405199628E+06	+0.00000000000000E+00	+4.94776521308899E+06	+4.94774148796082E+06	+4.94778661613464E+06 	0	0	0	0
		B	s1	59	1:51:36 PM	0.0006000000	+6.40850658423482E-11	+1.54729632765472E-14	+6.68726923330889E-02	+1.89669208526611E+01	+4.94776404173472E+06	+0.00000000000000E+00	+4.94776521091461E+06	+4.94774147144318E+06	+4.94778661212921E+06 	0	0	0	0
		T	s2 	60	1:55:16 PM	0.0006000000	+6.84372008137861E-11	+1.53817203646482E-14	+6.72693343930076E-02	+2.02015285491943E+01	+4.94776552867840E+06	+0.00000000000000E+00	+4.94776667221070E+06	+4.94774163097382E+06	+4.94778942649841E+06 	0.588000	0.044000	0.188473	0.009672
		T	s2 	61	1:55:21 PM	0.0005798347	+3.92964757572668E-11	+1.53617194362674E-14	+6.73569149628870E-02	+2.02162380218506E+01	+4.94776567451435E+06	+0.00000000000000E+00	+4.94776683322907E+06	+4.94774179050446E+06	+4.94778955863953E+06 	0.580000	0.042000	0.186543	0.007477
		T	s2 	62	1:55:27 PM	0.0005600142	+4.78587332320236E-11	+1.53529951564567E-14	+6.73951855436442E-02	+2.02817096710205E+01	+4.94776584793018E+06	+0.00000000000000E+00	+4.94776700881958E+06	+4.94774190017700E+06	+4.94778979579926E+06 	0.572000	0.040000	0.181991	0.009402
		T	s2 	63	1:55:32 PM	0.0005405383	+4.94069449199981E-11	+1.53539773267712E-14	+6.73908730637819E-02	+2.02642593383789E+01	+4.94776589614804E+06	+0.00000000000000E+00	+4.94776701133728E+06	+4.94774196746826E+06	+4.94778982494354E+06 	0.556000	0.046000	0.178918	0.007195
		T	s2 	64	1:55:38 PM	0.0005214071	+5.67283250981491E-11	+1.53458240119339E-14	+6.74266767244772E-02	+2.03146686553955E+01	+4.94776594953450E+06	+0.00000000000000E+00	+4.94776706554413E+06	+4.94774197406769E+06	+4.94778992511749E+06 	0.544000	0.042000	0.176681	0.006698
		T	s2 	65	1:55:44 PM	0.0005026207	+6.06323484486926E-11	+1.53299702701521E-14	+6.74964031749246E-02	+2.03499450683594E+01	+4.94776609468365E+06	+0.00000000000000E+00	+4.94776718093872E+06	+4.94774210239411E+06	+4.94779008708954E+06 	0.524000	0.040000	0.172797	0.006643
		T	s2 	66	1:55:49 PM	0.0004841789	+6.46679884232631E-11	+1.53437309996403E-14	+6.74358677220289E-02	+2.04130115509033E+01	+4.94776619022228E+06	+0.00000000000000E+00	+4.94776724697113E+06	+4.94774210197449E+06	+4.94779027858734E+06 	0.548000	0.044000	0.169901	0.007496
		T	s2 	67	1:55:54 PM	0.0004660819	+2.75672086333430E-11	+1.53537644487186E-14	+6.73918000268815E-02	+2.03771228790283E+01	+4.94776616790643E+06	+0.00000000000000E+00	+4.94776729705811E+06	+4.94774210628510E+06	+4.94779022964478E+06 	0.512000	0.046000	0.167581	0.007537
		T	s2 	68	1:56:00 PM	0.0004483296	+6.98524320742391E-11	+1.53444840990005E-14	+6.74325582914287E-02	+2.04007606506348E+01	+4.94776617969378E+06	+0.00000000000000E+00	+4.94776732833862E+06	+4.94774210472107E+06	+4.94779025478363E+06 	0.504000	0.042000	0.163564	0.008463
		T	s2 	69	1:56:06 PM	0.0004309219	+2.55326733729421E-11	+1.53366117499008E-14	+6.74671717551054E-02	+2.03673286437988E+01	+4.94776617822537E+06	+0.00000000000000E+00	+4.94776727653504E+06	+4.94774215503693E+06	+4.94779020153046E+06 	0.492000	0.040000	0.160107	0.006996
		T	s2 	70	1:56:11 PM	0.0004138590	+3.29653819250456E-11	+1.53221360196010E-14	+6.75309082049153E-02	+2.04344482421875E+01	+4.94776631696564E+06	+0.00000000000000E+00	+4.94776738189697E+06	+4.94774223735810E+06	+4.94779039669037E+06 	0.524000	0.042000	0.157368	0.008191
		T	s2 	71	1:56:16 PM	0.0003971408	+3.77908282957918E-11	+1.53297896124380E-14	+6.74971908085330E-02	+2.04536895751953E+01	+4.94776638036574E+06	+0.00000000000000E+00	+4.94776748718262E+06	+4.94774226604462E+06	+4.94779049480438E+06 	0.480000	0.046000	0.154086	0.007641
		T	s2 	72	1:56:21 PM	0.0003807673	+7.96104740044114E-11	+1.53099728451253E-14	+6.75845559994988E-02	+2.04301414489746E+01	+4.94776642202252E+06	+0.00000000000000E+00	+4.94776742885590E+06	+4.94774236660004E+06	+4.94779047756195E+06 	0.480000	0.042000	0.150238	0.008152
		T	s2 	73	1:56:27 PM	0.0003647385	+4.23489906583699E-11	+1.53280376696564E-14	+6.75049047900432E-02	+2.04693431854248E+01	+4.94776640670615E+06	+0.00000000000000E+00	+4.94776752723694E+06	+4.94774227668762E+06	+4.94779053684235E+06 	0.480000	0.046000	0.147278	0.007235
		T	s2 	74	1:56:32 PM	0.0003490544	+5.22988846621732E-11	+1.53147399236961E-14	+6.75635148729882E-02	+2.05241832733154E+01	+4.94776656186874E+06	+0.00000000000000E+00	+4.94776769447327E+06	+4.94774238819123E+06	+4.94779073566437E+06 	0.440000	0.046000	0.145159	0.007399
		T	s2 	75	1:56:37 PM	0.0003337150	+6.03371726380997E-11	+1.53200743874972E-14	+6.75399833876126E-02	+2.06028976440430E+01	+4.94776677461391E+06	+0.00000000000000E+00	+4.94776785125733E+06	+4.94774249977112E+06	+4.94779104957581E+06 	0.476000	0.036000	0.141313	0.006854
		T	s2 	76	1:56:42 PM	0.0003187203	+6.69910556679288E-11	+1.53007574462669E-14	+6.76252489325616E-02	+2.06350994110107E+01	+4.94776686658623E+06	+0.00000000000000E+00	+4.94776787948609E+06	+4.94774258445740E+06	+4.94779114883423E+06 	0.468000	0.038000	0.138238	0.006871
		T	s2 	77	1:56:47 PM	0.0003040703	+3.58453888249681E-11	+1.53072327740291E-14	+6.75966373723417E-02	+2.07100677490234E+01	+4.94776702954961E+06	+0.00000000000000E+00	+4.94776805309296E+06	+4.94774264888764E+06	+4.94779141033173E+06 	0.428000	0.058000	0.135130	0.007170
		T	s2 	78	1:56:52 PM	0.0002897650	+8.31719810426460E-11	+1.52992316363372E-14	+6.76319842486030E-02	+2.07392959594727E+01	+4.94776719680491E+06	+0.00000000000000E+00	+4.94776817909241E+06	+4.94774279449463E+06	+4.94779159923554E+06 	0.444000	0.044000	0.132234	0.006247
		T	s2 	79	1:56:57 PM	0.0002758044	+1.78956991572434E-11	+1.52963505914599E-14	+6.76447171013424E-02	+2.08569049835205E+01	+4.94776739907857E+06	+0.00000000000000E+00	+4.94776843395233E+06	+4.94774286300659E+06	+4.94779193527222E+06 	0.412000	0.040000	0.129116	0.008424
		T	s2 	80	1:57:03 PM	0.0002621886	+2.63835691835070E-11	+1.52572130242476E-14	+6.78182344763100E-02	+2.09295539855957E+01	+4.94776753800973E+06	+0.00000000000000E+00	+4.94776852245331E+06	+4.94774297946930E+06	+4.94779209667206E+06 	0.412000	0.044000	0.126400	0.008998
		T	s2 	81	1:57:08 PM	0.0002489174	+6.65873703198841E-11	+1.52676045375116E-14	+6.77720728237397E-02	+2.09040184020996E+01	+4.94776764266602E+06	+0.00000000000000E+00	+4.94776856723786E+06	+4.94774309738159E+06	+4.94779218807221E+06 	0.416000	0.044000	0.122746	0.008889
		T	s2 	82	1:57:14 PM	0.0002359909	+3.26082709610899E-11	+1.52457447896436E-14	+6.78692439128903E-02	+2.09374065399170E+01	+4.94776772586454E+06	+0.00000000000000E+00	+4.94776865085602E+06	+4.94774317657471E+06	+4.94779227527619E+06 	0.592000	0.042000	0.119954	0.007490
		T	s2 	83	1:57:19 PM	0.0002234092	+8.71949364484087E-11	+1.52436776236530E-14	+6.78784422163436E-02	+2.10357456207275E+01	+4.94776791957432E+06	+0.00000000000000E+00	+4.94776890007019E+06	+4.94774325832367E+06	+4.94779258094788E+06 	0.424000	0.098000	0.116785	0.007865
		T	s2 	84	1:57:25 PM	0.0002111721	+5.22083876236885E-11	+1.52109659121304E-14	+6.80244108402575E-02	+2.10634708404541E+01	+4.94776814971510E+06	+0.00000000000000E+00	+4.94776900749207E+06	+4.94774350894928E+06	+4.94779279060364E+06 	0.360000	0.042000	0.113886	0.008869
		T	s2 	85	1:57:30 PM	0.0001992798	+2.80742915545999E-11	+1.52595985955258E-14	+6.78076106005972E-02	+2.11371994018555E+01	+4.94776832902412E+06	+0.00000000000000E+00	+4.94776920528412E+06	+4.94774352294922E+06	+4.94779313522339E+06 	0.356000	0.036000	0.109999	0.009888
		T	s2 	86	1:57:35 PM	0.0001877322	+2.89714602240537E-11	+1.52552038828068E-14	+6.78271436294676E-02	+2.11569442749023E+01	+4.94776836400482E+06	+0.00000000000000E+00	+4.94776924129486E+06	+4.94774354190827E+06	+4.94779318622589E+06 	0.364000	0.032000	0.107375	0.007510
		T	s2 	87	1:57:40 PM	0.0001765292	+4.12745218326346E-11	+1.52592037757123E-14	+6.78093578535889E-02	+2.11914272308350E+01	+4.94776859225699E+06	+0.00000000000000E+00	+4.94776940071106E+06	+4.94774372318268E+06	+4.94779346145630E+06 	0.376000	0.036000	0.104711	0.007792
		T	s2 	88	1:57:46 PM	0.0001656710	+5.42451679300659E-11	+1.52539422435929E-14	+6.78327430602382E-02	+2.12219200134277E+01	+4.94776874652321E+06	+0.00000000000000E+00	+4.94776961589813E+06	+4.94774385025025E+06	+4.94779364292145E+06 	0.348000	0.036000	0.102995	0.007187
		T	s2 	89	1:57:52 PM	0.0001551575	+3.81600073632900E-11	+1.52170492338170E-14	+6.79971874932039E-02	+2.13358535766602E+01	+4.94776921279329E+06	+0.00000000000000E+00	+4.94777002079010E+06	+4.94774424339295E+06	+4.94779418231964E+06 	0.340000	0.038000	0.098956	0.006866
		T	s2 	90	1:57:57 PM	0.0001449887	+6.03862990769423E-11	+1.51851124822360E-14	+6.81401860303721E-02	+2.13800697326660E+01	+4.94776959632296E+06	+0.00000000000000E+00	+4.94777035415650E+06	+4.94774462768555E+06	+4.94779456508637E+06 	0.320000	0.044000	0.094963	0.007161
		T	s2 	91	1:58:02 PM	0.0001351646	+3.49256998298840E-11	+1.52036509698820E-14	+6.80570937114997E-02	+2.13529052734375E+01	+4.94776981297869E+06	+0.00000000000000E+00	+4.94777058986664E+06	+4.94774484561920E+06	+4.94779478046417E+06 	0.312000	0.036000	0.092386	0.006887
		T	s2 	92	1:58:07 PM	0.0001256852	+7.84842032500340E-11	+1.52198349342474E-14	+6.79847203817651E-02	+2.14162025451660E+01	+4.94776999600736E+06	+0.00000000000000E+00	+4.94777064990997E+06	+4.94774492797852E+06	+4.94779506416321E+06 	0.324000	0.042000	0.088806	0.007047
		T	s2 	93	1:58:12 PM	0.0001165505	+2.34765436613467E-11	+1.52274874516053E-14	+6.79505485321089E-02	+2.14248027801514E+01	+4.94777022830323E+06	+0.00000000000000E+00	+4.94777102058411E+06	+4.94774513759613E+06	+4.94779531913758E+06 	0.292000	0.032000	0.085138	0.008640
		T	s2 	94	1:58:18 PM	0.0001077605	+8.29030085764387E-11	+1.52239608727451E-14	+6.79662811653475E-02	+2.13651390075684E+01	+4.94777051514978E+06	+0.00000000000000E+00	+4.94777138809204E+06	+4.94774550010681E+06	+4.94779553031922E+06 	0.280000	0.034000	0.083872	0.008237
		T	s2 	95	1:58:24 PM	0.0000993152	+2.72235549013214E-11	+1.52386786522614E-14	+6.79006297725561E-02	+2.13704109191895E+01	+4.94777082055429E+06	+0.00000000000000E+00	+4.94777168869019E+06	+4.94774577514649E+06	+4.94779586608887E+06 	0.280000	0.034000	0.079203	0.005751
		T	s2 	96	1:58:29 PM	0.0000912146	+1.18726971073454E-10	+1.52825905153669E-14	+6.77055204854958E-02	+2.13537120819092E+01	+4.94777113658262E+06	+0.00000000000000E+00	+4.94777194290161E+06	+4.94774603862763E+06	+4.94779623466492E+06 	0.260000	0.034000	0.076722	0.005508
		T	s2 	97	1:58:35 PM	0.0000834587	+5.31180280610448E-11	+1.52460990519213E-14	+6.78675683568668E-02	+2.12960281372070E+01	+4.94777131739991E+06	+0.00000000000000E+00	+4.94777214500427E+06	+4.94774634700775E+06	+4.94779628791809E+06 	0.248000	0.038000	0.073195	0.005931
		T	s2 	98	1:58:40 PM	0.0000760476	+7.39730209311876E-11	+1.52288355519080E-14	+6.79444971222823E-02	+2.13425922393799E+01	+4.94777154752139E+06	+0.00000000000000E+00	+4.94777252681732E+06	+4.94774655086518E+06	+4.94779654430390E+06 	0.260000	0.046000	0.069973	0.007612
		T	s2 	99	1:58:46 PM	0.0000689811	+4.82398361990460E-11	+1.52588887150973E-14	+6.78106682373473E-02	+2.13089733123779E+01	+4.94777186551451E+06	+0.00000000000000E+00	+4.94777268947601E+06	+4.94774685897827E+06	+4.94779687217713E+06 	0.548000	0.038000	0.068632	0.007810
		T	s2 	100	1:58:51 PM	0.0000622594	+3.04946975249113E-11	+1.52442580683959E-14	+6.78757434228210E-02	+2.12922973632813E+01	+4.94777208310506E+06	+0.00000000000000E+00	+4.94777299121857E+06	+4.94774712009430E+06	+4.94779704624176E+06 	0.244000	0.036000	0.063429	0.009243
		T	s2 	101	1:58:57 PM	0.0000558823	+5.01671200837028E-11	+1.52454256689956E-14	+6.78705361002971E-02	+2.12151012420654E+01	+4.94777240848011E+06	+0.00000000000000E+00	+4.94777334281922E+06	+4.94774753406525E+06	+4.94779728302002E+06 	0.228000	0.040000	0.063098	0.007041
		T	s2 	102	1:59:02 PM	0.0000498500	+3.19943306852019E-11	+1.52812868325487E-14	+6.77112531042308E-02	+2.11639652252197E+01	+4.94777272588200E+06	+0.00000000000000E+00	+4.94777374088288E+06	+4.94774785305023E+06	+4.94779759883881E+06 	0.220000	0.034000	0.057678	0.009407
		T	s2 	103	1:59:08 PM	0.0000441623	+1.64171656921556E-11	+1.52450624218196E-14	+6.78721354655399E-02	+2.11105918884277E+01	+4.94777305726536E+06	+0.00000000000000E+00	+4.94777402156830E+06	+4.94774830596924E+06	+4.94779780868531E+06 	0.212000	0.034000	0.056923	0.009234
		T	s2 	104	1:59:14 PM	0.0000388194	+4.13235297431049E-11	+1.52763237499934E-14	+6.77332316854974E-02	+2.10607967376709E+01	+4.94777345418465E+06	+0.00000000000000E+00	+4.94777441268921E+06	+4.94774871063233E+06	+4.94779819786072E+06 	0.200000	0.032000	0.052923	0.007127
		T	s2 	105	1:59:19 PM	0.0000338211	+5.31015494343158E-11	+1.52883450449700E-14	+6.76799693107854E-02	+2.10388660430908E+01	+4.94777357947842E+06	+0.00000000000000E+00	+4.94777459472656E+06	+4.94774884223938E+06	+4.94779831684113E+06 	0.236000	0.038000	0.048711	0.007731
		T	s2 	106	1:59:24 PM	0.0000291676	+7.74370843504322E-11	+1.53132985259391E-14	+6.75696727858487E-02	+2.09864082336426E+01	+4.94777394477393E+06	+0.00000000000000E+00	+4.94777505287171E+06	+4.94774922893524E+06	+4.94779866073609E+06 	0.184000	0.056000	0.048802	0.007698
		T	s2 	107	1:59:30 PM	0.0000248588	+1.09473315620896E-11	+1.52752608793464E-14	+6.77379234295564E-02	+2.09546451568604E+01	+4.94777422895030E+06	+0.00000000000000E+00	+4.94777520732880E+06	+4.94774961181641E+06	+4.94779884620667E+06 	0.168000	0.036000	0.040620	0.008832
		T	s2 	108	1:59:36 PM	0.0000208947	+7.93922637623987E-11	+1.53674937689961E-14	+6.73313616193057E-02	+2.09845294952393E+01	+4.94777463939173E+06	+0.00000000000000E+00	+4.94777568408966E+06	+4.94774983829498E+06	+4.94779944061279E+06 	0.180000	0.040000	0.038918	0.008310
		T	s2 	109	1:59:41 PM	0.0000172753	+2.33152600052818E-11	+1.53446750134155E-14	+6.74314794710899E-02	+2.09102249145508E+01	+4.94777497886226E+06	+0.00000000000000E+00	+4.94777602882385E+06	+4.94775030227661E+06	+4.94779965557099E+06 	0.148000	0.034000	0.037006	0.007277
		T	s2 	110	1:59:47 PM	0.0000140006	+5.05517003846187E-11	+1.53603759213335E-14	+6.73625438314544E-02	+2.08022747039795E+01	+4.94777531810380E+06	+0.00000000000000E+00	+4.94777645790100E+06	+4.94775074378968E+06	+4.94779989253998E+06 	0.148000	0.040000	0.033993	0.006546
		T	s2 	111	1:59:52 PM	0.0000110706	+7.42563614700543E-11	+1.52901987177526E-14	+6.76717092126268E-02	+2.07507152557373E+01	+4.94777559266749E+06	+0.00000000000000E+00	+4.94777679290772E+06	+4.94775119125366E+06	+4.94779999420166E+06 	0.180000	0.034000	0.030696	0.005468
		T	s2 	112	1:59:57 PM	0.0000084853	+9.90061215662575E-11	+1.53628785710673E-14	+6.73515509935542E-02	+2.07732124328613E+01	+4.94777602767579E+06	+0.00000000000000E+00	+4.94777716747284E+06	+4.94775148368836E+06	+4.94780057178497E+06 	0.132000	0.032000	0.027876	0.005705
		T	s2 	113	2:00:03 PM	0.0000062447	+3.45486614139340E-11	+1.53862366202160E-14	+6.72492975786536E-02	+2.07241535186768E+01	+4.94777625337246E+06	+0.00000000000000E+00	+4.94777743301392E+06	+4.94775173011780E+06	+4.94780077674866E+06 	0.140000	0.038000	0.029450	0.006750
		T	s2 	114	2:00:08 PM	0.0000043488	+5.02263688827250E-11	+1.53727457774537E-14	+6.73083076756723E-02	+2.07497596740723E+01	+4.94777649839042E+06	+0.00000000000000E+00	+4.94777767833710E+06	+4.94775196636200E+06	+4.94780103054047E+06 	0.124000	0.036000	0.028692	0.007167
		T	s2 	115	2:00:13 PM	0.0000027976	+5.98433468597899E-11	+1.54007386529747E-14	+6.71859606726894E-02	+2.07706108093262E+01	+4.94777669238650E+06	+0.00000000000000E+00	+4.94777796546936E+06	+4.94775209098816E+06	+4.94780129390717E+06 	0.108000	0.034000	0.024468	0.007142
		T	s2 	116	2:00:19 PM	0.0000015912	+1.16198408608404E-10	+1.54012566120565E-14	+6.71836961409995E-02	+2.08045158386230E+01	+4.94777687661710E+06	+0.00000000000000E+00	+4.94777809093475E+06	+4.94775223423004E+06	+4.94780151912689E+06 	0.096000	0.032000	0.022073	0.006863
		T	s2 	117	2:00:25 PM	0.0000007294	+1.26581117166538E-10	+1.53455569463737E-14	+6.74275480377936E-02	+2.08772487640381E+01	+4.94777703500335E+06	+0.00000000000000E+00	+4.94777815391541E+06	+4.94775239589691E+06	+4.94780167423248E+06 	0.120000	0.040000	0.017083	0.009037
		T	s2 	118	2:00:30 PM	0.0000002124	+1.52388337553434E-10	+1.52125638307261E-14	+6.80170216090131E-02	+2.09441299438477E+01	+4.94777702392233E+06	+0.00000000000000E+00	+4.94777799343109E+06	+4.94775252010346E+06	+4.94780152786255E+06 	0.080000	0.036000	0.018105	0.005418
		T	s2 	119	2:00:36 PM	0.0000000400	-1.63346443950128E-11	+1.54207130830606E-14	+6.70989211349369E-02	+2.05822334289551E+01	+4.94777719558417E+06	+0.00000000000000E+00	+4.94777792633057E+06	+4.94775278568268E+06	+4.94780160560608E+06 	0.116000	0.034000	0.022266	0.005445
		B	s3	120	2:03:09 PM	0.0000000400	-1.43612836305485E-10	+1.52237449522235E-14	+6.79674318434207E-02	+2.02297592163086E+01	+4.94776371952110E+06	+0.00000000000000E+00	+4.94776466167450E+06	+4.94774003421784E+06	+4.94778740493775E+06 	0	0	0	0
		B	s3	121	2:03:10 PM	0.0000002124	+1.00274330879130E-10	+1.54490011351009E-14	+6.69764272295548E-02	+2.02585105895996E+01	+4.94776359315740E+06	+0.00000000000000E+00	+4.94776498882294E+06	+4.94773952323914E+06	+4.94778766319275E+06 	0	0	0	0
		B	s3	122	2:03:12 PM	0.0000007294	+4.71872987734121E-11	+1.53420907581473E-14	+6.74431412073482E-02	+2.01883525848389E+01	+4.94776384868610E+06	+0.00000000000000E+00	+4.94776508991242E+06	+4.94774002811432E+06	+4.94778766937256E+06 	0	0	0	0
		B	s3	123	2:03:15 PM	0.0000015912	+9.33026342089987E-11	+1.53701978494505E-14	+6.73198061251056E-02	+2.01993560791016E+01	+4.94776397800406E+06	+0.00000000000000E+00	+4.94776516342163E+06	+4.94774010078430E+06	+4.94778785533905E+06 	0	0	0	0
		B	s3	124	2:03:17 PM	0.0000027976	+1.01895537900877E-10	+1.53768241021873E-14	+6.72907942768194E-02	+2.00759124755859E+01	+4.94776405460384E+06	+0.00000000000000E+00	+4.94776522994995E+06	+4.94774031307221E+06	+4.94778779624939E+06 	0	0	0	0
		B	s3	125	2:03:19 PM	0.0000043488	+1.02811072027899E-10	+1.53677575390144E-14	+6.73304919592554E-02	+2.00213317871094E+01	+4.94776413082187E+06	+0.00000000000000E+00	+4.94776528453827E+06	+4.94774046779633E+06	+4.94778779396057E+06 	0	0	0	0
		B	s3	126	2:03:21 PM	0.0000062447	-1.73698956163489E-11	+1.53619819223696E-14	+6.73558058450673E-02	+1.99930191040039E+01	+4.94776413955772E+06	+0.00000000000000E+00	+4.94776533283234E+06	+4.94774051887512E+06	+4.94778776035309E+06 	0	0	0	0
		B	s3	127	2:03:24 PM	0.0000084853	+2.22111453444283E-11	+1.53775173389226E-14	+6.72877574056111E-02	+1.98899879455566E+01	+4.94776417675149E+06	+0.00000000000000E+00	+4.94776532131195E+06	+4.94774065402985E+06	+4.94778769958496E+06 	0	0	0	0
		B	s3	128	2:03:25 PM	0.0000110706	+1.06718008617519E-10	+1.53537501864290E-14	+6.73919185817276E-02	+1.98113746643066E+01	+4.94776411390496E+06	+0.00000000000000E+00	+4.94776529209137E+06	+4.94774072036743E+06	+4.94778750755310E+06 	0	0	0	0
		B	s3	129	2:03:27 PM	0.0000140006	+1.09708561863282E-10	+1.53704057021646E-14	+6.73188908616896E-02	+1.97641868591309E+01	+4.94776415819374E+06	+0.00000000000000E+00	+4.94776531948090E+06	+4.94774079505921E+06	+4.94778752143860E+06 	0	0	0	0
		B	s3	130	2:03:29 PM	0.0000172753	+1.09469634046450E-10	+1.53756129323824E-14	+6.72960937730307E-02	+1.96554565429688E+01	+4.94776409662510E+06	+0.00000000000000E+00	+4.94776531269074E+06	+4.94774085414887E+06	+4.94778733921051E+06 	0	0	0	0
		B	s3	131	2:03:32 PM	0.0000208947	+6.73925433888244E-11	+1.54232429794515E-14	+6.70882689543659E-02	+1.96317081451416E+01	+4.94776413622145E+06	+0.00000000000000E+00	+4.94776529403687E+06	+4.94774084991455E+06	+4.94778742263794E+06 	0	0	0	0
		B	s3	132	2:03:34 PM	0.0000248588	+1.10651756948643E-10	+1.53741204952391E-14	+6.73026257768476E-02	+1.96107769012451E+01	+4.94776412382415E+06	+0.00000000000000E+00	+4.94776530807495E+06	+4.94774093643189E+06	+4.94778731132508E+06 	0	0	0	0
		B	s3	133	2:03:36 PM	0.0000291676	+2.05152291586939E-11	+1.53908226836029E-14	+6.72295882488347E-02	+1.95683536529541E+01	+4.94776413938823E+06	+0.00000000000000E+00	+4.94776528335571E+06	+4.94774097702027E+06	+4.94778730186463E+06 	0	0	0	0
		B	s3	134	2:03:38 PM	0.0000338211	+2.30083793730918E-11	+1.53612253775122E-14	+6.73591232311614E-02	+1.95378608703613E+01	+4.94776413614611E+06	+0.00000000000000E+00	+4.94776528945923E+06	+4.94774105434418E+06	+4.94778721805573E+06 	0	0	0	0
		B	s3	135	2:03:41 PM	0.0000388194	+1.04746299725609E-10	+1.53792656250935E-14	+6.72801097623301E-02	+1.95326328277588E+01	+4.94776412147850E+06	+0.00000000000000E+00	+4.94776529308319E+06	+4.94774101875305E+06	+4.94778722431183E+06 	0	0	0	0
		B	s3	136	2:03:42 PM	0.0000441623	+2.11585280388487E-11	+1.53861044886726E-14	+6.72502039296288E-02	+1.95430030822754E+01	+4.94776415680250E+06	+0.00000000000000E+00	+4.94776529067993E+06	+4.94774103153229E+06	+4.94778728218079E+06 	0	0	0	0
		B	s3	137	2:03:44 PM	0.0000498500	+6.08120224862421E-11	+1.53401973117931E-14	+6.74514579873217E-02	+1.94855537414551E+01	+4.94776413301850E+06	+0.00000000000000E+00	+4.94776527877808E+06	+4.94774114452362E+06	+4.94778712162018E+06 	0	0	0	0
		B	s3	138	2:03:46 PM	0.0000558823	+5.46979689934907E-11	+1.53664990785651E-14	+6.73360074550310E-02	+1.95032348632813E+01	+4.94776408037539E+06	+0.00000000000000E+00	+4.94776517021179E+06	+4.94774103157044E+06	+4.94778712928772E+06 	0	0	0	0
		B	s3	139	2:03:47 PM	0.0000622594	+9.79130102694985E-11	+1.53888556952675E-14	+6.72381836487876E-02	+1.94685192108154E+01	+4.94776405916571E+06	+0.00000000000000E+00	+4.94776519130707E+06	+4.94774101791382E+06	+4.94778710052491E+06 	0	0	0	0
		B	s3	140	2:03:49 PM	0.0000689811	+1.02662360837813E-11	+1.53848732388143E-14	+6.72555888459574E-02	+1.94384975433350E+01	+4.94776405052561E+06	+0.00000000000000E+00	+4.94776515342713E+06	+4.94774105075836E+06	+4.94778705039978E+06 	0	0	0	0
		B	s3	141	2:03:51 PM	0.0000760476	+5.74210446048882E-11	+1.53785915907355E-14	+6.72830607086835E-02	+1.94359874725342E+01	+4.94776404426957E+06	+0.00000000000000E+00	+4.94776515766144E+06	+4.94774105686188E+06	+4.94778703178406E+06 	0	0	0	0
		B	s3	142	2:03:53 PM	0.0000834587	+5.82218340907113E-11	+1.53775561821411E-14	+6.72875910355247E-02	+1.94037342071533E+01	+4.94776404451771E+06	+0.00000000000000E+00	+4.94776523029328E+06	+4.94774109680176E+06	+4.94778699234009E+06 	0	0	0	0
		B	s3	143	2:03:56 PM	0.0000912146	+1.03324028969371E-11	+1.53773105975121E-14	+6.72886670983255E-02	+1.93935451507568E+01	+4.94776399155070E+06	+0.00000000000000E+00	+4.94776514396668E+06	+4.94774105625153E+06	+4.94778692695618E+06 	0	0	0	0
		B	s3	144	2:03:58 PM	0.0000993152	+5.88309114804704E-11	+1.53630978476690E-14	+6.73509152390234E-02	+1.93466396331787E+01	+4.94776406977142E+06	+0.00000000000000E+00	+4.94776517974854E+06	+4.94774121109009E+06	+4.94778692855835E+06 	0	0	0	0
		B	s3	145	2:04:00 PM	0.0001077605	+5.72274339001481E-11	+1.53965022288732E-14	+6.72047900553529E-02	+1.93147163391113E+01	+4.94776407232721E+06	+0.00000000000000E+00	+4.94776518695831E+06	+4.94774120174408E+06	+4.94778694301605E+06 	0	0	0	0
		B	s3	146	2:04:02 PM	0.0001165505	+5.85532808505465E-11	+1.53990126854725E-14	+6.71938348574120E-02	+1.93328590393066E+01	+4.94776403532453E+06	+0.00000000000000E+00	+4.94776521610260E+06	+4.94774113952637E+06	+4.94778693122864E+06 	0	0	0	0
		B	s3	147	2:04:05 PM	0.0001256852	+5.92727194677496E-11	+1.53810127262291E-14	+6.72724694005949E-02	+1.93022899627686E+01	+4.94776405296779E+06	+0.00000000000000E+00	+4.94776518566132E+06	+4.94774122009278E+06	+4.94778688594818E+06 	0	0	0	0
		B	s3	148	2:04:07 PM	0.0001351646	+6.17153737473738E-11	+1.53961702772041E-14	+6.72062394296329E-02	+1.93198204040527E+01	+4.94776405781226E+06	+0.00000000000000E+00	+4.94776521244049E+06	+4.94774118167877E+06	+4.94778693405152E+06 	0	0	0	0
		B	s3	149	2:04:09 PM	0.0001449887	+5.69455414556904E-11	+1.53818119489754E-14	+6.72689737118019E-02	+1.92685565948486E+01	+4.94776406334395E+06	+0.00000000000000E+00	+4.94776518547058E+06	+4.94774126918793E+06	+4.94778685760498E+06 	0	0	0	0
		B	s3	150	2:04:11 PM	0.0001551575	+1.68589713718997E-11	+1.54300050135314E-14	+6.70588692673398E-02	+1.93060817718506E+01	+4.94776409834326E+06	+0.00000000000000E+00	+4.94776523624420E+06	+4.94774118824005E+06	+4.94778700855255E+06 	0	0	0	0
		B	s3	151	2:04:13 PM	0.0001656710	+6.00875480040028E-11	+1.54354097473102E-14	+6.70353897937093E-02	+1.92893924713135E+01	+4.94776405043072E+06	+0.00000000000000E+00	+4.94776523933411E+06	+4.94774115211487E+06	+4.94778694885254E+06 	0	0	0	0
		B	s3	152	2:04:15 PM	0.0001765292	+6.34967667889104E-11	+1.53984679832322E-14	+6.71962096637072E-02	+1.92668800354004E+01	+4.94776411243900E+06	+0.00000000000000E+00	+4.94776523754120E+06	+4.94774129558563E+06	+4.94778692939758E+06 	0	0	0	0
		B	s3	153	2:04:17 PM	0.0001877322	+1.62672281573716E-11	+1.53958501004578E-14	+6.72076366521852E-02	+1.92396144866943E+01	+4.94776407322408E+06	+0.00000000000000E+00	+4.94776520671845E+06	+4.94774129253388E+06	+4.94778685401917E+06 	0	0	0	0
		B	s3	154	2:04:19 PM	0.0001992798	+1.72664343541118E-11	+1.54091320863106E-14	+6.71497063813521E-02	+1.92433261871338E+01	+4.94776408354272E+06	+0.00000000000000E+00	+4.94776523387909E+06	+4.94774127880097E+06	+4.94778688838959E+06 	0	0	0	0
		B	s3	155	2:04:21 PM	0.0002111721	+1.07581875108643E-10	+1.53823290675160E-14	+6.72667117446984E-02	+1.92400646209717E+01	+4.94776408316145E+06	+0.00000000000000E+00	+4.94776521949768E+06	+4.94774132194519E+06	+4.94778684448242E+06 	0	0	0	0
		B	s3	156	2:04:23 PM	0.0002234092	+1.46162149650408E-11	+1.53993500418051E-14	+6.71923622191807E-02	+1.92048034667969E+01	+4.94776405781287E+06	+0.00000000000000E+00	+4.94776519699097E+06	+4.94774131317139E+06	+4.94778680255890E+06 	0	0	0	0
		B	s3	157	2:04:25 PM	0.0002359909	+1.04775868964732E-10	+1.54134567946372E-14	+6.71308655073044E-02	+1.92027053833008E+01	+4.94776408379087E+06	+0.00000000000000E+00	+4.94776517871857E+06	+4.94774132080078E+06	+4.94778684688568E+06 	0	0	0	0
		B	s3	158	2:04:27 PM	0.0002489174	+5.91651853312455E-11	+1.54140344073232E-14	+6.71283501118115E-02	+1.91878108978271E+01	+4.94776407602804E+06	+0.00000000000000E+00	+4.94776521186829E+06	+4.94774132984162E+06	+4.94778682231903E+06 	0	0	0	0
		B	s3	159	2:04:29 PM	0.0002621886	+6.03080676668690E-11	+1.54080159831451E-14	+6.71545704909828E-02	+1.91839580535889E+01	+4.94776408287548E+06	+0.00000000000000E+00	+4.94776522075653E+06	+4.94774135013581E+06	+4.94778681571961E+06 	0	0	0	0
		B	s3	160	2:04:32 PM	0.0002758044	+6.48541295286092E-11	+1.54338996502531E-14	+6.70419481518621E-02	+1.91935806274414E+01	+4.94776407171726E+06	+0.00000000000000E+00	+4.94776527183533E+06	+4.94774128936768E+06	+4.94778685417175E+06 	0	0	0	0
		B	s3	161	2:04:33 PM	0.0002897650	+1.88750272145727E-11	+1.54226291393745E-14	+6.70909406075433E-02	+1.91738052368164E+01	+4.94776408255119E+06	+0.00000000000000E+00	+4.94776525657654E+06	+4.94774134029389E+06	+4.94778682491303E+06 	0	0	0	0
		B	s3	162	2:04:35 PM	0.0003040703	+6.32911360887971E-11	+1.54262246285455E-14	+6.70753030794305E-02	+1.91462497711182E+01	+4.94776409037145E+06	+0.00000000000000E+00	+4.94776522716522E+06	+4.94774137550354E+06	+4.94778680534363E+06 	0	0	0	0
		B	s3	163	2:04:37 PM	0.0003187203	+6.26511195542576E-11	+1.54206184154329E-14	+6.70996888643736E-02	+1.91410198211670E+01	+4.94776407736339E+06	+0.00000000000000E+00	+4.94776522583008E+06	+4.94774137695313E+06	+4.94778677787781E+06 	0	0	0	0
		B	s3	164	2:04:39 PM	0.0003337150	+6.52994978675543E-11	+1.54114700967633E-14	+6.71395182758013E-02	+1.91422595977783E+01	+4.94776412411256E+06	+0.00000000000000E+00	+4.94776524147034E+06	+4.94774143569946E+06	+4.94778681262970E+06 	0	0	0	0
		B	s3	165	2:04:40 PM	0.0003490544	+6.49969985148937E-11	+1.54261260041930E-14	+6.70757319865438E-02	+1.91335105895996E+01	+4.94776408770123E+06	+0.00000000000000E+00	+4.94776523738861E+06	+4.94774138809204E+06	+4.94778678741455E+06 	0	0	0	0
		B	s3	166	2:04:43 PM	0.0003647385	+6.33627951593283E-11	+1.54154056747947E-14	+6.71223779153732E-02	+1.91209144592285E+01	+4.94776410688930E+06	+0.00000000000000E+00	+4.94776522296906E+06	+4.94774143798828E+06	+4.94778677589417E+06 	0	0	0	0
		B	s3	167	2:04:45 PM	0.0003807673	+6.35613044919387E-11	+1.54284811983761E-14	+6.70654939680410E-02	+1.91122169494629E+01	+4.94776404156256E+06	+0.00000000000000E+00	+4.94776525077820E+06	+4.94774136375427E+06	+4.94778671947479E+06 	0	0	0	0
		B	s3	168	2:04:47 PM	0.0003971408	+6.43437216757382E-11	+1.54427694579373E-14	+6.70034410216823E-02	+1.91208229064941E+01	+4.94776408976112E+06	+0.00000000000000E+00	+4.94776527019501E+06	+4.94774138072968E+06	+4.94778679889679E+06 	0	0	0	0
		B	s3	169	2:04:49 PM	0.0004138590	+1.70803621788075E-11	+1.54346491801616E-14	+6.70386925523694E-02	+1.90927047729492E+01	+4.94776406954343E+06	+0.00000000000000E+00	+4.94776523914337E+06	+4.94774140583039E+06	+4.94778673336029E+06 	0	0	0	0
		B	s3	170	2:04:51 PM	0.0004309219	+6.70146324935120E-11	+1.54568758360337E-14	+6.69422914303518E-02	+1.91091327667236E+01	+4.94776410355122E+06	+0.00000000000000E+00	+4.94776526039124E+06	+4.94774138767243E+06	+4.94778681953430E+06 	0	0	0	0
		B	s3	171	2:04:53 PM	0.0004483296	+6.54145815933141E-11	+1.54473230847922E-14	+6.69836895130969E-02	+1.90863838195801E+01	+4.94776408800652E+06	+0.00000000000000E+00	+4.94776525516510E+06	+4.94774141319275E+06	+4.94778676292420E+06 	0	0	0	0
		B	s3	172	2:04:56 PM	0.0004660819	+6.14060394254523E-11	+1.54471051945316E-14	+6.69846344271295E-02	+1.90698432922363E+01	+4.94776408539354E+06	+0.00000000000000E+00	+4.94776524223328E+06	+4.94774143054962E+06	+4.94778674034119E+06 	0	0	0	0
		B	s3	173	2:04:58 PM	0.0004841789	+6.40385781547980E-11	+1.54416267303241E-14	+6.70083996827574E-02	+1.90775566101074E+01	+4.94776408232270E+06	+0.00000000000000E+00	+4.94776523136139E+06	+4.94774142635346E+06	+4.94778673839569E+06 	0	0	0	0
		B	s3	174	2:05:00 PM	0.0005026207	+6.67377839719596E-11	+1.54506374929840E-14	+6.69693197498211E-02	+1.90599937438965E+01	+4.94776411362233E+06	+0.00000000000000E+00	+4.94776525928497E+06	+4.94774146530152E+06	+4.94778676204682E+06 	0	0	0	0
		B	s3	175	2:05:02 PM	0.0005214071	+6.81992345082588E-11	+1.54477239914834E-14	+6.69819496982366E-02	+1.90581779479980E+01	+4.94776414053505E+06	+0.00000000000000E+00	+4.94776530403137E+06	+4.94774149864197E+06	+4.94778678253174E+06 	0	0	0	0
		B	s3	176	2:05:05 PM	0.0005405383	+6.91119395325500E-11	+1.54713358707657E-14	+6.68797245747628E-02	+1.90745372772217E+01	+4.94776411545317E+06	+0.00000000000000E+00	+4.94776531948090E+06	+4.94774141948700E+06	+4.94778681152344E+06 	0	0	0	0
		B	s3	177	2:05:07 PM	0.0005600142	+2.21073021107154E-11	+1.54490256758319E-14	+6.69763061670627E-02	+1.90533294677734E+01	+4.94776413504190E+06	+0.00000000000000E+00	+4.94776530189514E+06	+4.94774149700165E+06	+4.94778677318573E+06 	0	0	0	0
		B	s3	178	2:05:09 PM	0.0005798347	+2.19891125438886E-11	+1.54607828477791E-14	+6.69253735872583E-02	+1.90495395660400E+01	+4.94776414845050E+06	+0.00000000000000E+00	+4.94776529808045E+06	+4.94774149768830E+06	+4.94778679931641E+06 	0	0	0	0
		B	s3	179	2:05:11 PM	0.0006000000	+6.93138704130117E-11	+1.54625794313005E-14	+6.69175978964510E-02	+1.90634937286377E+01	+4.94776413700632E+06	+0.00000000000000E+00	+4.94776530967713E+06	+4.94774146701813E+06	+4.94778680709839E+06 	0	0	0	0

