	10/4/2022	Test # 003 (today) Location 5 Ramp 1	Tip #H10	Box 5b Xtal 1		DLC	150 uN	2.4%		Points/Segment: 59	
		Seg 	ID Tag	Number	Time	Power	C0	C1	L1	R1	fs	fa	fr	f1	f2	Ch1 (Pk-Pk)	Ch2 (Pk-Pk)	Ch1 (RMS)	Ch2 (RMS)	
						uW	F	F	H	Ohms	Hz	Hz	Hz	Hz	Hz	V	V	V	V	
		B	s1	0	2:06:21 PM	0.0000000400	-1.75185210653706E-10	+1.54132693019229E-14	+6.71316937644110E-02	+1.98272991180420E+01	+4.94776365438601E+06	+0.00000000000000E+00	+4.94776530548096E+06	+4.94774015129090E+06	+4.94778715759278E+06 	0	0	0	0
		B	s1	1	2:06:23 PM	0.0000002411	+4.67856898967351E-11	+1.53064451787244E-14	+6.76002001110912E-02	+2.00570716857910E+01	+4.94776393558591E+06	+0.00000000000000E+00	+4.94776513706207E+06	+4.94774032489777E+06	+4.94778754638672E+06 	0	0	0	0
		B	s1	2	2:06:25 PM	0.0000008443	+7.18041835175880E-11	+1.53840708040778E-14	+6.72591007108447E-02	+2.01338424682617E+01	+4.94776391052234E+06	+0.00000000000000E+00	+4.94776512706757E+06	+4.94774008926392E+06	+4.94778773189545E+06 	0	0	0	0
		B	s1	3	2:06:27 PM	0.0000018497	+5.56678527339977E-11	+1.53750628427207E-14	+6.72985035581365E-02	+2.00549201965332E+01	+4.94776402080575E+06	+0.00000000000000E+00	+4.94776523960114E+06	+4.94774030681610E+06	+4.94778773490906E+06 	0	0	0	0
		B	s1	4	2:06:29 PM	0.0000032573	+1.41456195646479E-11	+1.53855116024327E-14	+6.72527986112808E-02	+1.99575595855713E+01	+4.94776404016582E+06	+0.00000000000000E+00	+4.94776520088196E+06	+4.94774042526245E+06	+4.94778765518189E+06 	0	0	0	0
		B	s1	5	2:06:31 PM	0.0000050670	+6.30834085410374E-11	+1.53871232407276E-14	+6.72457542684217E-02	+1.99436225891113E+01	+4.94776405208681E+06	+0.00000000000000E+00	+4.94776523891449E+06	+4.94774045120239E+06	+4.94778765308380E+06 	0	0	0	0
		B	s1	6	2:06:33 PM	0.0000072789	+6.22424265254272E-11	+1.53898690605793E-14	+6.72337558782252E-02	+1.99009532928467E+01	+4.94776407343026E+06	+0.00000000000000E+00	+4.94776526367188E+06	+4.94774051883698E+06	+4.94778762813568E+06 	0	0	0	0
		B	s1	7	2:06:35 PM	0.0000098929	+5.86103350386865E-11	+1.53669486284317E-14	+6.73340373835086E-02	+1.97654705047607E+01	+4.94776408777445E+06	+0.00000000000000E+00	+4.94776522224426E+06	+4.94774072837830E+06	+4.94778744728089E+06 	0	0	0	0
		B	s1	8	2:06:37 PM	0.0000129091	+9.63957548606536E-11	+1.53718717836111E-14	+6.73124724800295E-02	+1.97404251098633E+01	+4.94776408064107E+06	+0.00000000000000E+00	+4.94776524703980E+06	+4.94774074337006E+06	+4.94778741802216E+06 	0	0	0	0
		B	s1	9	2:06:39 PM	0.0000163275	+1.72533502195586E-11	+1.53965240612637E-14	+6.72046942636730E-02	+1.97220420837402E+01	+4.94776409054014E+06	+0.00000000000000E+00	+4.94776523746491E+06	+4.94774073760986E+06	+4.94778744358063E+06 	0	0	0	0
		B	s1	10	2:06:41 PM	0.0000201480	+6.13743702167427E-11	+1.53862593184092E-14	+6.72495292069794E-02	+1.96795578002930E+01	+4.94776408298735E+06	+0.00000000000000E+00	+4.94776521900177E+06	+4.94774079589844E+06	+4.94778737018585E+06 	0	0	0	0
		B	s1	11	2:06:44 PM	0.0000243707	+6.03458860551417E-11	+1.53680514351934E-14	+6.73292062980471E-02	+1.96336269378662E+01	+4.94776405893606E+06	+0.00000000000000E+00	+4.94776522148133E+06	+4.94774085369110E+06	+4.94778726428986E+06 	0	0	0	0
		B	s1	12	2:06:46 PM	0.0000289955	+5.76896238559011E-11	+1.53845504653583E-14	+6.72569982924204E-02	+1.95807971954346E+01	+4.94776410938561E+06	+0.00000000000000E+00	+4.94776521236420E+06	+4.94774094173432E+06	+4.94778727714539E+06 	0	0	0	0
		B	s1	13	2:06:47 PM	0.0000340225	+5.89739528717159E-11	+1.53813464002826E-14	+6.72710094298907E-02	+1.95202198028564E+01	+4.94776407505369E+06	+0.00000000000000E+00	+4.94776521347046E+06	+4.94774098388672E+06	+4.94778716632843E+06 	0	0	0	0
		B	s1	14	2:06:50 PM	0.0000394517	+5.79838036872668E-11	+1.53682957823985E-14	+6.73281362969729E-02	+1.95164470672607E+01	+4.94776404074060E+06	+0.00000000000000E+00	+4.94776520538330E+06	+4.94774097362518E+06	+4.94778710796356E+06 	0	0	0	0
		B	s1	15	2:06:52 PM	0.0000452830	+1.52287575010082E-11	+1.53583558663931E-14	+6.73717108140643E-02	+1.95158367156982E+01	+4.94776404810304E+06	+0.00000000000000E+00	+4.94776524436951E+06	+4.94774099662781E+06	+4.94778709968567E+06 	0	0	0	0
		B	s1	16	2:06:54 PM	0.0000515165	+9.60474890424083E-12	+1.53547746196298E-14	+6.73874237056100E-02	+1.94759387969971E+01	+4.94776406439204E+06	+0.00000000000000E+00	+4.94776514171601E+06	+4.94774106540680E+06	+4.94778706348419E+06 	0	0	0	0
		B	s1	17	2:06:56 PM	0.0000581522	+5.50658153544010E-11	+1.53735276573134E-14	+6.73052244297253E-02	+1.94608287811279E+01	+4.94776400209799E+06	+0.00000000000000E+00	+4.94776515312195E+06	+4.94774099288941E+06	+4.94778701141358E+06 	0	0	0	0
		B	s1	18	2:06:59 PM	0.0000651900	+5.98672713397145E-11	+1.53644649537426E-14	+6.73449229552233E-02	+1.94315338134766E+01	+4.94776405157484E+06	+0.00000000000000E+00	+4.94776515953064E+06	+4.94774109054566E+06	+4.94778701271057E+06 	0	0	0	0
		B	s1	19	2:07:00 PM	0.0000726299	+8.40546705269926E-12	+1.53748731501840E-14	+6.72993334971330E-02	+1.94662551879883E+01	+4.94776403471361E+06	+0.00000000000000E+00	+4.94776511974335E+06	+4.94774101707459E+06	+4.94778705245972E+06 	0	0	0	0
		B	s1	20	2:07:03 PM	0.0000804721	+5.30455338528895E-11	+1.53850131039603E-14	+6.72549793901478E-02	+1.94084510803223E+01	+4.94776397825634E+06	+0.00000000000000E+00	+4.94776509326935E+06	+4.94774101383209E+06	+4.94778694278717E+06 	0	0	0	0
		B	s1	21	2:07:05 PM	0.0000887163	+9.94205979325159E-11	+1.53860572916818E-14	+6.72504150163181E-02	+1.93793449401855E+01	+4.94776398039272E+06	+0.00000000000000E+00	+4.94776511829376E+06	+4.94774104885101E+06	+4.94778691204071E+06 	0	0	0	0
		B	s1	22	2:07:07 PM	0.0000973628	+9.72958869967030E-11	+1.53675352543822E-14	+6.73314703824777E-02	+1.93626632690430E+01	+4.94776396484805E+06	+0.00000000000000E+00	+4.94776513168335E+06	+4.94774108062744E+06	+4.94778684917450E+06 	0	0	0	0
		B	s1	23	2:07:09 PM	0.0001064114	+5.42729986482548E-11	+1.53845417526223E-14	+6.72570399056100E-02	+1.93411140441895E+01	+4.94776397978259E+06	+0.00000000000000E+00	+4.94776509922028E+06	+4.94774109573364E+06	+4.94778686393738E+06 	0	0	0	0
		B	s1	24	2:07:10 PM	0.0001158622	+9.80684252604638E-11	+1.54304814909323E-14	+6.70568008870087E-02	+1.93575611114502E+01	+4.94776401243599E+06	+0.00000000000000E+00	+4.94776516071320E+06	+4.94774104053498E+06	+4.94778698444367E+06 	0	0	0	0
		B	s1	25	2:07:13 PM	0.0001257151	+7.32763266981500E-12	+1.53970766509232E-14	+6.72022856079153E-02	+1.93194408416748E+01	+4.94776397013144E+06	+0.00000000000000E+00	+4.94776509674072E+06	+4.94774109310150E+06	+4.94778684726715E+06 	0	0	0	0
		B	s1	26	2:07:15 PM	0.0001359702	+5.20524926156372E-11	+1.54060535815257E-14	+6.71631255946144E-02	+1.93441619873047E+01	+4.94776404426988E+06	+0.00000000000000E+00	+4.94776510612488E+06	+4.94774112461090E+06	+4.94778696403504E+06 	0	0	0	0
		B	s1	27	2:07:17 PM	0.0001466274	+5.61991977702701E-11	+1.54170477824604E-14	+6.71152322891605E-02	+1.93143939971924E+01	+4.94776396891063E+06	+0.00000000000000E+00	+4.94776518508911E+06	+4.94774106819153E+06	+4.94778686973572E+06 	0	0	0	0
		B	s1	28	2:07:19 PM	0.0001576868	+1.22455851023347E-11	+1.54445669424141E-14	+6.69956447095660E-02	+1.93046760559082E+01	+4.94776402525357E+06	+0.00000000000000E+00	+4.94776518287659E+06	+4.94774109519959E+06	+4.94778695541382E+06 	0	0	0	0
		B	s1	29	2:07:21 PM	0.0001691484	+5.84629579393440E-11	+1.54042887256203E-14	+6.71708209792211E-02	+1.92920093536377E+01	+4.94776402349915E+06	+0.00000000000000E+00	+4.94776517459870E+06	+4.94774116825104E+06	+4.94778687885285E+06 	0	0	0	0
		B	s1	30	2:07:23 PM	0.0001810121	+5.64524760369762E-11	+1.53932064924335E-14	+6.72191798400670E-02	+1.92690677642822E+01	+4.94776403490530E+06	+0.00000000000000E+00	+4.94776514007569E+06	+4.94774122325897E+06	+4.94778684665680E+06 	0	0	0	0
		B	s1	31	2:07:26 PM	0.0001932780	+1.03769261570784E-10	+1.53850657934201E-14	+6.72547465922928E-02	+1.92632884979248E+01	+4.94776406906600E+06	+0.00000000000000E+00	+4.94776516548157E+06	+4.94774127632141E+06	+4.94778686191559E+06 	0	0	0	0
		B	s1	32	2:07:28 PM	0.0002059461	+1.04983515965985E-10	+1.54012904209901E-14	+6.71838978031790E-02	+1.92401294708252E+01	+4.94776402019975E+06	+0.00000000000000E+00	+4.94776516258240E+06	+4.94774123085022E+06	+4.94778680965424E+06 	0	0	0	0
		B	s1	33	2:07:30 PM	0.0002190163	+5.45553777119996E-11	+1.54157143574564E-14	+6.71210365615968E-02	+1.92365741729736E+01	+4.94776400745858E+06	+0.00000000000000E+00	+4.94776514415741E+06	+4.94774120098114E+06	+4.94778681404114E+06 	0	0	0	0
		B	s1	34	2:07:32 PM	0.0002324887	+5.59362717463734E-11	+1.54347346671792E-14	+6.70383226305385E-02	+1.92303829193115E+01	+4.94776401863555E+06	+0.00000000000000E+00	+4.94776517711640E+06	+4.94774119136810E+06	+4.94778684600830E+06 	0	0	0	0
		B	s1	35	2:07:34 PM	0.0002463632	+5.71473046509418E-11	+1.54182277111565E-14	+6.71100947521720E-02	+1.92158088684082E+01	+4.94776401798724E+06	+0.00000000000000E+00	+4.94776516044617E+06	+4.94774123241425E+06	+4.94778680366516E+06 	0	0	0	0
		B	s1	36	2:07:36 PM	0.0002606399	+1.23273608676893E-11	+1.54331408419513E-14	+6.70452465192569E-02	+1.91962604522705E+01	+4.94776399477481E+06	+0.00000000000000E+00	+4.94776516418457E+06	+4.94774121036530E+06	+4.94778677928925E+06 	0	0	0	0
		B	s1	37	2:07:38 PM	0.0002753187	+1.14795102073860E-11	+1.54135455942263E-14	+6.71304797693804E-02	+1.91880817413330E+01	+4.94776404648321E+06	+0.00000000000000E+00	+4.94776516223908E+06	+4.94774130069733E+06	+4.94778679237366E+06 	0	0	0	0
		B	s1	38	2:07:40 PM	0.0002903997	+5.76736048671353E-11	+1.54095079844344E-14	+6.71480699528148E-02	+1.91797351837158E+01	+4.94776402403379E+06	+0.00000000000000E+00	+4.94776511566162E+06	+4.94774129409790E+06	+4.94778675407410E+06 	0	0	0	0
		B	s1	39	2:07:42 PM	0.0003058829	+5.75928235274244E-11	+1.54286609477807E-14	+6.70647133906854E-02	+1.91654739379883E+01	+4.94776401354332E+06	+0.00000000000000E+00	+4.94776520328522E+06	+4.94774127227783E+06	+4.94778675491333E+06 	0	0	0	0
		B	s1	40	2:07:45 PM	0.0003217682	+8.75532285682690E-12	+1.54177936203687E-14	+6.71119842009867E-02	+1.91740283966064E+01	+4.94776401976130E+06	+0.00000000000000E+00	+4.94776512748718E+06	+4.94774128437042E+06	+4.94778675525665E+06 	0	0	0	0
		B	s1	41	2:07:46 PM	0.0003380557	+5.88599112169236E-11	+1.54347129724663E-14	+6.70384166002896E-02	+1.91450080871582E+01	+4.94776402815368E+06	+0.00000000000000E+00	+4.94776521209717E+06	+4.94774130226136E+06	+4.94778675415039E+06 	0	0	0	0
		B	s1	42	2:07:49 PM	0.0003547454	+5.51033266284400E-11	+1.54350447346951E-14	+6.70369769740822E-02	+1.91590900421143E+01	+4.94776398005027E+06	+0.00000000000000E+00	+4.94776510864258E+06	+4.94774123695374E+06	+4.94778672325134E+06 	0	0	0	0
		B	s1	43	2:07:51 PM	0.0003718372	+1.39048975624012E-11	+1.54271631354330E-14	+6.70712236954302E-02	+1.91526088714600E+01	+4.94776404898194E+06	+0.00000000000000E+00	+4.94776518928528E+06	+4.94774132518768E+06	+4.94778677288056E+06 	0	0	0	0
		B	s1	44	2:07:53 PM	0.0003893312	+5.92848377339108E-11	+1.54308150318078E-14	+6.70553510132239E-02	+1.91411170959473E+01	+4.94776402809651E+06	+0.00000000000000E+00	+4.94776518070221E+06	+4.94774131256104E+06	+4.94778674373627E+06 	0	0	0	0
		B	s1	45	2:07:55 PM	0.0004072273	+1.04684041918335E-10	+1.54402049044633E-14	+6.70145719516498E-02	+1.91238708496094E+01	+4.94776401819740E+06	+0.00000000000000E+00	+4.94776516002655E+06	+4.94774130931855E+06	+4.94778672718048E+06 	0	0	0	0
		B	s1	46	2:07:56 PM	0.0004255256	+5.94751041842695E-11	+1.54481511555352E-14	+6.69801008623332E-02	+1.91091213226318E+01	+4.94776401815928E+06	+0.00000000000000E+00	+4.94776516212464E+06	+4.94774131511688E+06	+4.94778672130585E+06 	0	0	0	0
		B	s1	47	2:07:58 PM	0.0004442260	+5.91298580325804E-11	+1.54497480028851E-14	+6.69731776406484E-02	+1.91220588684082E+01	+4.94776403019457E+06	+0.00000000000000E+00	+4.94776519519806E+06	+4.94774130943299E+06	+4.94778675106049E+06 	0	0	0	0
		B	s1	48	2:08:00 PM	0.0004633287	+5.94126980662792E-11	+1.54567541210290E-14	+6.69428207024622E-02	+1.91009082794189E+01	+4.94776402477777E+06	+0.00000000000000E+00	+4.94776520469666E+06	+4.94774131885529E+06	+4.94778673080445E+06 	0	0	0	0
		B	s1	49	2:08:01 PM	0.0004828334	+1.05829758433176E-10	+1.54580051842415E-14	+6.69374021306910E-02	+1.91101436614990E+01	+4.94776405014544E+06	+0.00000000000000E+00	+4.94776521228791E+06	+4.94774133140564E+06	+4.94778676898957E+06 	0	0	0	0
		B	s1	50	2:08:04 PM	0.0005027404	+6.35347765640886E-11	+1.54571776960275E-14	+6.69409853577033E-02	+1.90955390930176E+01	+4.94776405811825E+06	+0.00000000000000E+00	+4.94776521881104E+06	+4.94774135795593E+06	+4.94778675838471E+06 	0	0	0	0
		B	s1	51	2:08:05 PM	0.0005230495	+1.92558051402805E-11	+1.54476693420257E-14	+6.69821881465660E-02	+1.90942401885986E+01	+4.94776408567951E+06	+0.00000000000000E+00	+4.94776526134491E+06	+4.94774140102387E+06	+4.94778677043915E+06 	0	0	0	0
		B	s1	52	2:08:08 PM	0.0005437607	+6.42570389272916E-11	+1.54709319287613E-14	+6.68814723504160E-02	+1.90801334381104E+01	+4.94776405762233E+06	+0.00000000000000E+00	+4.94776523220062E+06	+4.94774135559082E+06	+4.94778675975800E+06 	0	0	0	0
		B	s1	53	2:08:09 PM	0.0005648741	+6.33502360274355E-11	+1.54596618200078E-14	+6.69302291879205E-02	+1.90796852111816E+01	+4.94776405104205E+06	+0.00000000000000E+00	+4.94776523460388E+06	+4.94774136608124E+06	+4.94778673610687E+06 	0	0	0	0
		B	s1	54	2:08:12 PM	0.0005863897	+6.51531165920109E-11	+1.54487046845514E-14	+6.69776990798660E-02	+1.90786247253418E+01	+4.94776408749156E+06	+0.00000000000000E+00	+4.94776526451111E+06	+4.94774141986847E+06	+4.94778675521851E+06 	0	0	0	0
		B	s1	55	2:08:14 PM	0.0006083075	+6.67136532262667E-11	+1.54909717160214E-14	+6.67949507654738E-02	+1.90817222595215E+01	+4.94776408857845E+06	+0.00000000000000E+00	+4.94776528732300E+06	+4.94774135524750E+06	+4.94778682201386E+06 	0	0	0	0
		B	s1	56	2:08:16 PM	0.0006306273	+1.92238963131269E-11	+1.54829990833660E-14	+6.68293459650639E-02	+1.90704364776611E+01	+4.94776406649147E+06	+0.00000000000000E+00	+4.94776525901795E+06	+4.94774135829926E+06	+4.94778677478790E+06 	0	0	0	0
		B	s1	57	2:08:18 PM	0.0006533494	+2.05964901395259E-11	+1.54533927727081E-14	+6.69573799488887E-02	+1.90684394836426E+01	+4.94776409264143E+06	+0.00000000000000E+00	+4.94776527153015E+06	+4.94774143024445E+06	+4.94778675514221E+06 	0	0	0	0
		B	s1	58	2:08:20 PM	0.0006764736	+6.90618503490950E-11	+1.55002631234227E-14	+6.67549115799257E-02	+1.90712280273438E+01	+4.94776408573650E+06	+0.00000000000000E+00	+4.94776531738281E+06	+4.94774135128021E+06	+4.94778682029724E+06 	0	0	0	0
		B	s1	59	2:08:23 PM	0.0007000000	+6.94850275760614E-11	+1.54726634103117E-14	+6.68739862147515E-02	+1.90511016845703E+01	+4.94776412079386E+06	+0.00000000000000E+00	+4.94776531749726E+06	+4.94774145076752E+06	+4.94778679092407E+06 	0	0	0	0
		T	s2 	60	2:13:38 PM	0.0007000000	+7.65411524554208E-11	+1.54128546522847E-14	+6.71334475286867E-02	+2.02979755401611E+01	+4.94776558051935E+06	+0.00000000000000E+00	+4.94776680622101E+06	+4.94774152011872E+06	+4.94778964103699E+06 	0.624000	0.042000	0.205267	0.008948
		T	s2 	61	2:13:43 PM	0.0006764736	+4.52378086170702E-11	+1.53746455939015E-14	+6.73002823700276E-02	+2.02772331237793E+01	+4.94776577001485E+06	+0.00000000000000E+00	+4.94776697582245E+06	+4.94774179378510E+06	+4.94778974636078E+06 	0.680000	0.048000	0.200833	0.007961
		T	s2 	62	2:13:49 PM	0.0006533494	+8.76330258545803E-11	+1.53777612813794E-14	+6.72866464477302E-02	+2.01939544677734E+01	+4.94776577793080E+06	+0.00000000000000E+00	+4.94776692668915E+06	+4.94774189533234E+06	+4.94778966064453E+06 	0.600000	0.050000	0.198469	0.008981
		T	s2 	63	2:13:54 PM	0.0006306273	+4.81506095165656E-11	+1.53916867873391E-14	+6.72257685307219E-02	+2.02249412536621E+01	+4.94776580957343E+06	+0.00000000000000E+00	+4.94776699859619E+06	+4.94774186866760E+06	+4.94778975059509E+06 	0.616000	0.042000	0.194949	0.007541
		T	s2 	64	2:14:00 PM	0.0006083075	+5.19190672848762E-11	+1.53947319805764E-14	+6.72124693220557E-02	+2.02858142852783E+01	+4.94776586288345E+06	+0.00000000000000E+00	+4.94776704586029E+06	+4.94774184516907E+06	+4.94778988071442E+06 	0.608000	0.048000	0.191544	0.009184
		T	s2 	65	2:14:05 PM	0.0005863897	+5.32442016177153E-11	+1.53962460651052E-14	+6.72058590653978E-02	+2.03078365325928E+01	+4.94776588147996E+06	+0.00000000000000E+00	+4.94776707176209E+06	+4.94774183532715E+06	+4.94778992774964E+06 	0.688000	0.042000	0.187985	0.007863
		T	s2 	66	2:14:10 PM	0.0005648741	+1.62018091134107E-11	+1.53580025360290E-14	+6.73732103464723E-02	+2.03292579650879E+01	+4.94776590019122E+06	+0.00000000000000E+00	+4.94776712455750E+06	+4.94774188846588E+06	+4.94778991203308E+06 	0.560000	0.040000	0.184388	0.007787
		T	s2 	67	2:14:15 PM	0.0005437607	+5.85436088545361E-11	+1.53781640067301E-14	+6.72848816003908E-02	+2.03510837554932E+01	+4.94776587852346E+06	+0.00000000000000E+00	+4.94776713722229E+06	+4.94774180946350E+06	+4.94778994770050E+06 	0.568000	0.042000	0.181581	0.007520
		T	s2 	68	2:14:21 PM	0.0005230495	+6.07690290827910E-11	+1.53672948655253E-14	+6.73324690931535E-02	+2.03339424133301E+01	+4.94776596900826E+06	+0.00000000000000E+00	+4.94776715202332E+06	+4.94774193721771E+06	+4.94779000091553E+06 	0.544000	0.048000	0.177305	0.009529
		T	s2 	69	2:14:27 PM	0.0005027404	+2.37527210590303E-11	+1.53891362071227E-14	+6.72369050552764E-02	+2.04123001098633E+01	+4.94776600854698E+06	+0.00000000000000E+00	+4.94776723228455E+06	+4.94774184986115E+06	+4.94779016735077E+06 	0.784000	0.038000	0.174406	0.009862
		T	s2 	70	2:14:32 PM	0.0004828334	+2.37075292487809E-11	+1.53668910434180E-14	+6.73342354683219E-02	+2.04560184478760E+01	+4.94776608053023E+06	+0.00000000000000E+00	+4.94776724201203E+06	+4.94774190509796E+06	+4.94779025608063E+06 	0.536000	0.042000	0.170707	0.010126
		T	s2 	71	2:14:38 PM	0.0004633287	+2.48070828772432E-11	+1.53587800919957E-14	+6.73697953020401E-02	+2.04584732055664E+01	+4.94776605434239E+06	+0.00000000000000E+00	+4.94776724777222E+06	+4.94774188877106E+06	+4.94779022003174E+06 	0.560000	0.044000	0.167657	0.008496
		T	s2 	72	2:14:43 PM	0.0004442260	+6.88645412897141E-11	+1.53645706573227E-14	+6.73444023082558E-02	+2.05324859619141E+01	+4.94776615773928E+06	+0.00000000000000E+00	+4.94776735397339E+06	+4.94774189559937E+06	+4.94779041999817E+06 	0.528000	0.050000	0.163608	0.009353
		T	s2 	73	2:14:48 PM	0.0004255256	+7.07838306874779E-11	+1.53677917502136E-14	+6.73302874444996E-02	+2.05233249664307E+01	+4.94776613792196E+06	+0.00000000000000E+00	+4.94776736129761E+06	+4.94774188152313E+06	+4.94779039443970E+06 	0.520000	0.040000	0.161059	0.006254
		T	s2 	74	2:14:54 PM	0.0004072273	+3.16237973975997E-11	+1.53642716512632E-14	+6.73457107224142E-02	+2.05447006225586E+01	+4.94776623796230E+06	+0.00000000000000E+00	+4.94776736846924E+06	+4.94774196186066E+06	+4.94779051418305E+06 	0.496000	0.044000	0.157872	0.009435
		T	s2 	75	2:14:59 PM	0.0003893312	+7.81604312956916E-11	+1.53382756474111E-14	+6.74598480816248E-02	+2.06337184906006E+01	+4.94776635530207E+06	+0.00000000000000E+00	+4.94776747520447E+06	+4.94774201526642E+06	+4.94779069545746E+06 	0.488000	0.036000	0.153680	0.008002
		T	s2 	76	2:15:04 PM	0.0003718372	+4.76763546650694E-11	+1.53333152303635E-14	+6.74816680019921E-02	+2.06905975341797E+01	+4.94776649221126E+06	+0.00000000000000E+00	+4.94776759910584E+06	+4.94774209297180E+06	+4.94779089157105E+06 	0.480000	0.036000	0.150316	0.007483
		T	s2 	77	2:15:10 PM	0.0003547454	+5.49637534420197E-11	+1.53455039147747E-14	+6.74280649582194E-02	+2.07174911499023E+01	+4.94776661883989E+06	+0.00000000000000E+00	+4.94776777126312E+06	+4.94774216846466E+06	+4.94779106933594E+06 	0.504000	0.048000	0.147141	0.006431
		T	s2 	78	2:15:15 PM	0.0003380557	+9.97390327183590E-11	+1.53197675876463E-14	+6.75413376593737E-02	+2.07743110656738E+01	+4.94776671275761E+06	+0.00000000000000E+00	+4.94776782051087E+06	+4.94774223644257E+06	+4.94779118919373E+06 	0.464000	0.040000	0.143918	0.006925
		T	s2 	79	2:15:20 PM	0.0003217682	+6.88434330872979E-11	+1.53145232957072E-14	+6.75644612701361E-02	+2.08377952575684E+01	+4.94776690263383E+06	+0.00000000000000E+00	+4.94776801967621E+06	+4.94774235992432E+06	+4.94779144546509E+06 	0.488000	0.042000	0.140864	0.006267
		T	s2 	80	2:15:26 PM	0.0003058829	+3.97094190493020E-11	+1.53129634636836E-14	+6.75713391749880E-02	+2.09171218872070E+01	+4.94776706546373E+06	+0.00000000000000E+00	+4.94776812400818E+06	+4.94774243183136E+06	+4.94779169921875E+06 	0.448000	0.042000	0.138508	0.006688
		T	s2 	81	2:15:31 PM	0.0002903997	+6.01961892694322E-12	+1.53461814846952E-14	+6.74250737367163E-02	+2.09535694122314E+01	+4.94776713670273E+06	+0.00000000000000E+00	+4.94776822196961E+06	+4.94774240661621E+06	+4.94779186691284E+06 	0.440000	0.046000	0.133512	0.006102
		T	s2 	82	2:15:36 PM	0.0002753187	+5.63560776159843E-11	+1.53021289210217E-14	+6.76191720845027E-02	+2.09831924438477E+01	+4.94776744611300E+06	+0.00000000000000E+00	+4.94776840862274E+06	+4.94774275215149E+06	+4.94779214019776E+06 	0.456000	0.036000	0.131011	0.006560
		T	s2 	83	2:15:41 PM	0.0002606399	+7.39104286776371E-11	+1.52537052321427E-14	+6.78338250458193E-02	+2.10851650238037E+01	+4.94776772525326E+06	+0.00000000000000E+00	+4.94776867027283E+06	+4.94774298980713E+06	+4.94779246082306E+06 	0.424000	0.038000	0.126735	0.010715
		T	s2 	84	2:15:46 PM	0.0002463632	+4.94717753099157E-11	+1.52495884010250E-14	+6.78521304333216E-02	+2.11477108001709E+01	+4.94776799010736E+06	+0.00000000000000E+00	+4.94776894538880E+06	+4.94774318798065E+06	+4.94779279235840E+06 	0.408000	0.040000	0.123654	0.010194
		T	s2 	85	2:15:52 PM	0.0002324887	+6.80342590572278E-11	+1.52645542108998E-14	+6.77855976491315E-02	+2.12068290710449E+01	+4.94776830380852E+06	+0.00000000000000E+00	+4.94776921852112E+06	+4.94774340793610E+06	+4.94779319980622E+06 	0.416000	0.042000	0.120863	0.009802
		T	s2 	86	2:15:57 PM	0.0002190163	+3.98719366461903E-11	+1.52656647430766E-14	+6.77806617217419E-02	+2.12322044372559E+01	+4.94776847625175E+06	+0.00000000000000E+00	+4.94776937599182E+06	+4.94774354877472E+06	+4.94779340385437E+06 	0.392000	0.032000	0.116377	0.009700
		T	s2 	87	2:16:03 PM	0.0002059461	+5.00871813142870E-11	+1.52557023788012E-14	+6.78249178156903E-02	+2.12792472839355E+01	+4.94776871018787E+06	+0.00000000000000E+00	+4.94776954341889E+06	+4.94774374378205E+06	+4.94779367671967E+06 	0.384000	0.036000	0.113052	0.009288
		T	s2 	88	2:16:08 PM	0.0001932780	+6.94313944510993E-11	+1.52610177395097E-14	+6.78012867977818E-02	+2.13488464355469E+01	+4.94776899585101E+06	+0.00000000000000E+00	+4.94776992042542E+06	+4.94774393905640E+06	+4.94779405277252E+06 	0.368000	0.042000	0.109246	0.007610
		T	s2 	89	2:16:14 PM	0.0001810121	+3.40602062960166E-11	+1.52707928019152E-14	+6.77578797047593E-02	+2.13996047973633E+01	+4.94776923234279E+06	+0.00000000000000E+00	+4.94776992942810E+06	+4.94774409988403E+06	+4.94779436492920E+06 	0.344000	0.036000	0.106575	0.009371
		T	s2 	90	2:16:19 PM	0.0001691484	+4.46459697745541E-11	+1.52377324651307E-14	+6.79048870937887E-02	+2.14033908843994E+01	+4.94776932572683E+06	+0.00000000000000E+00	+4.94777010528565E+06	+4.94774424324036E+06	+4.94779440834046E+06 	0.344000	0.036000	0.102719	0.008048
		T	s2 	91	2:16:24 PM	0.0001576868	+2.57534754702997E-11	+1.52433790654335E-14	+6.78797275087280E-02	+2.14557399749756E+01	+4.94776952975555E+06	+0.00000000000000E+00	+4.94777041671753E+06	+4.94774437660217E+06	+4.94779468303681E+06 	0.336000	0.042000	0.099563	0.008018
		T	s2 	92	2:16:30 PM	0.0001466274	+7.00862169230696E-11	+1.52175620812699E-14	+6.79948795647156E-02	+2.15062675476074E+01	+4.94776980778968E+06	+0.00000000000000E+00	+4.94777056949616E+06	+4.94774463809967E+06	+4.94779497760773E+06 	0.328000	0.038000	0.096299	0.006015
		T	s2 	93	2:16:35 PM	0.0001359702	+5.33947878165357E-11	+1.52451310600483E-14	+6.78719103656297E-02	+2.15151519775391E+01	+4.94777012377984E+06	+0.00000000000000E+00	+4.94777092983246E+06	+4.94774489807129E+06	+4.94779534961701E+06 	0.320000	0.038000	0.092520	0.007015
		T	s2 	94	2:16:41 PM	0.0001257151	+6.75082083149364E-11	+1.52664586893903E-14	+6.77770851833331E-02	+2.15251369476318E+01	+4.94777035756333E+06	+0.00000000000000E+00	+4.94777112419129E+06	+4.94774508483887E+06	+4.94779563041687E+06 	0.312000	0.036000	0.094077	0.006855
		T	s2 	95	2:16:46 PM	0.0001158622	+4.19968589284254E-12	+1.52467296942939E-14	+6.78647831185877E-02	+2.15316963195801E+01	+4.94777051791425E+06	+0.00000000000000E+00	+4.94777132129669E+06	+4.94774527015686E+06	+4.94779576580048E+06 	0.288000	0.042000	0.085681	0.009560
		T	s2 	96	2:16:52 PM	0.0001064114	+2.20354504160950E-11	+1.52561013262878E-14	+6.78230879206123E-02	+2.15001468658447E+01	+4.94777076272256E+06	+0.00000000000000E+00	+4.94777165115357E+06	+4.94774553646088E+06	+4.94779598911286E+06 	0.312000	0.042000	0.083426	0.007305
		T	s2 	97	2:16:57 PM	0.0000973628	+5.04016765782863E-11	+1.52561990739822E-14	+6.78226426838708E-02	+2.14903984069824E+01	+4.94777115260375E+06	+0.00000000000000E+00	+4.94777211711884E+06	+4.94774593761444E+06	+4.94779636772156E+06 	0.296000	0.036000	0.078808	0.009858
		T	s2 	98	2:17:02 PM	0.0000887163	+5.57049436232156E-11	+1.52400265945987E-14	+6.78946081473026E-02	+2.14538040161133E+01	+4.94777140296269E+06	+0.00000000000000E+00	+4.94777224048615E+06	+4.94774625759125E+06	+4.94779654846192E+06 	0.272000	0.038000	0.076311	0.006897
		T	s2 	99	2:17:08 PM	0.0000804721	+3.79046170469539E-11	+1.52406626543651E-14	+6.78917693031940E-02	+2.14832553863525E+01	+4.94777159623414E+06	+0.00000000000000E+00	+4.94777250743866E+06	+4.94774641529083E+06	+4.94779677730561E+06 	0.272000	0.034000	0.071102	0.005589
		T	s2 	100	2:17:13 PM	0.0000726299	+5.67592705495014E-11	+1.52580973182478E-14	+6.78141840094546E-02	+2.14360141754150E+01	+4.94777191609664E+06	+0.00000000000000E+00	+4.94777285110474E+06	+4.94774676177979E+06	+4.94779707054138E+06 	0.248000	0.038000	0.067777	0.005545
		T	s2 	101	2:17:19 PM	0.0000651900	+7.71792561228934E-11	+1.52411877258372E-14	+6.78894122664208E-02	+2.13720874786377E+01	+4.94777225613928E+06	+0.00000000000000E+00	+4.94777315273285E+06	+4.94774720462799E+06	+4.94779730777741E+06 	0.240000	0.036000	0.066096	0.006161
		T	s2 	102	2:17:25 PM	0.0000581522	+2.79660354634899E-11	+1.52734817616506E-14	+6.77458594461299E-02	+2.13488655090332E+01	+4.94777256282173E+06	+0.00000000000000E+00	+4.94777359107971E+06	+4.94774748550415E+06	+4.94779764026642E+06 	0.248000	0.036000	0.062500	0.006915
		T	s2 	103	2:17:30 PM	0.0000515165	+4.95933433224274E-11	+1.52023884032791E-14	+6.80626596060762E-02	+2.13667888641357E+01	+4.94777294915569E+06	+0.00000000000000E+00	+4.94777391605377E+06	+4.94774796760559E+06	+4.94779793083191E+06 	0.248000	0.038000	0.057885	0.005297
		T	s2 	104	2:17:35 PM	0.0000452830	+2.77021705524790E-11	+1.52323647980816E-14	+6.79287086573427E-02	+2.12767238616943E+01	+4.94777322783868E+06	+0.00000000000000E+00	+4.94777421974182E+06	+4.94774830253601E+06	+4.94779815326691E+06 	0.208000	0.038000	0.053921	0.008983
		T	s2 	105	2:17:40 PM	0.0000394517	+7.76562564762451E-11	+1.53008057951214E-14	+6.76248558664464E-02	+2.12729835510254E+01	+4.94777342866287E+06	+0.00000000000000E+00	+4.94777443202973E+06	+4.94774839576721E+06	+4.94779846168518E+06 	0.216000	0.030000	0.051573	0.010683
		T	s2 	106	2:17:46 PM	0.0000340225	+2.89608569666054E-11	+1.52506749726356E-14	+6.78471365407604E-02	+2.12274150848389E+01	+4.94777380959922E+06	+0.00000000000000E+00	+4.94777480369568E+06	+4.94774891216278E+06	+4.94779870716095E+06 	0.192000	0.038000	0.049448	0.009145
		T	s2 	107	2:17:51 PM	0.0000289955	+9.18341318712631E-11	+1.52673400958582E-14	+6.77730651194177E-02	+2.12113552093506E+01	+4.94777427030017E+06	+0.00000000000000E+00	+4.94777523067475E+06	+4.94774936450958E+06	+4.94779917621613E+06 	0.176000	0.038000	0.048309	0.010742
		T	s2 	108	2:17:57 PM	0.0000243707	+4.20338014262209E-11	+1.52908490751504E-14	+6.76688575492277E-02	+2.11390361785889E+01	+4.94777462090923E+06	+0.00000000000000E+00	+4.94777572677612E+06	+4.94774976181030E+06	+4.94779948013306E+06 	0.176000	0.042000	0.040951	0.009811
		T	s2 	109	2:18:02 PM	0.0000201480	+6.93005676574513E-11	+1.52918275845054E-14	+6.76645188954903E-02	+2.11272850036621E+01	+4.94777493491610E+06	+0.00000000000000E+00	+4.94777604896546E+06	+4.94775008804321E+06	+4.94779978191376E+06 	0.160000	0.048000	0.046401	0.007230
		T	s2 	110	2:18:07 PM	0.0000163275	+5.08563294875962E-11	+1.53333762590569E-14	+6.74811565618955E-02	+2.10686740875244E+01	+4.94777539535007E+06	+0.00000000000000E+00	+4.94777649028778E+06	+4.94775055007935E+06	+4.94780024074555E+06 	0.184000	0.032000	0.034255	0.007219
		T	s2 	111	2:18:13 PM	0.0000129091	+6.40971912553523E-13	+1.53633733017920E-14	+6.73493901330767E-02	+2.10786743164063E+01	+4.94777573413303E+06	+0.00000000000000E+00	+4.94777688518524E+06	+4.94775082843781E+06	+4.94780063995361E+06 	0.160000	0.044000	0.032286	0.008070
		T	s2 	112	2:18:19 PM	0.0000098929	+6.35153513119612E-11	+1.53483077081410E-14	+6.74154884480667E-02	+2.09033756256104E+01	+4.94777611970471E+06	+0.00000000000000E+00	+4.94777722648621E+06	+4.94775144535065E+06	+4.94780079418183E+06 	0.176000	0.032000	0.027703	0.005737
		T	s2 	113	2:18:24 PM	0.0000072789	+4.45629264271730E-11	+1.53939898772511E-14	+6.72154228659906E-02	+2.08709850311279E+01	+4.94777641091853E+06	+0.00000000000000E+00	+4.94777755374909E+06	+4.94775170146942E+06	+4.94780112049103E+06 	0.152000	0.036000	0.028157	0.009116
		T	s2 	114	2:18:30 PM	0.0000050670	+1.01126471270691E-10	+1.53987184992676E-14	+6.71947762509516E-02	+2.08692607879639E+01	+4.94777663825538E+06	+0.00000000000000E+00	+4.94777787052155E+06	+4.94775192325592E+06	+4.94780135337830E+06 	0.104000	0.032000	0.023366	0.005668
		T	s2 	115	2:18:36 PM	0.0000032573	+8.02453361308818E-11	+1.53955441933814E-14	+6.72086234346417E-02	+2.08995933532715E+01	+4.94777690566551E+06	+0.00000000000000E+00	+4.94777812843323E+06	+4.94775215984345E+06	+4.94780165161133E+06 	0.112000	0.028000	0.020084	0.007693
		T	s2 	116	2:18:41 PM	0.0000018497	+7.61669973992043E-11	+1.53992882319301E-14	+6.71922803854299E-02	+2.08977966308594E+01	+4.94777700046071E+06	+0.00000000000000E+00	+4.94777825202942E+06	+4.94775225074768E+06	+4.94780175029755E+06 	0.104000	0.034000	0.019603	0.007435
		T	s2 	117	2:18:46 PM	0.0000008443	+8.73251818374393E-11	+1.53448263263022E-14	+6.74307579706983E-02	+2.10025615692139E+01	+4.94777705426684E+06	+0.00000000000000E+00	+4.94777837558747E+06	+4.94775226844788E+06	+4.94780184020996E+06 	0.104000	0.038000	0.020612	0.005108
		T	s2 	118	2:18:52 PM	0.0000002411	+1.38853340484403E-10	+1.55246167507288E-14	+6.66498476311857E-02	+2.10265293121338E+01	+4.94777688485453E+06	+0.00000000000000E+00	+4.94777823501587E+06	+4.94775178001404E+06	+4.94780198982239E+06 	0.112000	0.038000	0.015717	0.007513
		T	s2 	119	2:18:58 PM	0.0000000400	+3.02394719526059E-11	+1.54220555870553E-14	+6.70930788163900E-02	+2.05919876098633E+01	+4.94777724338226E+06	+0.00000000000000E+00	+4.94777840572357E+06	+4.94775281978607E+06	+4.94780166709900E+06 	0.112000	0.032000	0.019659	0.005284
		B	s3	120	2:21:23 PM	0.0000000400	-1.05517947839709E-10	+1.55046054368029E-14	+6.67362529531289E-02	+2.03830108642578E+01	+4.94776270835629E+06	+0.00000000000000E+00	+4.94776409244537E+06	+4.94773840335846E+06	+4.94778701347351E+06 	0	0	0	0
		B	s3	121	2:21:25 PM	0.0000002411	+7.38097996240248E-11	+1.53598963057308E-14	+6.73649760083241E-02	+2.05986938476562E+01	+4.94776324449278E+06	+0.00000000000000E+00	+4.94776441898346E+06	+4.94773891155243E+06	+4.94778757755280E+06 	0	0	0	0
		B	s3	122	2:21:27 PM	0.0000008443	+8.42800313686932E-11	+1.53067003051408E-14	+6.75990898282756E-02	+2.04204063415527E+01	+4.94776333349111E+06	+0.00000000000000E+00	+4.94776455280304E+06	+4.94773929470062E+06	+4.94778737239838E+06 	0	0	0	0
		B	s3	123	2:21:29 PM	0.0000018497	+1.61602249091728E-11	+1.53551423942081E-14	+6.73858311717530E-02	+2.04409732818603E+01	+4.94776327588869E+06	+0.00000000000000E+00	+4.94776458385468E+06	+4.94773913673401E+06	+4.94778741516113E+06 	0	0	0	0
		B	s3	124	2:21:31 PM	0.0000032573	+9.06402953822078E-11	+1.53518628359564E-14	+6.74002249176301E-02	+2.03484592437744E+01	+4.94776333553204E+06	+0.00000000000000E+00	+4.94776456851959E+06	+4.94773931076050E+06	+4.94778736042023E+06 	0	0	0	0
		B	s3	125	2:21:33 PM	0.0000050670	+5.59068897414427E-11	+1.53760316406428E-14	+6.72942794428024E-02	+2.02529239654541E+01	+4.94776342662737E+06	+0.00000000000000E+00	+4.94776461074829E+06	+4.94773947700501E+06	+4.94778737636566E+06 	0	0	0	0
		B	s3	126	2:21:35 PM	0.0000072789	+1.88559931553888E-11	+1.53589827448302E-14	+6.73689765992634E-02	+2.01782627105713E+01	+4.94776347640972E+06	+0.00000000000000E+00	+4.94776463184357E+06	+4.94773964153290E+06	+4.94778731140137E+06 	0	0	0	0
		B	s3	127	2:21:36 PM	0.0000098929	+6.23237426765829E-11	+1.53653000530525E-14	+6.73412766250105E-02	+2.01241588592529E+01	+4.94776354293831E+06	+0.00000000000000E+00	+4.94776464714050E+06	+4.94773976219177E+06	+4.94778732379913E+06 	0	0	0	0
		B	s3	128	2:21:39 PM	0.0000129091	+1.41351919810543E-11	+1.53617931571695E-14	+6.73566505917807E-02	+2.00551834106445E+01	+4.94776351221134E+06	+0.00000000000000E+00	+4.94776461269379E+06	+4.94773981838226E+06	+4.94778720615387E+06 	0	0	0	0
		B	s3	129	2:21:40 PM	0.0000163275	+6.29121538194534E-11	+1.53643899871401E-14	+6.73452666685574E-02	+2.00000438690186E+01	+4.94776349611361E+06	+0.00000000000000E+00	+4.94776468444824E+06	+4.94773986343384E+06	+4.94778712890625E+06 	0	0	0	0
		B	s3	130	2:21:43 PM	0.0000201480	+6.69474084704004E-11	+1.53611887053490E-14	+6.73593029972537E-02	+1.99601688385010E+01	+4.94776343988522E+06	+0.00000000000000E+00	+4.94776460884094E+06	+4.94773985923767E+06	+4.94778702064514E+06 	0	0	0	0
		B	s3	131	2:21:45 PM	0.0000243707	+6.11022845576923E-11	+1.53803696693326E-14	+6.72752964830502E-02	+1.98657131195068E+01	+4.94776352327489E+06	+0.00000000000000E+00	+4.94776466976166E+06	+4.94774002490998E+06	+4.94778702175141E+06 	0	0	0	0
		B	s3	132	2:21:47 PM	0.0000289955	+1.47962669372882E-10	+1.53717037413799E-14	+6.73132240488135E-02	+1.98268814086914E+01	+4.94776350311450E+06	+0.00000000000000E+00	+4.94776457931519E+06	+4.94774006389618E+06	+4.94778694244385E+06 	0	0	0	0
		B	s3	133	2:21:49 PM	0.0000340225	+9.66983414196167E-11	+1.53798704993519E-14	+6.72774812785612E-02	+1.98076457977295E+01	+4.94776347530540E+06	+0.00000000000000E+00	+4.94776464885712E+06	+4.94774004638672E+06	+4.94778690433502E+06 	0	0	0	0
		B	s3	134	2:21:51 PM	0.0000394517	+1.05223527993409E-10	+1.53787505426474E-14	+6.72823810885747E-02	+1.97923812866211E+01	+4.94776346313661E+06	+0.00000000000000E+00	+4.94776461494446E+06	+4.94774005397797E+06	+4.94778687240601E+06 	0	0	0	0
		B	s3	135	2:21:53 PM	0.0000452830	+1.02220165953729E-10	+1.53886240687683E-14	+6.72392113553693E-02	+1.97836627960205E+01	+4.94776348333541E+06	+0.00000000000000E+00	+4.94776463726044E+06	+4.94774006946564E+06	+4.94778689731598E+06 	0	0	0	0
		B	s3	136	2:21:55 PM	0.0000515165	+5.90346701475839E-11	+1.53515995522750E-14	+6.74013780624755E-02	+1.97628631591797E+01	+4.94776343776923E+06	+0.00000000000000E+00	+4.94776454345703E+06	+4.94774010478974E+06	+4.94778677085877E+06 	0	0	0	0
		B	s3	137	2:21:57 PM	0.0000581522	+5.82982148771739E-11	+1.53378638940757E-14	+6.74617380153596E-02	+1.97708435058594E+01	+4.94776346060025E+06	+0.00000000000000E+00	+4.94776451892853E+06	+4.94774013908386E+06	+4.94778678222656E+06 	0	0	0	0
		B	s3	138	2:21:58 PM	0.0000651900	+5.53278527739678E-11	+1.53459287888257E-14	+6.74262863790113E-02	+1.97342567443848E+01	+4.94776338043453E+06	+0.00000000000000E+00	+4.94776450805664E+06	+4.94774008983612E+06	+4.94778667114258E+06 	0	0	0	0
		B	s3	139	2:22:00 PM	0.0000726299	+5.60277256645458E-11	+1.53689052759482E-14	+6.73254847224491E-02	+1.97178573608398E+01	+4.94776336109394E+06	+0.00000000000000E+00	+4.94776453590393E+06	+4.94774005500794E+06	+4.94778666728974E+06 	0	0	0	0
		B	s3	140	2:22:02 PM	0.0000804721	+1.16499459673394E-11	+1.53727716824791E-14	+6.73085510145806E-02	+1.97338867187500E+01	+4.94776338579399E+06	+0.00000000000000E+00	+4.94776455108643E+06	+4.94774005489349E+06	+4.94778671680451E+06 	0	0	0	0
		B	s3	141	2:22:05 PM	0.0000887163	+1.01575352315736E-11	+1.53801291800621E-14	+6.72763521865568E-02	+1.97186737060547E+01	+4.94776338491664E+06	+0.00000000000000E+00	+4.94776453022003E+06	+4.94774006084442E+06	+4.94778670909882E+06 	0	0	0	0
		B	s3	142	2:22:07 PM	0.0000973628	+5.76620744231688E-11	+1.53887692108256E-14	+6.72385790154507E-02	+1.96914863586426E+01	+4.94776341566319E+06	+0.00000000000000E+00	+4.94776457523346E+06	+4.94774011066437E+06	+4.94778672077179E+06 	0	0	0	0
		B	s3	143	2:22:08 PM	0.0001064114	+5.52484268869412E-11	+1.53635239038330E-14	+6.73490662288748E-02	+1.96553993225098E+01	+4.94776338129315E+06	+0.00000000000000E+00	+4.94776455669403E+06	+4.94774015716553E+06	+4.94778660552979E+06 	0	0	0	0
		B	s3	144	2:22:10 PM	0.0001158622	+5.26344390472119E-11	+1.53803890672701E-14	+6.72752149744052E-02	+1.96133193969727E+01	+4.94776340046212E+06	+0.00000000000000E+00	+4.94776452358246E+06	+4.94774020061493E+06	+4.94778660041809E+06 	0	0	0	0
		B	s3	145	2:22:12 PM	0.0001257151	+8.15860668673834E-12	+1.53793168068617E-14	+6.72799064858975E-02	+1.96436977386475E+01	+4.94776336294441E+06	+0.00000000000000E+00	+4.94776449626923E+06	+4.94774012878418E+06	+4.94778659721375E+06 	0	0	0	0
		B	s3	146	2:22:13 PM	0.0001359702	+5.09589315916668E-11	+1.53760277763301E-14	+6.72942979469312E-02	+1.96210441589355E+01	+4.94776336811347E+06	+0.00000000000000E+00	+4.94776449436188E+06	+4.94774016571045E+06	+4.94778657062531E+06 	0	0	0	0
		B	s3	147	2:22:15 PM	0.0001466274	+9.47501875712506E-11	+1.54429298920462E-14	+6.70027626233103E-02	+1.96115207672119E+01	+4.94776343662502E+06	+0.00000000000000E+00	+4.94776452106476E+06	+4.94774014457703E+06	+4.94778672878266E+06 	0	0	0	0
		B	s3	148	2:22:17 PM	0.0001576868	+1.07695308739753E-10	+1.53955050738110E-14	+6.72091588455081E-02	+1.96669063568115E+01	+4.94776348385100E+06	+0.00000000000000E+00	+4.94776465965271E+06	+4.94774019775391E+06	+4.94778677005768E+06 	0	0	0	0
		B	s3	149	2:22:18 PM	0.0001691484	+2.28549566723659E-11	+1.53883007321501E-14	+6.72406235335552E-02	+1.96548881530762E+01	+4.94776350694911E+06	+0.00000000000000E+00	+4.94776469734192E+06	+4.94774024597168E+06	+4.94778676803589E+06 	0	0	0	0
		B	s3	150	2:22:20 PM	0.0001810121	+2.00209790066631E-11	+1.53771726204330E-14	+6.72892847629130E-02	+1.96125183105469E+01	+4.94776348076152E+06	+0.00000000000000E+00	+4.94776466178894E+06	+4.94774028671265E+06	+4.94778667491913E+06 	0	0	0	0
		B	s3	151	2:22:22 PM	0.0001932780	+6.40070101667458E-11	+1.53812374036505E-14	+6.72715019799900E-02	+1.96002407073975E+01	+4.94776349235825E+06	+0.00000000000000E+00	+4.94776463684082E+06	+4.94774030670166E+06	+4.94778667812348E+06 	0	0	0	0
		B	s3	152	2:22:23 PM	0.0002059461	+6.48746134078983E-11	+1.53785337179686E-14	+6.72833290492315E-02	+1.95972843170166E+01	+4.94776348760898E+06	+0.00000000000000E+00	+4.94776464252472E+06	+4.94774030952454E+06	+4.94778666580200E+06 	0	0	0	0
		B	s3	153	2:22:26 PM	0.0002190163	+6.26558754809035E-11	+1.54030914393967E-14	+6.71760570191799E-02	+1.95713691711426E+01	+4.94776347717575E+06	+0.00000000000000E+00	+4.94776467247009E+06	+4.94774029277802E+06	+4.94778666168213E+06 	0	0	0	0
		B	s3	154	2:22:28 PM	0.0002324887	+6.44551355312036E-11	+1.53935110490523E-14	+6.72178649914993E-02	+1.95679702758789E+01	+4.94776348043741E+06	+0.00000000000000E+00	+4.94776463119507E+06	+4.94774031448364E+06	+4.94778664649964E+06 	0	0	0	0
		B	s3	155	2:22:30 PM	0.0002463632	+6.34084140891959E-11	+1.53912120928820E-14	+6.72279052141790E-02	+1.95769195556641E+01	+4.94776347978888E+06	+0.00000000000000E+00	+4.94776465297699E+06	+4.94774030670166E+06	+4.94778665298462E+06 	0	0	0	0
		B	s3	156	2:22:32 PM	0.0002606399	+2.17738642350828E-11	+1.53952198752674E-14	+6.72104037555863E-02	+1.95536518096924E+01	+4.94776348932572E+06	+0.00000000000000E+00	+4.94776466987610E+06	+4.94774033775330E+06	+4.94778664100647E+06 	0	0	0	0
		B	s3	157	2:22:34 PM	0.0002753187	+6.49912093873360E-11	+1.53989083079248E-14	+6.71943048644760E-02	+1.95509490966797E+01	+4.94776349960632E+06	+0.00000000000000E+00	+4.94776465526581E+06	+4.94774034568787E+06	+4.94778665363312E+06 	0	0	0	0
		B	s3	158	2:22:36 PM	0.0002903997	+2.21482518423735E-11	+1.54154981691070E-14	+6.71219920388777E-02	+1.95457878112793E+01	+4.94776348535834E+06	+0.00000000000000E+00	+4.94776467708588E+06	+4.94774031261444E+06	+4.94778665821076E+06 	0	0	0	0
		B	s3	159	2:22:39 PM	0.0003058829	+1.92976175112899E-11	+1.54083317546044E-14	+6.71532107807606E-02	+1.95248603820801E+01	+4.94776347408607E+06	+0.00000000000000E+00	+4.94776463665009E+06	+4.94774033691406E+06	+4.94778661136627E+06 	0	0	0	0
		B	s3	160	2:22:41 PM	0.0003217682	+2.09500613631689E-11	+1.53853542911886E-14	+6.72535011579371E-02	+1.95389480590820E+01	+4.94776349191986E+06	+0.00000000000000E+00	+4.94776467254639E+06	+4.94774037258148E+06	+4.94778661136627E+06 	0	0	0	0
		B	s3	161	2:22:43 PM	0.0003380557	+6.44220468707076E-11	+1.53933986774625E-14	+6.72183553414864E-02	+1.94972076416016E+01	+4.94776349293093E+06	+0.00000000000000E+00	+4.94776466480255E+06	+4.94774041091919E+06	+4.94778657505036E+06 	0	0	0	0
		B	s3	162	2:22:45 PM	0.0003547454	+6.51280275042826E-11	+1.54148717877725E-14	+6.71247199691858E-02	+1.94978332519531E+01	+4.94776346926058E+06	+0.00000000000000E+00	+4.94776464721680E+06	+4.94774035430908E+06	+4.94778658432007E+06 	0	0	0	0
		B	s3	163	2:22:46 PM	0.0003718372	+6.41827953842645E-11	+1.54074802929690E-14	+6.71569208717163E-02	+1.94783096313477E+01	+4.94776351049762E+06	+0.00000000000000E+00	+4.94776465629578E+06	+4.94774042976380E+06	+4.94778659133911E+06 	0	0	0	0
		B	s3	164	2:22:49 PM	0.0003893312	+6.45929267038606E-11	+1.54205403969758E-14	+6.71000441703771E-02	+1.94915180206299E+01	+4.94776349399889E+06	+0.00000000000000E+00	+4.94776466068268E+06	+4.94774037803650E+06	+4.94778661006928E+06 	0	0	0	0
		B	s3	165	2:22:50 PM	0.0004072273	+1.07617066570134E-10	+1.54341677914364E-14	+6.70407998082319E-02	+1.94775543212891E+01	+4.94776346687637E+06	+0.00000000000000E+00	+4.94776468505860E+06	+4.94774034706116E+06	+4.94778658679962E+06 	0	0	0	0
		B	s3	166	2:22:53 PM	0.0004255256	+6.77641420492946E-11	+1.54208704492358E-14	+6.70986073226505E-02	+1.94686012268066E+01	+4.94776352011062E+06	+0.00000000000000E+00	+4.94776466449738E+06	+4.94774043083191E+06	+4.94778660949707E+06 	0	0	0	0
		B	s3	167	2:22:55 PM	0.0004442260	+6.71434970777885E-11	+1.54143912173398E-14	+6.71268118714196E-02	+1.94620952606201E+01	+4.94776349975929E+06	+0.00000000000000E+00	+4.94776466957092E+06	+4.94774042789459E+06	+4.94778657173157E+06 	0	0	0	0
		B	s3	168	2:22:57 PM	0.0004633287	+2.02855934563641E-11	+1.54323146130491E-14	+6.70488505435959E-02	+1.94451808929443E+01	+4.94776345989567E+06	+0.00000000000000E+00	+4.94776466087342E+06	+4.94774038127899E+06	+4.94778653862000E+06 	0	0	0	0
		B	s3	169	2:22:59 PM	0.0004828334	+6.65271207250952E-11	+1.54415611076916E-14	+6.70087000235002E-02	+1.94508342742920E+01	+4.94776350740763E+06	+0.00000000000000E+00	+4.94776472537995E+06	+4.94774040824890E+06	+4.94778660667420E+06 	0	0	0	0
		B	s3	170	2:23:01 PM	0.0005027404	+2.11929018335029E-11	+1.54269507712690E-14	+6.70721613345177E-02	+1.94569892883301E+01	+4.94776351967195E+06	+0.00000000000000E+00	+4.94776468242645E+06	+4.94774043506622E+06	+4.94778660438538E+06 	0	0	0	0
		B	s3	171	2:23:03 PM	0.0005230495	+2.52221884913234E-11	+1.54408750391293E-14	+6.70116771560050E-02	+1.94482612609863E+01	+4.94776351465557E+06	+0.00000000000000E+00	+4.94776471988678E+06	+4.94774041957855E+06	+4.94778660984040E+06 	0	0	0	0
		B	s3	172	2:23:04 PM	0.0005437607	+2.80400338091568E-11	+1.54517599528875E-14	+6.69644705393078E-02	+1.94526977539063E+01	+4.94776353613222E+06	+0.00000000000000E+00	+4.94776475421906E+06	+4.94774041950226E+06	+4.94778665287018E+06 	0	0	0	0
		B	s3	173	2:23:06 PM	0.0005648741	+6.60081077370474E-11	+1.54458825535606E-14	+6.69899525346961E-02	+1.94283885955811E+01	+4.94776350033146E+06	+0.00000000000000E+00	+4.94776470558167E+06	+4.94774042137146E+06	+4.94778657939911E+06 	0	0	0	0
		B	s3	174	2:23:08 PM	0.0005863897	+7.08035276649440E-11	+1.54592764910483E-14	+6.69319111668721E-02	+1.94415550231934E+01	+4.94776354412402E+06	+0.00000000000000E+00	+4.94776478092194E+06	+4.94774042949677E+06	+4.94778665885925E+06 	0	0	0	0
		B	s3	175	2:23:10 PM	0.0006083075	+7.19879950405447E-11	+1.54379258140118E-14	+6.70244772316389E-02	+1.94335498809814E+01	+4.94776357658729E+06	+0.00000000000000E+00	+4.94776474399567E+06	+4.94774050338745E+06	+4.94778664989472E+06 	0	0	0	0
		B	s3	176	2:23:12 PM	0.0006306273	+7.15803131235148E-11	+1.54523389708098E-14	+6.69619604354777E-02	+1.94232234954834E+01	+4.94776356804232E+06	+0.00000000000000E+00	+4.94776476890564E+06	+4.94774048557282E+06	+4.94778665061951E+06 	0	0	0	0
		B	s3	177	2:23:14 PM	0.0006533494	+2.85234044779865E-11	+1.54622599302288E-14	+6.69189968762035E-02	+1.94172573089600E+01	+4.94776353655196E+06	+0.00000000000000E+00	+4.94776479682923E+06	+4.94774044635773E+06	+4.94778662685394E+06 	0	0	0	0
		B	s3	178	2:23:16 PM	0.0006764736	+2.72694134103670E-11	+1.54370968954035E-14	+6.70280758220806E-02	+1.94277172088623E+01	+4.94776359104503E+06	+0.00000000000000E+00	+4.94776475673676E+06	+4.94774052600861E+06	+4.94778665618897E+06 	0	0	0	0
		B	s3	179	2:23:18 PM	0.0007000000	+7.42659789087377E-11	+1.54602849068766E-14	+6.69275452278629E-02	+1.94227695465088E+01	+4.94776355240201E+06	+0.00000000000000E+00	+4.94776481716156E+06	+4.94774045860291E+06	+4.94778664630890E+06 	0	0	0	0

