	10/04/22	Test 8 N (today) Location 05 Ramp 01	Tip H10	Box 5b Xtal 01		DLC	400 uN	02.5%		Points/Segment: 59	
		Seg 	ID Tag	Number	Time	Power	C0	C1	L1	R1	fs	fa	fr	f1	f2	Ch1 (Pk-Pk)	Ch2 (Pk-Pk)	Ch1 (RMS)	Ch2 (RMS)	
						uW	F	F	H	Ohms	Hz	Hz	Hz	Hz	Hz	V	V	V	V	
		B	s1	0	3:46:17 PM	0.0000000400	-4.92201194039617E-11	+1.52969824971397E-14	+6.76420958135762E-02	+2.18137359619141E+01	+4.94776106974622E+06	+0.00000000000000E+00	+4.94776274425507E+06	+4.94773540706635E+06	+4.94778673255921E+06 	0	0	0	0
		B	s1	1	3:46:18 PM	0.0000003847	+5.70403864611006E-11	+1.53098358754107E-14	+6.75852920782817E-02	+2.22892322540283E+01	+4.94776161108686E+06	+0.00000000000000E+00	+4.94776300167084E+06	+4.94773536697388E+06	+4.94778785533905E+06 	0	0	0	0
		B	s1	2	3:46:20 PM	0.0000014189	+6.46206238582840E-11	+1.54703517390272E-14	+6.68840446094157E-02	+2.22107410430908E+01	+4.94776169111824E+06	+0.00000000000000E+00	+4.94776297737122E+06	+4.94773526523590E+06	+4.94778811714173E+06 	0	0	0	0
		B	s1	3	3:46:22 PM	0.0000031425	+9.45202193396676E-11	+1.54126477077831E-14	+6.71344547326618E-02	+2.20797405242920E+01	+4.94776168152563E+06	+0.00000000000000E+00	+4.94776298843384E+06	+4.94773550949097E+06	+4.94778785369873E+06 	0	0	0	0
		B	s1	4	3:46:25 PM	0.0000055555	+9.73458190165526E-11	+1.54087775859550E-14	+6.71513160572014E-02	+2.20075626373291E+01	+4.94776169615548E+06	+0.00000000000000E+00	+4.94776308788300E+06	+4.94773561622620E+06	+4.94778777622223E+06 	0	0	0	0
		B	s1	5	3:46:26 PM	0.0000086579	+1.02281834356876E-10	+1.54124434913253E-14	+6.71353446266544E-02	+2.19642562866211E+01	+4.94776166842287E+06	+0.00000000000000E+00	+4.94776299510956E+06	+4.94773563362122E+06	+4.94778770336151E+06 	0	0	0	0
		B	s1	6	3:46:29 PM	0.0000124498	+9.74465536249306E-11	+1.54104015019740E-14	+6.71442413645584E-02	+2.18855571746826E+01	+4.94776163819190E+06	+0.00000000000000E+00	+4.94776284481049E+06	+4.94773570011139E+06	+4.94778757640839E+06 	0	0	0	0
		B	s1	7	3:46:31 PM	0.0000169311	+9.51734889431729E-11	+1.54051559186747E-14	+6.71671033064946E-02	+2.18566093444824E+01	+4.94776168345351E+06	+0.00000000000000E+00	+4.94776291122437E+06	+4.94773578849793E+06	+4.94778757854462E+06 	0	0	0	0
		B	s1	8	3:46:33 PM	0.0000221019	+9.57735166044351E-11	+1.53580932055769E-14	+6.73729284366462E-02	+2.17795276641846E+01	+4.94776164658535E+06	+0.00000000000000E+00	+4.94776290962219E+06	+4.94773592178345E+06	+4.94778737152100E+06 	0	0	0	0
		B	s1	9	3:46:35 PM	0.0000279621	+9.59302554597545E-11	+1.54102137628356E-14	+6.71450578481927E-02	+2.17556419372559E+01	+4.94776169417339E+06	+0.00000000000000E+00	+4.94776282955170E+06	+4.94773591037750E+06	+4.94778747810364E+06 	0	0	0	0
		B	s1	10	3:46:37 PM	0.0000345117	+1.20440043888522E-10	+1.54036099336137E-14	+6.71738473997848E-02	+2.16977825164795E+01	+4.94776157814979E+06	+0.00000000000000E+00	+4.94776283466339E+06	+4.94773587394715E+06	+4.94778728248596E+06 	0	0	0	0
		B	s1	11	3:46:39 PM	0.0000417508	+5.30285736005272E-11	+1.53742852492878E-14	+6.73019741843030E-02	+2.16390743255615E+01	+4.94776156413139E+06	+0.00000000000000E+00	+4.94776283424378E+06	+4.94773597827912E+06	+4.94778715011597E+06 	0	0	0	0
		B	s1	12	3:46:41 PM	0.0000496793	+8.81495910994441E-11	+1.54137177301342E-14	+6.71297993834875E-02	+2.16324367523193E+01	+4.94776149233848E+06	+0.00000000000000E+00	+4.94776276473999E+06	+4.94773584873200E+06	+4.94778713607788E+06 	0	0	0	0
		B	s1	13	3:46:44 PM	0.0000582972	+5.45899320467137E-11	+1.54007455853804E-14	+6.71863435097444E-02	+2.15686588287354E+01	+4.94776148223004E+06	+0.00000000000000E+00	+4.94776278804779E+06	+4.94773593574524E+06	+4.94778702884674E+06 	0	0	0	0
		B	s1	14	3:46:45 PM	0.0000676045	+5.03828715808859E-11	+1.53884628075945E-14	+6.72399701921101E-02	+2.15345115661621E+01	+4.94776148873441E+06	+0.00000000000000E+00	+4.94776273956299E+06	+4.94773600303650E+06	+4.94778697456360E+06 	0	0	0	0
		B	s1	15	3:46:47 PM	0.0000776013	+8.44802033975277E-11	+1.53978803466905E-14	+6.71988442603759E-02	+2.15561466217041E+01	+4.94776152968498E+06	+0.00000000000000E+00	+4.94776279590607E+06	+4.94773600276947E+06	+4.94778705673218E+06 	0	0	0	0
		B	s1	16	3:46:49 PM	0.0000882876	+8.68511851940930E-11	+1.53943848533681E-14	+6.72141034110005E-02	+2.15064601898193E+01	+4.94776150069361E+06	+0.00000000000000E+00	+4.94776276523590E+06	+4.94773603839874E+06	+4.94778696311951E+06 	0	0	0	0
		B	s1	17	3:46:51 PM	0.0000996632	+5.35723931813605E-11	+1.54277158858407E-14	+6.70688908757477E-02	+2.15265808105469E+01	+4.94776145831191E+06	+0.00000000000000E+00	+4.94776280086517E+06	+4.94773591701508E+06	+4.94778699974060E+06 	0	0	0	0
		B	s1	18	3:46:53 PM	0.0001117283	+1.66405028208507E-11	+1.54273407368238E-14	+6.70705207701970E-02	+2.15262680053711E+01	+4.94776149630631E+06	+0.00000000000000E+00	+4.94776280254364E+06	+4.94773595600128E+06	+4.94778703674317E+06 	0	0	0	0
		B	s1	19	3:46:55 PM	0.0001244828	+9.26228686865908E-11	+1.54040764425649E-14	+6.71718153524295E-02	+2.15099792480469E+01	+4.94776149354095E+06	+0.00000000000000E+00	+4.94776281478882E+06	+4.94773601104737E+06	+4.94778697616577E+06 	0	0	0	0
		B	s1	20	3:46:58 PM	0.0001379268	+5.37897671503408E-11	+1.54322338648091E-14	+6.70492540647851E-02	+2.14919776916504E+01	+4.94776151574235E+06	+0.00000000000000E+00	+4.94776279411316E+06	+4.94773600803375E+06	+4.94778702358246E+06 	0	0	0	0
		B	s1	21	3:47:00 PM	0.0001520602	+5.16415902032233E-11	+1.54095429250995E-14	+6.71479854803539E-02	+2.14532928466797E+01	+4.94776152672911E+06	+0.00000000000000E+00	+4.94776278831482E+06	+4.94773610237122E+06	+4.94778695121765E+06 	0	0	0	0
		B	s1	22	3:47:02 PM	0.0001668830	+8.85319731459343E-11	+1.54098106547300E-14	+6.71468187076095E-02	+2.14482688903809E+01	+4.94776153208879E+06	+0.00000000000000E+00	+4.94776282341004E+06	+4.94773611324310E+06	+4.94778695106506E+06 	0	0	0	0
		B	s1	23	3:47:04 PM	0.0001823953	+9.08218736540423E-11	+1.54027007918929E-14	+6.71778140236912E-02	+2.14473171234131E+01	+4.94776151557122E+06	+0.00000000000000E+00	+4.94776276473999E+06	+4.94773610958100E+06	+4.94778692169190E+06 	0	0	0	0
		B	s1	24	3:47:06 PM	0.0001985970	+5.26084445210220E-11	+1.53973465227064E-14	+6.72011747302658E-02	+2.14305019378662E+01	+4.94776150410820E+06	+0.00000000000000E+00	+4.94776278278351E+06	+4.94773612686157E+06	+4.94778688148499E+06 	0	0	0	0
		B	s1	25	3:47:08 PM	0.0002154881	+9.28784767718682E-11	+1.54163830026833E-14	+6.71181931497429E-02	+2.14177131652832E+01	+4.94776150891464E+06	+0.00000000000000E+00	+4.94776281444550E+06	+4.94773611545563E+06	+4.94778690250397E+06 	0	0	0	0
		B	s1	26	3:47:10 PM	0.0002330687	+9.14849912957895E-11	+1.54110873867196E-14	+6.71412553725022E-02	+2.14355487823486E+01	+4.94776155253564E+06	+0.00000000000000E+00	+4.94776282863617E+06	+4.94773614665985E+06	+4.94778695854187E+06 	0	0	0	0
		B	s1	27	3:47:12 PM	0.0002513387	+6.04619815572122E-11	+1.54416316857670E-14	+6.70084478158718E-02	+2.14652137756348E+01	+4.94776151139368E+06	+0.00000000000000E+00	+4.94776285362244E+06	+4.94773601993561E+06	+4.94778700298309E+06 	0	0	0	0
		B	s1	28	3:47:15 PM	0.0002702982	+9.26972002945796E-11	+1.54202003980241E-14	+6.71015758084588E-02	+2.14437084197998E+01	+4.94776157120845E+06	+0.00000000000000E+00	+4.94776282062531E+06	+4.94773614063263E+06	+4.94778700191498E+06 	0	0	0	0
		B	s1	29	3:47:17 PM	0.0002899470	+9.54665852075418E-11	+1.54210612434875E-14	+6.70978312839397E-02	+2.14365291595459E+01	+4.94776152447845E+06	+0.00000000000000E+00	+4.94776283073425E+06	+4.94773610099793E+06	+4.94778694808960E+06 	0	0	0	0
		B	s1	30	3:47:18 PM	0.0003102853	+5.80865624847958E-11	+1.54054525082145E-14	+6.71658142576278E-02	+2.14278221130371E+01	+4.94776153359576E+06	+0.00000000000000E+00	+4.94776286151886E+06	+4.94773614616394E+06	+4.94778692115784E+06 	0	0	0	0
		B	s1	31	3:47:20 PM	0.0003313131	+9.42812399348803E-11	+1.53955529441705E-14	+6.72090021403144E-02	+2.14213352203369E+01	+4.94776155976470E+06	+0.00000000000000E+00	+4.94776283027649E+06	+4.94773619632721E+06	+4.94778692333222E+06 	0	0	0	0
		B	s1	32	3:47:22 PM	0.0003530302	+9.29646506533041E-11	+1.54026445979510E-14	+6.71780592260756E-02	+2.14442234039307E+01	+4.94776151131785E+06	+0.00000000000000E+00	+4.94776282485962E+06	+4.94773610908509E+06	+4.94778691368103E+06 	0	0	0	0
		B	s1	33	3:47:25 PM	0.0003754369	+8.94839906058553E-11	+1.54134693896988E-14	+6.71308799515793E-02	+2.14246578216553E+01	+4.94776152997175E+06	+0.00000000000000E+00	+4.94776283153534E+06	+4.94773613307953E+06	+4.94778692699433E+06 	0	0	0	0
		B	s1	34	3:47:27 PM	0.0003985329	+5.56172671146089E-11	+1.54143562313543E-14	+6.71270182664554E-02	+2.14197731018066E+01	+4.94776150828521E+06	+0.00000000000000E+00	+4.94776281063080E+06	+4.94773611572266E+06	+4.94778690097809E+06 	0	0	0	0
		B	s1	35	3:47:29 PM	0.0004223184	+5.49351071526364E-11	+1.54260972176725E-14	+6.70759279735604E-02	+2.14174575805664E+01	+4.94776147582206E+06	+0.00000000000000E+00	+4.94776283134461E+06	+4.94773606666565E+06	+4.94778688510895E+06 	0	0	0	0
		B	s1	36	3:47:31 PM	0.0004467933	+9.13587649692139E-11	+1.54164002301148E-14	+6.71181189086098E-02	+2.14092597961426E+01	+4.94776148083852E+06	+0.00000000000000E+00	+4.94776280990601E+06	+4.94773609737396E+06	+4.94778686443329E+06 	0	0	0	0
		B	s1	37	3:47:32 PM	0.0004719576	+5.56511421404580E-11	+1.54382176334305E-14	+6.70232666314236E-02	+2.14137191772461E+01	+4.94776149764204E+06	+0.00000000000000E+00	+4.94776284332276E+06	+4.94773607295990E+06	+4.94778692245484E+06 	0	0	0	0
		B	s1	38	3:47:35 PM	0.0004978114	+9.36477282821241E-11	+1.54389137548216E-14	+6.70202440446797E-02	+2.13976535797119E+01	+4.94776151946221E+06	+0.00000000000000E+00	+4.94776284324646E+06	+4.94773611270905E+06	+4.94778692634583E+06 	0	0	0	0
		B	s1	39	3:47:37 PM	0.0005243546	+9.13866028832680E-11	+1.54438551060480E-14	+6.69988008797415E-02	+2.13956089019775E+01	+4.94776150647313E+06	+0.00000000000000E+00	+4.94776282257080E+06	+4.94773609401703E+06	+4.94778691905976E+06 	0	0	0	0
		B	s1	40	3:47:39 PM	0.0005515873	+5.69766856234781E-11	+1.54436212815450E-14	+6.69998145854612E-02	+2.13879032135010E+01	+4.94776153199351E+06	+0.00000000000000E+00	+4.94776286251068E+06	+4.94773612907410E+06	+4.94778693504334E+06 	0	0	0	0
		B	s1	41	3:47:41 PM	0.0005795093	+9.69887018191737E-11	+1.54799043899522E-14	+6.68427751982874E-02	+2.13881912231445E+01	+4.94776151564722E+06	+0.00000000000000E+00	+4.94776293090821E+06	+4.94773605270386E+06	+4.94778697872162E+06 	0	0	0	0
		B	s1	42	3:47:43 PM	0.0006081209	+5.94758265565703E-11	+1.54477423096690E-14	+6.69819402456107E-02	+2.13808326721191E+01	+4.94776155608333E+06	+0.00000000000000E+00	+4.94776291427612E+06	+4.94773615478516E+06	+4.94778695751190E+06 	0	0	0	0
		B	s1	43	3:47:45 PM	0.0006374218	+5.96256872237942E-11	+1.54610241642510E-14	+6.69243990777212E-02	+2.13572521209717E+01	+4.94776155846755E+06	+0.00000000000000E+00	+4.94776288635254E+06	+4.94773616336823E+06	+4.94778695369721E+06 	0	0	0	0
		B	s1	44	3:47:46 PM	0.0006674122	+6.13519218394971E-11	+1.54741273294320E-14	+6.68677288480834E-02	+2.13576946258545E+01	+4.94776156060366E+06	+0.00000000000000E+00	+4.94776295658112E+06	+4.94773614345551E+06	+4.94778697788239E+06 	0	0	0	0
		B	s1	45	3:47:48 PM	0.0006980920	+9.65972178844023E-11	+1.54824833060196E-14	+6.68316391767790E-02	+2.13563232421875E+01	+4.94776159062527E+06	+0.00000000000000E+00	+4.94776291847229E+06	+4.94773616138458E+06	+4.94778701999665E+06 	0	0	0	0
		B	s1	46	3:47:50 PM	0.0007294612	+6.27912081594745E-11	+1.54598297876151E-14	+6.69295688859135E-02	+2.13553085327148E+01	+4.94776157899064E+06	+0.00000000000000E+00	+4.94776293701172E+06	+4.94773618816376E+06	+4.94778696994782E+06 	0	0	0	0
		B	s1	47	3:47:53 PM	0.0007615199	+6.46223930939696E-11	+1.54732356351365E-14	+6.68715823430146E-02	+2.13670997619629E+01	+4.94776155949735E+06	+0.00000000000000E+00	+4.94776299240112E+06	+4.94773613262177E+06	+4.94778698650360E+06 	0	0	0	0
		B	s1	48	3:47:55 PM	0.0007942680	+6.28376205927441E-11	+1.54904151805538E-14	+6.67974186213263E-02	+2.13484458923340E+01	+4.94776156775614E+06	+0.00000000000000E+00	+4.94776294746399E+06	+4.94773613487244E+06	+4.94778700077057E+06 	0	0	0	0
		B	s1	49	3:47:57 PM	0.0008277056	+3.04923449961532E-11	+1.54803824328376E-14	+6.68407091677254E-02	+2.13700675964355E+01	+4.94776158553258E+06	+0.00000000000000E+00	+4.94776302967072E+06	+4.94773614337921E+06	+4.94778702781677E+06 	0	0	0	0
		B	s1	50	3:47:59 PM	0.0008618326	+6.64888153167761E-11	+1.54679563075463E-14	+6.68944051918966E-02	+2.13559055328369E+01	+4.94776159335290E+06	+0.00000000000000E+00	+4.94776296405792E+06	+4.94773618846893E+06	+4.94778699836731E+06 	0	0	0	0
		B	s1	51	3:48:01 PM	0.0008966490	+6.36486931761350E-11	+1.54914441420922E-14	+6.67929810989556E-02	+2.13534793853760E+01	+4.94776159562246E+06	+0.00000000000000E+00	+4.94776302253723E+06	+4.94773615505219E+06	+4.94778703632355E+06 	0	0	0	0
		B	s1	52	3:48:03 PM	0.0009321549	+6.57206642227823E-11	+1.54812558115256E-14	+6.68369374094451E-02	+2.13589134216309E+01	+4.94776161973140E+06	+0.00000000000000E+00	+4.94776302959442E+06	+4.94773618942261E+06	+4.94778705017090E+06 	0	0	0	0
		B	s1	53	3:48:05 PM	0.0009683502	+6.75905545461557E-11	+1.54919968026007E-14	+6.67905977593176E-02	+2.13689022064209E+01	+4.94776161677486E+06	+0.00000000000000E+00	+4.94776305747986E+06	+4.94773615692139E+06	+4.94778707675934E+06 	0	0	0	0
		B	s1	54	3:48:07 PM	0.0010052349	+6.85852917221807E-11	+1.54796663695561E-14	+6.68437998580926E-02	+2.13782653808594E+01	+4.94776163172852E+06	+0.00000000000000E+00	+4.94776303138733E+06	+4.94773618099213E+06	+4.94778708259583E+06 	0	0	0	0
		B	s1	55	3:48:09 PM	0.0010428090	+6.91154044974273E-11	+1.54892622069393E-14	+6.68023892663849E-02	+2.13789672851563E+01	+4.94776162522438E+06	+0.00000000000000E+00	+4.94776309951782E+06	+4.94773615787506E+06	+4.94778709270477E+06 	0	0	0	0
		B	s1	56	3:48:11 PM	0.0010810726	+7.17524794925518E-11	+1.54939236358320E-14	+6.67822916340321E-02	+2.13880138397217E+01	+4.94776161707990E+06	+0.00000000000000E+00	+4.94776306056976E+06	+4.94773613128662E+06	+4.94778710300446E+06 	0	0	0	0
		B	s1	57	3:48:13 PM	0.0011200256	+3.64258587400860E-11	+1.54859977239070E-14	+6.68164714494186E-02	+2.13925704956055E+01	+4.94776162190553E+06	+0.00000000000000E+00	+4.94776308055878E+06	+4.94773614372254E+06	+4.94778710021973E+06 	0	0	0	0
		B	s1	58	3:48:15 PM	0.0011596681	+7.05108811646944E-11	+1.54946141722765E-14	+6.67793148568044E-02	+2.13986167907715E+01	+4.94776163718329E+06	+0.00000000000000E+00	+4.94776311031342E+06	+4.94773613761902E+06	+4.94778713687897E+06 	0	0	0	0
		B	s1	59	3:48:17 PM	0.0012000000	+7.20170224079551E-11	+1.55058700149279E-14	+6.67308389893348E-02	+2.13930797576904E+01	+4.94776164445022E+06	+0.00000000000000E+00	+4.94776310756684E+06	+4.94773613296509E+06	+4.94778715606690E+06 	0	0	0	0
		T	s2 	60	3:51:58 PM	0.0012000000	+4.90793038322487E-11	+1.54511725379116E-14	+6.69669750654722E-02	+2.22670116424561E+01	+4.94776506167012E+06	+0.00000000000000E+00	+4.94776650382996E+06	+4.94773860164642E+06	+4.94779152183533E+06 	0.896000	0.415992	0.297897	0.073114
		T	s2 	61	3:52:03 PM	0.0011596681	+6.13937683395063E-11	+1.54553032951043E-14	+6.69490713825076E-02	+2.22686004638672E+01	+4.94776525900437E+06	+0.00000000000000E+00	+4.94776674369812E+06	+4.94773879001618E+06	+4.94779172813416E+06 	0.888000	0.345992	0.295258	0.070084
		T	s2 	62	3:52:09 PM	0.0011200256	+6.16814429698578E-11	+1.54586639329206E-14	+6.69345175856108E-02	+2.22811985015869E+01	+4.94776523670735E+06	+0.00000000000000E+00	+4.94776678756714E+06	+4.94773874698639E+06	+4.94779172657013E+06 	0.848000	0.339992	0.291569	0.067966
		T	s2 	63	3:52:14 PM	0.0010810726	+6.51794490337496E-11	+1.54772431242695E-14	+6.68541672623898E-02	+2.22595310211182E+01	+4.94776526606141E+06	+0.00000000000000E+00	+4.94776684513092E+06	+4.94773877029419E+06	+4.94779176197052E+06 	0.816000	0.328000	0.285647	0.064021
		T	s2 	64	3:52:20 PM	0.0010428090	+6.32378192160437E-11	+1.54774753316165E-14	+6.68531658116960E-02	+2.22720966339111E+01	+4.94776520844033E+06	+0.00000000000000E+00	+4.94776682811737E+06	+4.94773869731903E+06	+4.94779171970368E+06 	0.792000	0.298000	0.279237	0.063192
		T	s2 	65	3:52:26 PM	0.0010052349	+6.29294325936055E-11	+1.54784487029197E-14	+6.68489614288075E-02	+2.22695102691650E+01	+4.94776521889261E+06	+0.00000000000000E+00	+4.94776678016663E+06	+4.94773870918274E+06	+4.94779172874451E+06 	0.752000	0.284000	0.270977	0.060259
		T	s2 	66	3:52:31 PM	0.0009683502	+6.31389801472077E-11	+1.54728829324018E-14	+6.68730069566476E-02	+2.22815437316895E+01	+4.94776524839926E+06	+0.00000000000000E+00	+4.94776678890228E+06	+4.94773873390198E+06	+4.94779176303864E+06 	0.720000	0.274000	0.264007	0.058465
		T	s2 	67	3:52:36 PM	0.0009321549	+6.35726129617420E-11	+1.54682649027936E-14	+6.68929715756891E-02	+2.23074035644531E+01	+4.94776525679148E+06	+0.00000000000000E+00	+4.94776683002472E+06	+4.94773871944428E+06	+4.94779179428101E+06 	0.720000	0.254000	0.255903	0.054025
		T	s2 	68	3:52:41 PM	0.0008966490	+6.35285222212261E-11	+1.55084321644658E-14	+6.67197164940325E-02	+2.22969779968262E+01	+4.94776527397638E+06	+0.00000000000000E+00	+4.94776679939270E+06	+4.94773868015290E+06	+4.94779186794281E+06 	0.704000	0.226000	0.245252	0.049725
		T	s2 	69	3:52:46 PM	0.0008618326	+6.49829775460595E-11	+1.54877873376608E-14	+6.68086520296267E-02	+2.23298377990723E+01	+4.94776527954582E+06	+0.00000000000000E+00	+4.94776687362671E+06	+4.94773868198395E+06	+4.94779187725067E+06 	0.680000	0.198000	0.238104	0.047461
		T	s2 	70	3:52:51 PM	0.0008277056	+6.68368003043088E-11	+1.54903475816044E-14	+6.67976074503250E-02	+2.23433094024658E+01	+4.94776537022106E+06	+0.00000000000000E+00	+4.94776687263489E+06	+4.94773875221253E+06	+4.94779198837280E+06 	0.680000	0.204000	0.234174	0.046964
		T	s2 	71	3:52:56 PM	0.0007942680	+1.01242766167903E-10	+1.54746529551965E-14	+6.68653549237215E-02	+2.23527164459229E+01	+4.94776535791875E+06	+0.00000000000000E+00	+4.94776685909271E+06	+4.94773875568390E+06	+4.94779196029663E+06 	0.648000	0.206000	0.229463	0.046330
		T	s2 	72	3:53:01 PM	0.0007615199	+6.60304466872962E-11	+1.54763506302153E-14	+6.68580204875572E-02	+2.23116607666016E+01	+4.94776534515884E+06	+0.00000000000000E+00	+4.94776684089661E+06	+4.94773878887177E+06	+4.94779190158844E+06 	0.648000	0.206000	0.225123	0.044645
		T	s2 	73	3:53:07 PM	0.0007294612	+9.95087436862121E-11	+1.54738351854691E-14	+6.68688885065184E-02	+2.23746852874756E+01	+4.94776536362159E+06	+0.00000000000000E+00	+4.94776693344116E+06	+4.94773873664856E+06	+4.94779199073792E+06 	0.632000	0.182000	0.219763	0.044374
		T	s2 	74	3:53:13 PM	0.0006980920	+6.75768122286633E-11	+1.54660457302692E-14	+6.69025661917482E-02	+2.23978042602539E+01	+4.94776539133529E+06	+0.00000000000000E+00	+4.94776693473816E+06	+4.94773875026703E+06	+4.94779203254700E+06 	0.616000	0.176000	0.214573	0.043601
		T	s2 	75	3:53:18 PM	0.0006674122	+6.72267318625164E-11	+1.54644339451970E-14	+6.69095391304187E-02	+2.23920078277588E+01	+4.94776539135442E+06	+0.00000000000000E+00	+4.94776687995911E+06	+4.94773875995636E+06	+4.94779202289582E+06 	0.616000	0.182000	0.209624	0.041385
		T	s2 	76	3:53:24 PM	0.0006374218	+1.01539333827901E-10	+1.54551872380942E-14	+6.69495708711435E-02	+2.24284801483154E+01	+4.94776537907094E+06	+0.00000000000000E+00	+4.94776689830780E+06	+4.94773872024536E+06	+4.94779203804016E+06 	0.616000	0.172000	0.204877	0.043574
		T	s2 	77	3:53:29 PM	0.0006081209	+6.85351575520836E-11	+1.54371479478859E-14	+6.70278054549656E-02	+2.24221725463867E+01	+4.94776538837901E+06	+0.00000000000000E+00	+4.94776689403534E+06	+4.94773876815796E+06	+4.94779200874329E+06 	0.600000	0.172000	0.200331	0.039490
		T	s2 	78	3:53:35 PM	0.0005795093	+1.02384303429892E-10	+1.54428805834104E-14	+6.70029238689268E-02	+2.24511394500732E+01	+4.94776538212267E+06	+0.00000000000000E+00	+4.94776689880371E+06	+4.94773871761322E+06	+4.94779204677582E+06 	0.608000	0.192000	0.195906	0.038934
		T	s2 	79	3:53:40 PM	0.0005515873	+6.82330690378047E-11	+1.54462734118856E-14	+6.69882049326112E-02	+2.24526138305664E+01	+4.94776543779814E+06	+0.00000000000000E+00	+4.94776695430756E+06	+4.94773876567841E+06	+4.94779211006165E+06 	0.576000	0.170000	0.190184	0.037655
		T	s2 	80	3:53:45 PM	0.0005243546	+3.96719770395907E-11	+1.54532300242198E-14	+6.69580479506306E-02	+2.25049037933350E+01	+4.94776546602650E+06	+0.00000000000000E+00	+4.94776693290711E+06	+4.94773871974945E+06	+4.94779221244812E+06 	0.552000	0.156000	0.186607	0.037175
		T	s2 	81	3:53:50 PM	0.0004978114	+6.92011050932044E-11	+1.54383982569569E-14	+6.70223745865751E-02	+2.25018978118896E+01	+4.94776548027455E+06	+0.00000000000000E+00	+4.94776699367523E+06	+4.94773876323700E+06	+4.94779219745636E+06 	0.568000	0.160000	0.180792	0.036097
		T	s2 	82	3:53:55 PM	0.0004719576	+7.45240135034035E-11	+1.54345894898135E-14	+6.70389114554423E-02	+2.25341873168945E+01	+4.94776555878085E+06	+0.00000000000000E+00	+4.94776702125550E+06	+4.94773881000519E+06	+4.94779230770111E+06 	0.544000	0.150000	0.177311	0.035949
		T	s2 	83	3:54:00 PM	0.0004467933	+4.15195315439377E-11	+1.54293995693148E-14	+6.70614612286390E-02	+2.25583229064941E+01	+4.94776555199058E+06	+0.00000000000000E+00	+4.94776698242188E+06	+4.94773878356934E+06	+4.94779232055664E+06 	0.536000	0.154000	0.171427	0.034957
		T	s2 	84	3:54:06 PM	0.0004223184	+7.55809943134514E-11	+1.54286505758300E-14	+6.70647152076582E-02	+2.26046829223633E+01	+4.94776560959222E+06	+0.00000000000000E+00	+4.94776706634522E+06	+4.94773878746033E+06	+4.94779243186951E+06 	0.504000	0.156000	0.166906	0.033756
		T	s2 	85	3:54:11 PM	0.0003985329	+4.22956080893330E-11	+1.54286352635562E-14	+6.70647795576786E-02	+2.26347637176514E+01	+4.94776569107396E+06	+0.00000000000000E+00	+4.94776710884094E+06	+4.94773883327484E+06	+4.94779254901886E+06 	0.504000	0.144000	0.162109	0.033124
		T	s2 	86	3:54:17 PM	0.0003754369	+5.33662946595795E-11	+1.54036315049101E-14	+6.71736356992016E-02	+2.27078742980957E+01	+4.94776591024715E+06	+0.00000000000000E+00	+4.94776725051880E+06	+4.94773900936127E+06	+4.94779281127930E+06 	0.496000	0.164000	0.157831	0.032111
		T	s2 	87	3:54:22 PM	0.0003530302	+6.46231865455159E-11	+1.53803188634416E-14	+6.72754464660635E-02	+2.28272209167480E+01	+4.94776618000292E+06	+0.00000000000000E+00	+4.94776747455597E+06	+4.94773917865753E+06	+4.94779318149567E+06 	0.512000	0.186000	0.153173	0.031886
		T	s2 	88	3:54:28 PM	0.0003313131	+7.70520697204410E-11	+1.53689287767852E-14	+6.73252961035093E-02	+2.28667430877686E+01	+4.94776650907764E+06	+0.00000000000000E+00	+4.94776773517609E+06	+4.94773948101044E+06	+4.94779353729248E+06 	0.464000	0.148000	0.147950	0.030503
		T	s2 	89	3:54:33 PM	0.0003102853	+9.83838163665310E-11	+1.53844793796539E-14	+6.72572323534566E-02	+2.29762973785400E+01	+4.94776693086785E+06	+0.00000000000000E+00	+4.94776817268372E+06	+4.94773974582672E+06	+4.94779411605835E+06 	0.456000	0.128000	0.144803	0.030062
		T	s2 	90	3:54:39 PM	0.0002899470	+9.22226758215928E-11	+1.53693992965175E-14	+6.73232072825185E-02	+2.30550384521484E+01	+4.94776752769595E+06	+0.00000000000000E+00	+4.94776866619110E+06	+4.94774027622223E+06	+4.94779477931976E+06 	0.440000	0.152000	0.139917	0.029058
		T	s2 	91	3:54:44 PM	0.0002702982	+1.13965930727976E-10	+1.53732980417567E-14	+6.73061195381652E-02	+2.31845684051514E+01	+4.94776805118597E+06	+0.00000000000000E+00	+4.94776920391083E+06	+4.94774063964844E+06	+4.94779546287537E+06 	0.424000	0.124000	0.135258	0.028220
		T	s2 	92	3:54:49 PM	0.0002513387	+4.57350793788892E-11	+1.53573015922114E-14	+6.73762112923255E-02	+2.32628440856934E+01	+4.94776862197877E+06	+0.00000000000000E+00	+4.94776969562531E+06	+4.94774114650727E+06	+4.94779609760285E+06 	0.440000	0.154000	0.130502	0.027198
		T	s2 	93	3:54:55 PM	0.0002330687	+4.91366680388209E-11	+1.53572954764142E-14	+6.73762182729519E-02	+2.33319320678711E+01	+4.94776935085252E+06	+0.00000000000000E+00	+4.94777032760620E+06	+4.94774179378510E+06	+4.94779690807343E+06 	0.416000	0.124000	0.124918	0.026233
		T	s2 	94	3:55:00 PM	0.0002154881	+1.12814079260806E-10	+1.53429289606663E-14	+6.74392868309915E-02	+2.33152046203613E+01	+4.94777008029919E+06	+0.00000000000000E+00	+4.94777105960846E+06	+4.94774256874085E+06	+4.94779759201050E+06 	0.384000	0.102000	0.120748	0.025186
		T	s2 	95	3:55:06 PM	0.0001985970	+5.22110943832307E-11	+1.53684050193920E-14	+6.73274765423419E-02	+2.33062744140625E+01	+4.94777069850883E+06	+0.00000000000000E+00	+4.94777168426514E+06	+4.94774315181732E+06	+4.94779824535370E+06 	0.368000	0.112000	0.117037	0.024672
		T	s2 	96	3:55:11 PM	0.0001823953	+4.34201463928957E-11	+1.53810185347861E-14	+6.72722539223654E-02	+2.32578125000000E+01	+4.94777104274730E+06	+0.00000000000000E+00	+4.94777208820343E+06	+4.94774353076935E+06	+4.94779855487824E+06 	0.392000	0.124000	0.110413	0.025178
		T	s2 	97	3:55:17 PM	0.0001668830	+9.41685501987429E-11	+1.53797660605716E-14	+6.72777183181742E-02	+2.32453823089600E+01	+4.94777155830373E+06	+0.00000000000000E+00	+4.94777252666474E+06	+4.94774406326294E+06	+4.94779905349732E+06 	0.344000	0.116000	0.105681	0.023085
		T	s2 	98	3:55:22 PM	0.0001520602	+4.67971423213840E-11	+1.53606706751702E-14	+6.73613484778144E-02	+2.31386718750000E+01	+4.94777174627383E+06	+0.00000000000000E+00	+4.94777273216248E+06	+4.94774441143036E+06	+4.94779908126831E+06 	0.344000	0.108000	0.100733	0.021898
		T	s2 	99	3:55:28 PM	0.0001379268	+9.16701983462759E-11	+1.53691738219741E-14	+6.73240711964754E-02	+2.30880107879639E+01	+4.94777207521542E+06	+0.00000000000000E+00	+4.94777309574127E+06	+4.94774478511810E+06	+4.94779936546326E+06 	0.328000	0.106000	0.096642	0.021952
		T	s2 	100	3:55:33 PM	0.0001244828	+4.83293447540521E-11	+1.53755714006632E-14	+6.72960489233782E-02	+2.31011600494385E+01	+4.94777242767423E+06	+0.00000000000000E+00	+4.94777345180512E+06	+4.94774511066437E+06	+4.94779974483490E+06 	0.320000	0.134000	0.091903	0.020446
		T	s2 	101	3:55:39 PM	0.0001117283	+9.75755347321019E-11	+1.53721212172001E-14	+6.73111433597223E-02	+2.30713481903076E+01	+4.94777278680913E+06	+0.00000000000000E+00	+4.94777376335144E+06	+4.94774551116944E+06	+4.94780006259918E+06 	0.312000	0.114000	0.088313	0.019838
		T	s2 	102	3:55:45 PM	0.0000996632	+8.66328962566058E-11	+1.53594491281504E-14	+6.73666692991428E-02	+2.30595397949219E+01	+4.94777308557642E+06	+0.00000000000000E+00	+4.94777416042328E+06	+4.94774584636688E+06	+4.94780032493591E+06 	0.312000	0.096000	0.083131	0.019657
		T	s2 	103	3:55:50 PM	0.0000882876	+1.00487453222467E-10	+1.53587267841890E-14	+6.73698275140910E-02	+2.30498504638672E+01	+4.94777345794816E+06	+0.00000000000000E+00	+4.94777451034546E+06	+4.94774623146057E+06	+4.94780068458557E+06 	0.288000	0.100000	0.077321	0.019215
		T	s2 	104	3:55:55 PM	0.0000776013	+1.18450255782384E-10	+1.54006553002887E-14	+6.71864048252822E-02	+2.30374984741211E+01	+4.94777372741805E+06	+0.00000000000000E+00	+4.94777480598450E+06	+4.94774644123078E+06	+4.94780101375580E+06 	0.256000	0.114000	0.072506	0.019567
		T	s2 	105	3:56:00 PM	0.0000676045	+6.98124469742092E-11	+1.53853926691639E-14	+6.72530461599503E-02	+2.30139732360840E+01	+4.94777405786650E+06	+0.00000000000000E+00	+4.94777511283875E+06	+4.94774682655335E+06	+4.94780128932953E+06 	0.248000	0.118000	0.067188	0.017434
		T	s2 	106	3:56:05 PM	0.0000582972	+8.56065191794531E-11	+1.53852256437289E-14	+6.72537689244669E-02	+2.30098037719727E+01	+4.94777432821412E+06	+0.00000000000000E+00	+4.94777545665741E+06	+4.94774710212708E+06	+4.94780155445099E+06 	0.248000	0.092000	0.062904	0.017005
		T	s2 	107	3:56:11 PM	0.0000496793	+1.07582273608324E-11	+1.53633014885436E-14	+6.73497333912290E-02	+2.29392910003662E+01	+4.94777468931404E+06	+0.00000000000000E+00	+4.94777583217621E+06	+4.94774758533478E+06	+4.94780179344177E+06 	0.232000	0.096000	0.059281	0.015810
		T	s2 	108	3:56:17 PM	0.0000417508	+9.86775995238960E-11	+1.53865769555595E-14	+6.72478406217063E-02	+2.28999443054199E+01	+4.94777513029307E+06	+0.00000000000000E+00	+4.94777629405975E+06	+4.94774803180695E+06	+4.94780222892761E+06 	0.232000	0.112000	0.053461	0.017430
		T	s2 	109	3:56:22 PM	0.0000345117	+8.32884309053666E-11	+1.53767475781075E-14	+6.72908195726594E-02	+2.28893871307373E+01	+4.94777543615566E+06	+0.00000000000000E+00	+4.94777662460327E+06	+4.94774836746216E+06	+4.94780250499726E+06 	0.208000	0.082000	0.050318	0.014651
		T	s2 	110	3:56:28 PM	0.0000279621	+4.60256511214922E-11	+1.54297186487879E-14	+6.70597923481966E-02	+2.28448448181152E+01	+4.94777595812047E+06	+0.00000000000000E+00	+4.94777711444855E+06	+4.94774884902954E+06	+4.94780306735993E+06 	0.192000	0.078000	0.046047	0.015867
		T	s2 	111	3:56:33 PM	0.0000221019	+9.57429461899572E-11	+1.54091964531590E-14	+6.71490951130766E-02	+2.28308620452881E+01	+4.94777626972430E+06	+0.00000000000000E+00	+4.94777747005463E+06	+4.94774921325684E+06	+4.94780332633972E+06 	0.192000	0.132000	0.039824	0.014090
		T	s2 	112	3:56:39 PM	0.0000169311	+8.42075161546429E-11	+1.54113063871426E-14	+6.71398912649971E-02	+2.28683338165283E+01	+4.94777665983405E+06	+0.00000000000000E+00	+4.94777789096832E+06	+4.94774955524445E+06	+4.94780376457215E+06 	0.152000	0.096000	0.038189	0.023003
		T	s2 	113	3:56:45 PM	0.0000124498	+4.07609518392480E-11	+1.54455650566522E-14	+6.69909626064314E-02	+2.27867145538330E+01	+4.94777705179440E+06	+0.00000000000000E+00	+4.94777833744049E+06	+4.94774998390198E+06	+4.94780411983490E+06 	0.120000	0.098000	0.033456	0.013518
		T	s2 	114	3:56:50 PM	0.0000086579	+1.21324756330554E-10	+1.54332011130924E-14	+6.70446230268084E-02	+2.28197669982910E+01	+4.94777733970858E+06	+0.00000000000000E+00	+4.94777869346619E+06	+4.94775025424957E+06	+4.94780442531586E+06 	0.128000	0.094000	0.027435	0.011909
		T	s2 	115	3:56:56 PM	0.0000055555	+7.27801514364048E-11	+1.54882987550763E-14	+6.68061110682098E-02	+2.28761959075928E+01	+4.94777768360264E+06	+0.00000000000000E+00	+4.94777897750855E+06	+4.94775043422699E+06	+4.94780493312836E+06 	0.120000	0.086000	0.025376	0.016018
		T	s2 	116	3:57:01 PM	0.0000031425	+5.36109660058761E-11	+1.54845901151036E-14	+6.68221066827596E-02	+2.28888645172119E+01	+4.94777786119582E+06	+0.00000000000000E+00	+4.94777918388367E+06	+4.94775060325623E+06	+4.94780511928559E+06 	0.112000	0.068000	0.023162	0.023221
		T	s2 	117	3:57:07 PM	0.0000014189	+9.70167406359262E-11	+1.54898903683507E-14	+6.67992372467793E-02	+2.29270458221436E+01	+4.94777803087325E+06	+0.00000000000000E+00	+4.94777941448212E+06	+4.94775071811676E+06	+4.94780534378052E+06 	0.112000	0.060000	0.030089	0.012000
		T	s2 	118	3:57:12 PM	0.0000003847	+1.31076952690225E-10	+1.55200756023553E-14	+6.66693210942389E-02	+2.31264801025391E+01	+4.94777793022085E+06	+0.00000000000000E+00	+4.94777950809479E+06	+4.94775032619476E+06	+4.94780553440094E+06 	0.112000	0.116000	0.015093	0.013449
		T	s2 	119	3:57:18 PM	0.0000000400	+7.28593470613688E-11	+1.54718828153704E-14	+6.68769699759172E-02	+2.28712062835693E+01	+4.94777855478432E+06	+0.00000000000000E+00	+4.94777923637390E+06	+4.94775134021759E+06	+4.94780576950074E+06 	0.104000	0.086000	0.018385	0.012742
		B	s3	120	3:59:33 PM	0.0000000400	+1.50445163556264E-10	+1.52943680261001E-14	+6.76536623456076E-02	+2.25413761138916E+01	+4.94776093945075E+06	+0.00000000000000E+00	+4.94776234062195E+06	+4.94773442527771E+06	+4.94778745376587E+06 	0	0	0	0
		B	s3	121	3:59:34 PM	0.0000003847	+9.17395336514680E-11	+1.54908994744878E-14	+6.67953270820763E-02	+2.26777439117432E+01	+4.94776168787256E+06	+0.00000000000000E+00	+4.94776257476807E+06	+4.94773467052460E+06	+4.94778870536804E+06 	0	0	0	0
		B	s3	122	3:59:36 PM	0.0000014189	+2.74884894362124E-11	+1.53758951220008E-14	+6.72949252275829E-02	+2.25706443786621E+01	+4.94776165117695E+06	+0.00000000000000E+00	+4.94776310394287E+06	+4.94773496105194E+06	+4.94778834144593E+06 	0	0	0	0
		B	s3	123	3:59:38 PM	0.0000031425	+6.61156733709237E-11	+1.54356974818706E-14	+6.70342043204671E-02	+2.24772701263428E+01	+4.94776168396431E+06	+0.00000000000000E+00	+4.94776304550171E+06	+4.94773500087738E+06	+4.94778836719513E+06 	0	0	0	0
		B	s3	124	3:59:40 PM	0.0000055555	+6.80335172529136E-11	+1.54125710050075E-14	+6.71347858126936E-02	+2.23845195770264E+01	+4.94776179295101E+06	+0.00000000000000E+00	+4.94776313587189E+06	+4.94773525978089E+06	+4.94778832626343E+06 	0	0	0	0
		B	s3	125	3:59:42 PM	0.0000086579	+3.21237000538130E-11	+1.53989251493445E-14	+6.71942791608493E-02	+2.22933254241943E+01	+4.94776174030890E+06	+0.00000000000000E+00	+4.94776309230805E+06	+4.94773533863068E+06	+4.94778814212799E+06 	0	0	0	0
		B	s3	126	3:59:45 PM	0.0000124498	+3.05278968777759E-11	+1.53581206503320E-14	+6.73728067612639E-02	+2.22274398803711E+01	+4.94776169361779E+06	+0.00000000000000E+00	+4.94776315906525E+06	+4.94773543972016E+06	+4.94778794765472E+06 	0	0	0	0
		B	s3	127	3:59:47 PM	0.0000169311	+6.15124082393362E-11	+1.54150052469297E-14	+6.71241865397916E-02	+2.21148796081543E+01	+4.94776171055523E+06	+0.00000000000000E+00	+4.94776307682038E+06	+4.94773549285889E+06	+4.94778792839050E+06 	0	0	0	0
		B	s3	128	3:59:49 PM	0.0000221019	+6.52133035628044E-11	+1.53926248397862E-14	+6.72217834540561E-02	+2.20920276641846E+01	+4.94776169605973E+06	+0.00000000000000E+00	+4.94776299594879E+06	+4.94773554347992E+06	+4.94778784877777E+06 	0	0	0	0
		B	s3	129	3:59:52 PM	0.0000279621	+1.32855789471220E-10	+1.54126500628551E-14	+6.71344444956479E-02	+2.20326385498047E+01	+4.94776168074391E+06	+0.00000000000000E+00	+4.94776304241181E+06	+4.94773556453705E+06	+4.94778779708863E+06 	0	0	0	0
		B	s3	130	3:59:54 PM	0.0000345117	+6.47422760079375E-11	+1.53879167077665E-14	+6.72423521527008E-02	+2.19456119537354E+01	+4.94776164730885E+06	+0.00000000000000E+00	+4.94776292732239E+06	+4.94773567600250E+06	+4.94778761875153E+06 	0	0	0	0
		B	s3	131	3:59:56 PM	0.0000417508	+6.36483778705012E-11	+1.53972109768078E-14	+6.72017622561642E-02	+2.18705291748047E+01	+4.94776165373700E+06	+0.00000000000000E+00	+4.94776288436890E+06	+4.94773575565338E+06	+4.94778755195618E+06 	0	0	0	0
		B	s3	132	3:59:58 PM	0.0000496793	+9.63965067832784E-11	+1.53944934040837E-14	+6.72136261855234E-02	+2.18803348541260E+01	+4.94776162144555E+06	+0.00000000000000E+00	+4.94776299041748E+06	+4.94773571632385E+06	+4.94778752670288E+06 	0	0	0	0
		B	s3	133	4:00:01 PM	0.0000582972	+6.31723618204757E-11	+1.54019492987796E-14	+6.71810883115041E-02	+2.18300666809082E+01	+4.94776164288440E+06	+0.00000000000000E+00	+4.94776294677735E+06	+4.94773578475952E+06	+4.94778750114441E+06 	0	0	0	0
		B	s3	134	4:00:02 PM	0.0000676045	+9.53732492125270E-11	+1.53816543621924E-14	+6.72697289243743E-02	+2.18017120361328E+01	+4.94776163489296E+06	+0.00000000000000E+00	+4.94776291229248E+06	+4.94773584438324E+06	+4.94778742553711E+06 	0	0	0	0
		B	s3	135	4:00:04 PM	0.0000776013	+9.56595952209401E-11	+1.53912130308849E-14	+6.72279524153594E-02	+2.18171768188477E+01	+4.94776159209188E+06	+0.00000000000000E+00	+4.94776291355133E+06	+4.94773576725006E+06	+4.94778741706848E+06 	0	0	0	0
		B	s3	136	4:00:06 PM	0.0000882876	+6.17476349858436E-11	+1.53898495530267E-14	+6.72339074862998E-02	+2.17882976531982E+01	+4.94776163077310E+06	+0.00000000000000E+00	+4.94776289459229E+06	+4.94773584239960E+06	+4.94778741928101E+06 	0	0	0	0
		B	s3	137	4:00:08 PM	0.0000996632	+5.51083299580753E-11	+1.53795640425711E-14	+6.72788730250797E-02	+2.17725048065186E+01	+4.94776159413312E+06	+0.00000000000000E+00	+4.94776287025452E+06	+4.94773584167481E+06	+4.94778734672547E+06 	0	0	0	0
		B	s3	138	4:00:09 PM	0.0001117283	+6.08992607671960E-11	+1.54216072633284E-14	+6.70954528437344E-02	+2.17898731231689E+01	+4.94776162638591E+06	+0.00000000000000E+00	+4.94776295349121E+06	+4.94773578292847E+06	+4.94778746997833E+06 	0	0	0	0
		B	s3	139	4:00:12 PM	0.0001244828	+6.27543893628696E-11	+1.53937687096142E-14	+6.72167904361106E-02	+2.17356586456299E+01	+4.94776162049278E+06	+0.00000000000000E+00	+4.94776292663574E+06	+4.94773588787079E+06	+4.94778735324860E+06 	0	0	0	0
		B	s3	140	4:00:14 PM	0.0001379268	+6.16756419779499E-11	+1.53912859637391E-14	+6.72276319086207E-02	+2.17390193939209E+01	+4.94776166354164E+06	+0.00000000000000E+00	+4.94776295417786E+06	+4.94773593109131E+06	+4.94778739612579E+06 	0	0	0	0
		B	s3	141	4:00:16 PM	0.0001520602	+9.74240400169225E-11	+1.54158420254767E-14	+6.71205446431780E-02	+2.17317886352539E+01	+4.94776165036169E+06	+0.00000000000000E+00	+4.94776301483154E+06	+4.94773588542938E+06	+4.94778741542816E+06 	0	0	0	0
		B	s3	142	4:00:18 PM	0.0001668830	+5.93972233587133E-11	+1.54074235432921E-14	+6.71572187206947E-02	+2.16976909637451E+01	+4.94776165051456E+06	+0.00000000000000E+00	+4.94776293788910E+06	+4.94773594005585E+06	+4.94778736110687E+06 	0	0	0	0
		B	s3	143	4:00:21 PM	0.0001823953	+6.23231675780401E-11	+1.54121314027841E-14	+6.71367050506523E-02	+2.17012653350830E+01	+4.94776163289060E+06	+0.00000000000000E+00	+4.94776295955658E+06	+4.94773591033936E+06	+4.94778735557556E+06 	0	0	0	0
		B	s3	144	4:00:22 PM	0.0001985970	+6.06669255553037E-11	+1.53842712609945E-14	+6.72582855485675E-02	+2.16643943786621E+01	+4.94776165862120E+06	+0.00000000000000E+00	+4.94776291713715E+06	+4.94773602619171E+06	+4.94778729118347E+06 	0	0	0	0
		B	s3	145	4:00:25 PM	0.0002154881	+6.00771858413405E-11	+1.54107253657993E-14	+6.71428307245364E-02	+2.16544189453125E+01	+4.94776162240048E+06	+0.00000000000000E+00	+4.94776294811249E+06	+4.94773595771790E+06	+4.94778728721619E+06 	0	0	0	0
		B	s3	146	4:00:27 PM	0.0002330687	+6.13101226278608E-11	+1.54149838407331E-14	+6.71242828602281E-02	+2.16363544464111E+01	+4.94776159602192E+06	+0.00000000000000E+00	+4.94776293601990E+06	+4.94773594566345E+06	+4.94778724651337E+06 	0	0	0	0
		B	s3	147	4:00:29 PM	0.0002513387	+5.83658591099614E-11	+1.54113062266860E-14	+6.71403002666994E-02	+2.16285629272461E+01	+4.94776161526715E+06	+0.00000000000000E+00	+4.94776290382385E+06	+4.94773598026276E+06	+4.94778725040436E+06 	0	0	0	0
		B	s3	148	4:00:30 PM	0.0002702982	+5.87365320506433E-11	+1.54402584738596E-14	+6.70144045167750E-02	+2.16096267700195E+01	+4.94776161610625E+06	+0.00000000000000E+00	+4.94776287933350E+06	+4.94773595542908E+06	+4.94778727691651E+06 	0	0	0	0
		B	s3	149	4:00:32 PM	0.0002899470	+1.00736359381278E-10	+1.54251437722584E-14	+6.70800702514019E-02	+2.16916408538818E+01	+4.94776161450370E+06	+0.00000000000000E+00	+4.94776297573090E+06	+4.94773588165283E+06	+4.94778734748840E+06 	0	0	0	0
		B	s3	150	4:00:35 PM	0.0003102853	+9.82451711982971E-11	+1.53931400599112E-14	+6.72195345743953E-02	+2.16631259918213E+01	+4.94776165614158E+06	+0.00000000000000E+00	+4.94776295158386E+06	+4.94773601043701E+06	+4.94778730197907E+06 	0	0	0	0
		B	s3	151	4:00:36 PM	0.0003313131	+9.83862203355183E-11	+1.54205899111172E-14	+6.70998783133931E-02	+2.16376552581787E+01	+4.94776166548750E+06	+0.00000000000000E+00	+4.94776294849396E+06	+4.94773600425720E+06	+4.94778732685089E+06 	0	0	0	0
		B	s3	152	4:00:38 PM	0.0003530302	+9.81508867528382E-11	+1.54194448089723E-14	+6.71048624358581E-02	+2.16677150726318E+01	+4.94776162678722E+06	+0.00000000000000E+00	+4.94776294372559E+06	+4.94773593181610E+06	+4.94778732189179E+06 	0	0	0	0
		B	s3	153	4:00:40 PM	0.0003754369	+5.95396544920769E-11	+1.54215594099155E-14	+6.70956603914968E-02	+2.16353302001953E+01	+4.94776165038131E+06	+0.00000000000000E+00	+4.94776294929505E+06	+4.94773599029541E+06	+4.94778731060028E+06 	0	0	0	0
		B	s3	154	4:00:42 PM	0.0003985329	+6.11799889819575E-11	+1.54175843411285E-14	+6.71129604220292E-02	+2.16426620483398E+01	+4.94776161496183E+06	+0.00000000000000E+00	+4.94776290538788E+06	+4.94773595279694E+06	+4.94778727725983E+06 	0	0	0	0
		B	s3	155	4:00:44 PM	0.0004223184	+9.50835340447219E-11	+1.54007893000000E-14	+6.71861490501537E-02	+2.16425113677979E+01	+4.94776162043607E+06	+0.00000000000000E+00	+4.94776291000366E+06	+4.94773598640442E+06	+4.94778725460053E+06 	0	0	0	0
		B	s3	156	4:00:46 PM	0.0004467933	+9.53511556926266E-11	+1.54254130151375E-14	+6.70788994653690E-02	+2.16387844085693E+01	+4.94776161217706E+06	+0.00000000000000E+00	+4.94776292469025E+06	+4.94773594158173E+06	+4.94778728290558E+06 	0	0	0	0
		B	s3	157	4:00:48 PM	0.0004719576	+5.98391890037461E-11	+1.54439897000418E-14	+6.69982139009790E-02	+2.16308059692383E+01	+4.94776162041670E+06	+0.00000000000000E+00	+4.94776294765473E+06	+4.94773592838288E+06	+4.94778731258393E+06 	0	0	0	0
		B	s3	158	4:00:49 PM	0.0004978114	+6.01257927567175E-11	+1.54607775193192E-14	+6.69254654532898E-02	+2.16329040527344E+01	+4.94776160525312E+06	+0.00000000000000E+00	+4.94776291885376E+06	+4.94773588279724E+06	+4.94778732784272E+06 	0	0	0	0
		B	s3	159	4:00:51 PM	0.0005243546	+9.78843513974962E-11	+1.54501125067212E-14	+6.69716628698904E-02	+2.16390724182129E+01	+4.94776161875720E+06	+0.00000000000000E+00	+4.94776294425965E+06	+4.94773590671539E+06	+4.94778733093262E+06 	0	0	0	0
		B	s3	160	4:00:53 PM	0.0005515873	+9.88820840635493E-11	+1.54740795580714E-14	+6.68679330226228E-02	+2.16245326995850E+01	+4.94776164416296E+06	+0.00000000000000E+00	+4.94776294113159E+06	+4.94773590953827E+06	+4.94778737892151E+06 	0	0	0	0
		B	s3	161	4:00:54 PM	0.0005795093	+6.66857808830943E-11	+1.54751812910786E-14	+6.68631734384799E-02	+2.16299648284912E+01	+4.94776160786608E+06	+0.00000000000000E+00	+4.94776301181793E+06	+4.94773586494446E+06	+4.94778735092163E+06 	0	0	0	0
		B	s3	162	4:00:56 PM	0.0006081209	+6.25165497392415E-11	+1.54791104067636E-14	+6.68462009010380E-02	+2.16049594879150E+01	+4.94776162373534E+06	+0.00000000000000E+00	+4.94776301502228E+06	+4.94773590404511E+06	+4.94778734355927E+06 	0	0	0	0
		B	s3	163	4:00:58 PM	0.0006374218	+6.63118685658145E-11	+1.54640884328833E-14	+6.69111360770270E-02	+2.16062526702881E+01	+4.94776162034038E+06	+0.00000000000000E+00	+4.94776302028656E+06	+4.94773592407227E+06	+4.94778731674194E+06 	0	0	0	0
		B	s3	164	4:01:00 PM	0.0006674122	+6.62215751389604E-11	+1.54742225416949E-14	+6.68673152138796E-02	+2.15976638793945E+01	+4.94776164198875E+06	+0.00000000000000E+00	+4.94776301105499E+06	+4.94773593910217E+06	+4.94778734500885E+06 	0	0	0	0
		B	s3	165	4:01:02 PM	0.0006980920	+6.73461574506844E-11	+1.54675563205317E-14	+6.68961334862653E-02	+2.16041660308838E+01	+4.94776165169717E+06	+0.00000000000000E+00	+4.94776309814453E+06	+4.94773595214844E+06	+4.94778735137940E+06 	0	0	0	0
		B	s3	166	4:01:04 PM	0.0007294612	+6.85971169936963E-11	+1.54665900555496E-14	+6.69003121223721E-02	+2.16056919097900E+01	+4.94776167593957E+06	+0.00000000000000E+00	+4.94776303432465E+06	+4.94773597618103E+06	+4.94778737583161E+06 	0	0	0	0
		B	s3	167	4:01:05 PM	0.0007615199	+6.64818939839290E-11	+1.54771649200437E-14	+6.68546021965769E-02	+2.15887184143066E+01	+4.94776167193415E+06	+0.00000000000000E+00	+4.94776305438996E+06	+4.94773597480774E+06	+4.94778736919403E+06 	0	0	0	0
		B	s3	168	4:01:08 PM	0.0007942680	+3.24328511879676E-11	+1.54877266505926E-14	+6.68090114596105E-02	+2.15787200927734E+01	+4.94776166375160E+06	+0.00000000000000E+00	+4.94776307285309E+06	+4.94773596099854E+06	+4.94778736663819E+06 	0	0	0	0
		B	s3	169	4:01:10 PM	0.0008277056	+6.96498528423259E-11	+1.54801810222886E-14	+6.68415763160672E-02	+2.15872516632080E+01	+4.94776167832376E+06	+0.00000000000000E+00	+4.94776312133789E+06	+4.94773597793579E+06	+4.94778737884522E+06 	0	0	0	0
		B	s3	170	4:01:12 PM	0.0008618326	+7.01624849125608E-11	+1.54982244955096E-14	+6.67637571313868E-02	+2.15819778442383E+01	+4.94776169028271E+06	+0.00000000000000E+00	+4.94776311473847E+06	+4.94773596622467E+06	+4.94778741447449E+06 	0	0	0	0
		B	s3	171	4:01:13 PM	0.0008966490	+7.43402872562675E-11	+1.54721433877117E-14	+6.68762991440551E-02	+2.15917816162109E+01	+4.94776170603757E+06	+0.00000000000000E+00	+4.94776310573578E+06	+4.94773601360321E+06	+4.94778739860535E+06 	0	0	0	0
		B	s3	172	4:01:15 PM	0.0009321549	+7.35752819377899E-11	+1.54768677098018E-14	+6.68558848043037E-02	+2.15897254943848E+01	+4.94776171765330E+06	+0.00000000000000E+00	+4.94776315074921E+06	+4.94773601982117E+06	+4.94778741561890E+06 	0	0	0	0
		B	s3	173	4:01:17 PM	0.0009683502	+7.38784555026199E-11	+1.54815788172793E-14	+6.68355394427684E-02	+2.15934238433838E+01	+4.94776174887653E+06	+0.00000000000000E+00	+4.94776318180084E+06	+4.94773603881836E+06	+4.94778745906830E+06 	0	0	0	0
		B	s3	174	4:01:18 PM	0.0010052349	+7.46983430258803E-11	+1.54963834298950E-14	+6.67716865948007E-02	+2.16155891418457E+01	+4.94776178221672E+06	+0.00000000000000E+00	+4.94776315063477E+06	+4.94773602115631E+06	+4.94778754341126E+06 	0	0	0	0
		B	s3	175	4:01:20 PM	0.0010428090	+7.52134998427812E-11	+1.54929028882240E-14	+6.67866882433858E-02	+2.16120414733887E+01	+4.94776174050306E+06	+0.00000000000000E+00	+4.94776321346283E+06	+4.94773598945618E+06	+4.94778749168396E+06 	0	0	0	0
		B	s3	176	4:01:22 PM	0.0010810726	+7.37397203328096E-11	+1.54856508594639E-14	+6.68179644707694E-02	+2.16272392272949E+01	+4.94776175543757E+06	+0.00000000000000E+00	+4.94776321220398E+06	+4.94773599834442E+06	+4.94778751266480E+06 	0	0	0	0
		B	s3	177	4:01:23 PM	0.0011200256	+7.68128399209896E-11	+1.54902227910282E-14	+6.67982430782199E-02	+2.16173496246338E+01	+4.94776175927136E+06	+0.00000000000000E+00	+4.94776318401337E+06	+4.94773600635529E+06	+4.94778751232147E+06 	0	0	0	0
		B	s3	178	4:01:25 PM	0.0011596681	+7.43047565276908E-11	+1.54935952215841E-14	+6.67837036344994E-02	+2.16148853302002E+01	+4.94776174927684E+06	+0.00000000000000E+00	+4.94776315757752E+06	+4.94773599369049E+06	+4.94778750499725E+06 	0	0	0	0
		B	s3	179	4:01:27 PM	0.0012000000	+7.48002457988617E-11	+1.55012236117417E-14	+6.67508391544290E-02	+2.16297512054443E+01	+4.94776171940760E+06	+0.00000000000000E+00	+4.94776318191529E+06	+4.94773593341828E+06	+4.94778750553131E+06 	0	0	0	0

