	10/04/22	Test 11 N (today) Location 05 Ramp 01	Tip H10	Box 5b Xtal 01		DLC	500 uN	02.5%		Points/Segment: 59	
		Seg 	ID Tag	Number	Time	Power	C0	C1	L1	R1	fs	fa	fr	f1	f2	Ch1 (Pk-Pk)	Ch2 (Pk-Pk)	Ch1 (RMS)	Ch2 (RMS)	
						uW	F	F	H	Ohms	Hz	Hz	Hz	Hz	Hz	V	V	V	V	
		B	s1	0	5:03:43 PM	0.0000000400	+8.80900558249605E-12	+1.54549955326553E-14	+6.69504815820077E-02	+2.05030498504639E+01	+4.94776241334636E+06	+0.00000000000000E+00	+4.94776387016297E+06	+4.94773804344177E+06	+4.94778678337097E+06 	0	0	0	0
		B	s1	1	5:03:44 PM	0.0000003847	+4.67244522692933E-11	+1.53572867122345E-14	+6.73764367643412E-02	+2.07437934875488E+01	+4.94776274022712E+06	+0.00000000000000E+00	+4.94776403480530E+06	+4.94773824005127E+06	+4.94778724052429E+06 	0	0	0	0
		B	s1	2	5:03:47 PM	0.0000014189	+1.67644624534206E-11	+1.54155503284208E-14	+6.71217842643568E-02	+2.05787410736084E+01	+4.94776277269070E+06	+0.00000000000000E+00	+4.94776405078888E+06	+4.94773837524414E+06	+4.94778717025757E+06 	0	0	0	0
		B	s1	3	5:03:49 PM	0.0000031425	+5.57663122659076E-11	+1.54131166975686E-14	+6.71323825478828E-02	+2.05713062286377E+01	+4.94776276567172E+06	+0.00000000000000E+00	+4.94776404491425E+06	+4.94773838088989E+06	+4.94778715057373E+06 	0	0	0	0
		B	s1	4	5:03:51 PM	0.0000055555	+1.79009398853194E-11	+1.54027747040979E-14	+6.71774581683247E-02	+2.05312595367432E+01	+4.94776274902088E+06	+0.00000000000000E+00	+4.94776399299622E+06	+4.94773842803955E+06	+4.94778707012177E+06 	0	0	0	0
		B	s1	5	5:03:53 PM	0.0000086579	+4.96130000738963E-11	+1.54029259788720E-14	+6.71767970287764E-02	+2.04276714324951E+01	+4.94776279977603E+06	+0.00000000000000E+00	+4.94776396831513E+06	+4.94773860126496E+06	+4.94778699840546E+06 	0	0	0	0
		B	s1	6	5:03:55 PM	0.0000124498	+9.24070370137367E-11	+1.53393550574796E-14	+6.74552009103484E-02	+2.05101642608643E+01	+4.94776269193455E+06	+0.00000000000000E+00	+4.94776387557984E+06	+4.94773849597931E+06	+4.94778688800812E+06 	0	0	0	0
		B	s1	7	5:03:57 PM	0.0000169311	+9.58993933576224E-11	+1.53962615997509E-14	+6.72058763662787E-02	+2.04064884185791E+01	+4.94776274850667E+06	+0.00000000000000E+00	+4.94776394207001E+06	+4.94773858554840E+06	+4.94778691158295E+06 	0	0	0	0
		B	s1	8	5:03:59 PM	0.0000221019	+5.62003617008875E-11	+1.53511875146881E-14	+6.74032069879074E-02	+2.03815574645996E+01	+4.94776271028390E+06	+0.00000000000000E+00	+4.94776393630982E+06	+4.94773864749909E+06	+4.94778677318573E+06 	0	0	0	0
		B	s1	9	5:04:01 PM	0.0000279621	+5.28186196555957E-11	+1.53744719742753E-14	+6.73011245241481E-02	+2.03967113494873E+01	+4.94776275028073E+06	+0.00000000000000E+00	+4.94776402599335E+06	+4.94773863307953E+06	+4.94778686759949E+06 	0	0	0	0
		B	s1	10	5:04:03 PM	0.0000345117	+5.45831814373272E-11	+1.53568742870270E-14	+6.73782463626872E-02	+2.03746719360352E+01	+4.94776273536553E+06	+0.00000000000000E+00	+4.94776396072388E+06	+4.94773867179871E+06	+4.94778679904938E+06 	0	0	0	0
		B	s1	11	5:04:05 PM	0.0000417508	+1.00127935477835E-10	+1.53577212933136E-14	+6.73745289448729E-02	+2.03217430114746E+01	+4.94776278621574E+06	+0.00000000000000E+00	+4.94776400897980E+06	+4.94773878383637E+06	+4.94778678871155E+06 	0	0	0	0
		B	s1	12	5:04:08 PM	0.0000496793	+5.99155299497978E-11	+1.53821273833132E-14	+6.72676286322540E-02	+2.02565116882324E+01	+4.94776279914775E+06	+0.00000000000000E+00	+4.94776402652741E+06	+4.94773883579254E+06	+4.94778676261902E+06 	0	0	0	0
		B	s1	13	5:04:10 PM	0.0000582972	+1.88557429705728E-11	+1.53555326053240E-14	+6.73841317927776E-02	+2.02558364868164E+01	+4.94776279811799E+06	+0.00000000000000E+00	+4.94776401840210E+06	+4.94773887699127E+06	+4.94778671936035E+06 	0	0	0	0
		B	s1	14	5:04:12 PM	0.0000676045	+9.78333764194253E-11	+1.53902841171851E-14	+6.72319763034263E-02	+2.01914215087891E+01	+4.94776283578823E+06	+0.00000000000000E+00	+4.94776401313782E+06	+4.94773893676758E+06	+4.94778673492432E+06 	0	0	0	0
		B	s1	15	5:04:14 PM	0.0000776013	+1.99716727518771E-11	+1.53900261877573E-14	+6.72331028685252E-02	+2.02396850585938E+01	+4.94776284353179E+06	+0.00000000000000E+00	+4.94776405261994E+06	+4.94773888778687E+06	+4.94778679939270E+06 	0	0	0	0
		B	s1	16	5:04:17 PM	0.0000882876	+2.25043718293212E-11	+1.54030190782761E-14	+6.71763901104954E-02	+2.01965446472168E+01	+4.94776283241210E+06	+0.00000000000000E+00	+4.94776410526276E+06	+4.94773890754700E+06	+4.94778675739289E+06 	0	0	0	0
		B	s1	17	5:04:19 PM	0.0000996632	+1.88373091772917E-11	+1.53801834458679E-14	+6.72761284741699E-02	+2.01758499145508E+01	+4.94776288267102E+06	+0.00000000000000E+00	+4.94776404964447E+06	+4.94773901775360E+06	+4.94778674770355E+06 	0	0	0	0
		B	s1	18	5:04:21 PM	0.0001117283	+6.34573056434342E-11	+1.54013643616019E-14	+6.71836063557695E-02	+2.01341094970703E+01	+4.94776287513708E+06	+0.00000000000000E+00	+4.94776411346436E+06	+4.94773902679444E+06	+4.94778672359467E+06 	0	0	0	0
		B	s1	19	5:04:23 PM	0.0001244828	+6.53022700748834E-11	+1.53786775002145E-14	+6.72827158133042E-02	+2.01252365112305E+01	+4.94776290569302E+06	+0.00000000000000E+00	+4.94776409492493E+06	+4.94773910297394E+06	+4.94778670852661E+06 	0	0	0	0
		B	s1	20	5:04:25 PM	0.0001379268	+6.48766057918883E-11	+1.54018328961283E-14	+6.71815618427937E-02	+2.01275711059570E+01	+4.94776290241220E+06	+0.00000000000000E+00	+4.94776407722473E+06	+4.94773906108856E+06	+4.94778674385071E+06 	0	0	0	0
		B	s1	21	5:04:27 PM	0.0001520602	+1.03460832525734E-10	+1.53925340510735E-14	+6.72221478462751E-02	+2.01111316680908E+01	+4.94776287729258E+06	+0.00000000000000E+00	+4.94776407489777E+06	+4.94773906982422E+06	+4.94778668487549E+06 	0	0	0	0
		B	s1	22	5:04:30 PM	0.0001668830	+6.15801662452417E-11	+1.53905377403952E-14	+6.72308677929268E-02	+2.01005268096924E+01	+4.94776285726549E+06	+0.00000000000000E+00	+4.94776404285431E+06	+4.94773906543732E+06	+4.94778664920807E+06 	0	0	0	0
		B	s1	23	5:04:32 PM	0.0001823953	+1.01673170218366E-10	+1.53919247191169E-14	+6.72248097498439E-02	+2.00803470611572E+01	+4.94776285047544E+06	+0.00000000000000E+00	+4.94776402881622E+06	+4.94773908039093E+06	+4.94778662067414E+06 	0	0	0	0
		B	s1	24	5:04:34 PM	0.0001985970	+6.17088766881658E-11	+1.53766338505748E-14	+6.72916595603046E-02	+2.00595741271973E+01	+4.94776285207784E+06	+0.00000000000000E+00	+4.94776405101776E+06	+4.94773913017273E+06	+4.94778657409668E+06 	0	0	0	0
		B	s1	25	5:04:36 PM	0.0002154881	+6.08812824992977E-11	+1.53875947635239E-14	+6.72437269896178E-02	+2.00146465301514E+01	+4.94776282566123E+06	+0.00000000000000E+00	+4.94776402030945E+06	+4.94773914001465E+06	+4.94778651142121E+06 	0	0	0	0
		B	s1	26	5:04:39 PM	0.0002330687	+6.09976126307041E-11	+1.54231286497588E-14	+6.70888014934218E-02	+2.00185432434082E+01	+4.94776283741022E+06	+0.00000000000000E+00	+4.94776405487061E+06	+4.94773909244537E+06	+4.94778658248902E+06 	0	0	0	0
		B	s1	27	5:04:40 PM	0.0002513387	+6.07789646371434E-11	+1.54085919022172E-14	+6.71520937438854E-02	+2.00004901885986E+01	+4.94776285776184E+06	+0.00000000000000E+00	+4.94776402442932E+06	+4.94773915657044E+06	+4.94778655906677E+06 	0	0	0	0
		B	s1	28	5:04:42 PM	0.0002702982	+6.23781701519519E-11	+1.53935992253779E-14	+6.72174975614231E-02	+1.99742469787598E+01	+4.94776283262324E+06	+0.00000000000000E+00	+4.94776404796601E+06	+4.94773918556214E+06	+4.94778647979736E+06 	0	0	0	0
		B	s1	29	5:04:45 PM	0.0002899470	+1.03559155179003E-10	+1.54280466136571E-14	+6.70674157292150E-02	+1.99853649139404E+01	+4.94776283803980E+06	+0.00000000000000E+00	+4.94776406093598E+06	+4.94773912487030E+06	+4.94778655132294E+06 	0	0	0	0
		B	s1	30	5:04:46 PM	0.0003102853	+1.03898705195163E-10	+1.54179547898088E-14	+6.71113142891050E-02	+1.99549026489258E+01	+4.94776285366123E+06	+0.00000000000000E+00	+4.94776404579163E+06	+4.94773919212341E+06	+4.94778651531220E+06 	0	0	0	0
		B	s1	31	5:04:49 PM	0.0003313131	+6.19816171838768E-11	+1.54078939164369E-14	+6.71551359609718E-02	+1.99444484710693E+01	+4.94776285070497E+06	+0.00000000000000E+00	+4.94776401897431E+06	+4.94773921699524E+06	+4.94778648452759E+06 	0	0	0	0
		B	s1	32	5:04:51 PM	0.0003530302	+6.22949881845575E-11	+1.54146266412674E-14	+6.71258045260354E-02	+1.99422855377197E+01	+4.94776284130170E+06	+0.00000000000000E+00	+4.94776402709961E+06	+4.94773919982910E+06	+4.94778648288727E+06 	0	0	0	0
		B	s1	33	5:04:53 PM	0.0003754369	+1.08821798437206E-10	+1.53926814292728E-14	+6.72215035990330E-02	+1.99352703094482E+01	+4.94776290027712E+06	+0.00000000000000E+00	+4.94776403408051E+06	+4.94773930076599E+06	+4.94778649990082E+06 	0	0	0	0
		B	s1	34	5:04:55 PM	0.0003985329	+6.50618361759163E-11	+1.54369128001498E-14	+6.70288952389711E-02	+1.99084663391113E+01	+4.94776285055237E+06	+0.00000000000000E+00	+4.94776406322479E+06	+4.94773921504975E+06	+4.94778648616791E+06 	0	0	0	0
		B	s1	35	5:04:58 PM	0.0004223184	+6.58326452226321E-11	+1.54361994042328E-14	+6.70319924907205E-02	+1.99184799194336E+01	+4.94776287050319E+06	+0.00000000000000E+00	+4.94776406833649E+06	+4.94773922420502E+06	+4.94778651691437E+06 	0	0	0	0
		B	s1	36	5:05:00 PM	0.0004467933	+6.35404239299425E-11	+1.54269847078928E-14	+6.70720314515880E-02	+1.98915214538574E+01	+4.94776286815737E+06	+0.00000000000000E+00	+4.94776407661438E+06	+4.94773926795960E+06	+4.94778646846772E+06 	0	0	0	0
		B	s1	37	5:05:02 PM	0.0004719576	+6.47143540752988E-11	+1.54463630925336E-14	+6.69878852265634E-02	+1.98797321319580E+01	+4.94776288135615E+06	+0.00000000000000E+00	+4.94776407848358E+06	+4.94773926551819E+06	+4.94778649730683E+06 	0	0	0	0
		B	s1	38	5:05:04 PM	0.0004978114	+6.75828527266760E-11	+1.54251473414431E-14	+6.70800196987279E-02	+1.98636798858643E+01	+4.94776290643803E+06	+0.00000000000000E+00	+4.94776412487030E+06	+4.94773934207916E+06	+4.94778647090912E+06 	0	0	0	0
		B	s1	39	5:05:07 PM	0.0005243546	+6.98887947959605E-11	+1.54427467644207E-14	+6.70035716197894E-02	+1.98572463989258E+01	+4.94776290329081E+06	+0.00000000000000E+00	+4.94776412902832E+06	+4.94773931968689E+06	+4.94778648700714E+06 	0	0	0	0
		B	s1	40	5:05:09 PM	0.0005515873	+6.99929211061779E-11	+1.54563524088197E-14	+6.69445911610109E-02	+1.98665790557861E+01	+4.94776289369669E+06	+0.00000000000000E+00	+4.94776413902283E+06	+4.94773927822113E+06	+4.94778650928498E+06 	0	0	0	0
		B	s1	41	5:05:11 PM	0.0005795093	+7.03983635132010E-11	+1.54406874172653E-14	+6.70125076032309E-02	+1.98422908782959E+01	+4.94776291736714E+06	+0.00000000000000E+00	+4.94776412841797E+06	+4.94773935466767E+06	+4.94778648017883E+06 	0	0	0	0
		B	s1	42	5:05:13 PM	0.0006081209	+7.14385616800357E-11	+1.54463455035820E-14	+6.69879604007509E-02	+1.98388919830322E+01	+4.94776292219271E+06	+0.00000000000000E+00	+4.94776411304474E+06	+4.94773935489655E+06	+4.94778648960114E+06 	0	0	0	0
		B	s1	43	5:05:15 PM	0.0006374218	+2.96046280096496E-11	+1.54686051680641E-14	+6.68915633648354E-02	+1.98330459594727E+01	+4.94776291780568E+06	+0.00000000000000E+00	+4.94776418373108E+06	+4.94773932350159E+06	+4.94778651222229E+06 	0	0	0	0
		B	s1	44	5:05:17 PM	0.0006674122	+7.06594463766694E-11	+1.54759968193324E-14	+6.68596141433755E-02	+1.98347587585449E+01	+4.94776293439955E+06	+0.00000000000000E+00	+4.94776419071198E+06	+4.94773932678223E+06	+4.94778654212952E+06 	0	0	0	0
		B	s1	45	5:05:19 PM	0.0006980920	+7.25561333730856E-11	+1.54772354065303E-14	+6.68542633668679E-02	+1.98143272399902E+01	+4.94776294340235E+06	+0.00000000000000E+00	+4.94776418846130E+06	+4.94773935821533E+06	+4.94778652870178E+06 	0	0	0	0
		B	s1	46	5:05:22 PM	0.0007294612	+7.34446319270008E-11	+1.54763060886081E-14	+6.68582771673813E-02	+1.98126163482666E+01	+4.94776296745403E+06	+0.00000000000000E+00	+4.94776421035767E+06	+4.94773938571930E+06	+4.94778654930115E+06 	0	0	0	0
		B	s1	47	5:05:24 PM	0.0007615199	+3.37036680102647E-11	+1.54975813089439E-14	+6.67664934731615E-02	+1.98167190551758E+01	+4.94776296909417E+06	+0.00000000000000E+00	+4.94776425327301E+06	+4.94773935005188E+06	+4.94778658824921E+06 	0	0	0	0
		B	s1	48	5:05:26 PM	0.0007942680	+3.36326229033771E-11	+1.55030941713732E-14	+6.67427516872462E-02	+1.97948589324951E+01	+4.94776296108339E+06	+0.00000000000000E+00	+4.94776424903870E+06	+4.94773935970306E+06	+4.94778656257630E+06 	0	0	0	0
		B	s1	49	5:05:28 PM	0.0008277056	+3.72282897473783E-11	+1.55022179501003E-14	+6.67465233285979E-02	+1.98151912689209E+01	+4.94776299123846E+06	+0.00000000000000E+00	+4.94776431743622E+06	+4.94773936695099E+06	+4.94778661563873E+06 	0	0	0	0
		B	s1	50	5:05:30 PM	0.0008618326	+7.88914352254279E-11	+1.54982335089370E-14	+6.67636840120579E-02	+1.98021392822266E+01	+4.94776296091172E+06	+0.00000000000000E+00	+4.94776426704407E+06	+4.94773935825348E+06	+4.94778656368256E+06 	0	0	0	0
		B	s1	51	5:05:32 PM	0.0008966490	+8.01140540676699E-11	+1.54965110791153E-14	+6.67711038772320E-02	+1.98029956817627E+01	+4.94776299375627E+06	+0.00000000000000E+00	+4.94776429042816E+06	+4.94773939270020E+06	+4.94778659492493E+06 	0	0	0	0
		B	s1	52	5:05:35 PM	0.0009321549	+8.44357129188062E-11	+1.55072786683478E-14	+6.67247401486642E-02	+1.98143539428711E+01	+4.94776302110751E+06	+0.00000000000000E+00	+4.94776432678223E+06	+4.94773939010620E+06	+4.94778665222168E+06 	0	0	0	0
		B	s1	53	5:05:36 PM	0.0009683502	+4.34161274053980E-11	+1.54995624304727E-14	+6.67579577176619E-02	+1.98184738159180E+01	+4.94776303588949E+06	+0.00000000000000E+00	+4.94776437637329E+06	+4.94773941173554E+06	+4.94778666015625E+06 	0	0	0	0
		B	s1	54	5:05:38 PM	0.0010052349	+4.47679548069960E-11	+1.55087462672743E-14	+6.67184244353879E-02	+1.98220252990723E+01	+4.94776307762220E+06	+0.00000000000000E+00	+4.94776445018769E+06	+4.94773943523407E+06	+4.94778672012329E+06 	0	0	0	0
		B	s1	55	5:05:40 PM	0.0010428090	+4.41003691507767E-11	+1.54974089988241E-14	+6.67672326893013E-02	+1.98359661102295E+01	+4.94776308530881E+06	+0.00000000000000E+00	+4.94776442943573E+06	+4.94773944358826E+06	+4.94778672714234E+06 	0	0	0	0
		B	s1	56	5:05:42 PM	0.0010810726	+4.67646075492062E-11	+1.54982771553391E-14	+6.67634925597220E-02	+1.98299102783203E+01	+4.94776308807450E+06	+0.00000000000000E+00	+4.94776442787171E+06	+4.94773945224762E+06	+4.94778672401429E+06 	0	0	0	0
		B	s1	57	5:05:44 PM	0.0011200256	+8.84943184585446E-11	+1.54893270672567E-14	+6.68020704531536E-02	+1.98296642303467E+01	+4.94776307260597E+06	+0.00000000000000E+00	+4.94776440246582E+06	+4.94773945072174E+06	+4.94778669460297E+06 	0	0	0	0
		B	s1	58	5:05:46 PM	0.0011596681	+4.60616752749549E-11	+1.55121019300721E-14	+6.67039909378811E-02	+1.98386173248291E+01	+4.94776309997620E+06	+0.00000000000000E+00	+4.94776439533234E+06	+4.94773943267822E+06	+4.94778676738739E+06 	0	0	0	0
		B	s1	59	5:05:47 PM	0.0012000000	+4.68908690444144E-11	+1.55070198639490E-14	+6.67258524609327E-02	+1.98443355560303E+01	+4.94776306894364E+06	+0.00000000000000E+00	+4.94776444641113E+06	+4.94773940258026E+06	+4.94778673542023E+06 	0	0	0	0
		T	s2 	60	5:09:49 PM	0.0012000000	+5.41282771478753E-11	+1.54297651049774E-14	+6.70598349605660E-02	+2.04882545471191E+01	+4.94776693769204E+06	+0.00000000000000E+00	+4.94776834255219E+06	+4.94774262508393E+06	+4.94779125041962E+06 	0.872000	0.359992	0.291908	0.073964
		T	s2 	61	5:09:54 PM	0.0011596681	+7.14180024645815E-11	+1.54668369899308E-14	+6.68990969454233E-02	+2.04784946441650E+01	+4.94776711507523E+06	+0.00000000000000E+00	+4.94776858535767E+06	+4.94774275566101E+06	+4.94779147460938E+06 	0.872000	0.355992	0.288791	0.071335
		T	s2 	62	5:09:59 PM	0.0011200256	+7.40578067747529E-11	+1.54467711365692E-14	+6.69859986813970E-02	+2.04598999023437E+01	+4.94776720172634E+06	+0.00000000000000E+00	+4.94776864624023E+06	+4.94774289600372E+06	+4.94779150756836E+06 	0.848000	0.359992	0.284133	0.069051
		T	s2 	63	5:10:05 PM	0.0010810726	+3.73800953376268E-11	+1.54637744235147E-14	+6.69123421245965E-02	+2.04891567230225E+01	+4.94776726442059E+06	+0.00000000000000E+00	+4.94776871799469E+06	+4.94774289714813E+06	+4.94779163181305E+06 	0.808000	0.340000	0.278251	0.066897
		T	s2 	64	5:10:10 PM	0.0010428090	+4.23710995565721E-11	+1.54851593204318E-14	+6.68199361382603E-02	+2.05054168701172E+01	+4.94776728326493E+06	+0.00000000000000E+00	+4.94776876945496E+06	+4.94774286293030E+06	+4.94779170372009E+06 	0.776000	0.302000	0.271765	0.063920
		T	s2 	65	5:10:16 PM	0.0010052349	+4.06864484581555E-11	+1.54725284974348E-14	+6.68744838892447E-02	+2.04880790710449E+01	+4.94776728124334E+06	+0.00000000000000E+00	+4.94776877269745E+06	+4.94774290145874E+06	+4.94779166114807E+06 	0.736000	0.296000	0.263495	0.061907
		T	s2 	66	5:10:21 PM	0.0009683502	+8.47227038861937E-11	+1.54772854692803E-14	+6.68539296192038E-02	+2.04949054718018E+01	+4.94776729144758E+06	+0.00000000000000E+00	+4.94776880966187E+06	+4.94774289604187E+06	+4.94779168697357E+06 	0.752000	0.296000	0.256746	0.059429
		T	s2 	67	5:10:27 PM	0.0009321549	+4.39547058775040E-11	+1.54690688680869E-14	+6.68894382805192E-02	+2.05046367645264E+01	+4.94776735397047E+06	+0.00000000000000E+00	+4.94776882255554E+06	+4.94774295993805E+06	+4.94779174812317E+06 	0.704000	0.250000	0.248613	0.055663
		T	s2 	68	5:10:32 PM	0.0008966490	+8.49667987455559E-11	+1.54600917975934E-14	+6.69282770560757E-02	+2.05486259460449E+01	+4.94776740218806E+06	+0.00000000000000E+00	+4.94776886295319E+06	+4.94774297000885E+06	+4.94779183448792E+06 	0.696000	0.232000	0.238222	0.051364
		T	s2 	69	5:10:38 PM	0.0008618326	+8.73778830184718E-11	+1.54630812044730E-14	+6.69153376520264E-02	+2.05847015380859E+01	+4.94776741941118E+06	+0.00000000000000E+00	+4.94776887657166E+06	+4.94774293960571E+06	+4.94779189933777E+06 	0.672000	0.214000	0.231725	0.048879
		T	s2 	70	5:10:43 PM	0.0008277056	+9.09829152477374E-11	+1.54774115171556E-14	+6.68533803416847E-02	+2.05605144500732E+01	+4.94776746980336E+06	+0.00000000000000E+00	+4.94776891059876E+06	+4.94774299610138E+06	+4.94779194362641E+06 	0.672000	0.204000	0.227417	0.048346
		T	s2 	71	5:10:49 PM	0.0007942680	+5.31650504841373E-11	+1.54805482904460E-14	+6.68398332567286E-02	+2.06154155731201E+01	+4.94776749946229E+06	+0.00000000000000E+00	+4.94776897804260E+06	+4.94774295543671E+06	+4.94779204360962E+06 	0.632000	0.212000	0.222911	0.047548
		T	s2 	72	5:10:55 PM	0.0007615199	+4.91435242439407E-11	+1.54774429094313E-14	+6.68532437653078E-02	+2.05920391082764E+01	+4.94776750608095E+06	+0.00000000000000E+00	+4.94776892093659E+06	+4.94774299480438E+06	+4.94779201747894E+06 	0.632000	0.184000	0.218426	0.046680
		T	s2 	73	5:11:00 PM	0.0007294612	+5.32149934206822E-11	+1.54607861249495E-14	+6.69252672813284E-02	+2.06124591827393E+01	+4.94776755365024E+06	+0.00000000000000E+00	+4.94776897438049E+06	+4.94774304447174E+06	+4.94779206295014E+06 	0.648000	0.178000	0.214294	0.045151
		T	s2 	74	5:11:05 PM	0.0006980920	+5.55189705794630E-11	+1.54381790257626E-14	+6.70232690615322E-02	+2.06452293395996E+01	+4.94776759460100E+06	+0.00000000000000E+00	+4.94776902557373E+06	+4.94774308235169E+06	+4.94779210697174E+06 	0.616000	0.174000	0.207364	0.044764
		T	s2 	75	5:11:10 PM	0.0006674122	+5.73665131752916E-11	+1.54420301555825E-14	+6.70065525428687E-02	+2.06249351501465E+01	+4.94776764642375E+06	+0.00000000000000E+00	+4.94776903129578E+06	+4.94774315216065E+06	+4.94779214080811E+06 	0.632000	0.176000	0.204183	0.042909
		T	s2 	76	5:11:15 PM	0.0006374218	+1.96098764158292E-11	+1.54586428358611E-14	+6.69345432844836E-02	+2.06597557067871E+01	+4.94776766309364E+06	+0.00000000000000E+00	+4.94776905944824E+06	+4.94774310108185E+06	+4.94779222522736E+06 	0.600000	0.202000	0.199640	0.041914
		T	s2 	77	5:11:20 PM	0.0006081209	+5.97160634329663E-11	+1.54256094270868E-14	+6.70778801031258E-02	+2.06836433410645E+01	+4.94776770696278E+06	+0.00000000000000E+00	+4.94776908233643E+06	+4.94774316909790E+06	+4.94779224494934E+06 	0.592000	0.176000	0.194475	0.041664
		T	s2 	78	5:11:25 PM	0.0005795093	+6.27360187403292E-11	+1.54415403222611E-14	+6.70086756164628E-02	+2.07021350860596E+01	+4.94776773851009E+06	+0.00000000000000E+00	+4.94776915298462E+06	+4.94774315334320E+06	+4.94779232379914E+06 	0.576000	0.200000	0.190019	0.040156
		T	s2 	79	5:11:30 PM	0.0005515873	+6.09947919990213E-11	+1.54207288286852E-14	+6.70991083765543E-02	+2.07504024505615E+01	+4.94776776612838E+06	+0.00000000000000E+00	+4.94776914100647E+06	+4.94774315685272E+06	+4.94779237552643E+06 	0.568000	0.142000	0.185284	0.039189
		T	s2 	80	5:11:36 PM	0.0005243546	+2.62498655932764E-11	+1.54128094840122E-14	+6.71335829472095E-02	+2.07999553680420E+01	+4.94776784019049E+06	+0.00000000000000E+00	+4.94776920455933E+06	+4.94774318481446E+06	+4.94779249568939E+06 	0.568000	0.170000	0.180789	0.038265
		T	s2 	81	5:11:42 PM	0.0004978114	+7.20229371356236E-11	+1.54177188211942E-14	+6.71122030903001E-02	+2.08211917877197E+01	+4.94776795310537E+06	+0.00000000000000E+00	+4.94776929550171E+06	+4.94774326469422E+06	+4.94779264163971E+06 	0.536000	0.198000	0.176822	0.037015
		T	s2 	82	5:11:47 PM	0.0004719576	+7.38251797634039E-11	+1.54084122129680E-14	+6.71527378342723E-02	+2.08342342376709E+01	+4.94776797925511E+06	+0.00000000000000E+00	+4.94776928421021E+06	+4.94774329029083E+06	+4.94779266834259E+06 	0.544000	0.160000	0.171769	0.036828
		T	s2 	83	5:11:52 PM	0.0004467933	+4.03263892843367E-11	+1.53947414139068E-14	+6.72123672204651E-02	+2.08815708160400E+01	+4.94776810502551E+06	+0.00000000000000E+00	+4.94776939754486E+06	+4.94774338191986E+06	+4.94779282825470E+06 	0.512000	0.188000	0.167577	0.037010
		T	s2 	84	5:11:57 PM	0.0004223184	+4.95100960599493E-11	+1.53888128724793E-14	+6.72382561580387E-02	+2.09399280548096E+01	+4.94776827546589E+06	+0.00000000000000E+00	+4.94776952865601E+06	+4.94774349281311E+06	+4.94779305824280E+06 	0.512000	0.162000	0.162196	0.034260
		T	s2 	85	5:12:02 PM	0.0003985329	+2.13752601409786E-11	+1.54039096286479E-14	+6.71723518388829E-02	+2.10192890167236E+01	+4.94776852559500E+06	+0.00000000000000E+00	+4.94776974285126E+06	+4.94774362461090E+06	+4.94779342670441E+06 	0.504000	0.184000	0.157015	0.034131
		T	s2 	86	5:12:07 PM	0.0003754369	+7.37272291923447E-11	+1.53873048543336E-14	+6.72448341233984E-02	+2.10763969421387E+01	+4.94776870427521E+06	+0.00000000000000E+00	+4.94776994548798E+06	+4.94774376255036E+06	+4.94779364612580E+06 	0.472000	0.166000	0.153413	0.033441
		T	s2 	87	5:12:12 PM	0.0003530302	+5.33880365712359E-11	+1.53750857771790E-14	+6.72982667492597E-02	+2.12021369934082E+01	+4.94776903567638E+06	+0.00000000000000E+00	+4.94777026180268E+06	+4.94774396507263E+06	+4.94779410640717E+06 	0.488000	0.186000	0.149600	0.033829
		T	s2 	88	5:12:17 PM	0.0003313131	+3.47683973056990E-11	+1.53576227101305E-14	+6.73747795574185E-02	+2.12856693267822E+01	+4.94776946437171E+06	+0.00000000000000E+00	+4.94777058891297E+06	+4.94774432357788E+06	+4.94779460529328E+06 	0.448000	0.180000	0.144453	0.032444
		T	s2 	89	5:12:23 PM	0.0003102853	+6.22709586546280E-11	+1.53090692784238E-14	+6.75884486645827E-02	+2.13647727966309E+01	+4.94776994635864E+06	+0.00000000000000E+00	+4.94777105876923E+06	+4.94774479190827E+06	+4.94779510093689E+06 	0.464000	0.190000	0.140592	0.029909
		T	s2 	90	5:12:29 PM	0.0002899470	+8.62567843160378E-11	+1.53260461953132E-14	+6.75135664330785E-02	+2.15023880004883E+01	+4.94777043664163E+06	+0.00000000000000E+00	+4.94777153766632E+06	+4.94774509208679E+06	+4.94779578132630E+06 	0.432000	0.136000	0.136561	0.028899
		T	s2 	91	5:12:34 PM	0.0002702982	+7.67151171515092E-11	+1.53079668101826E-14	+6.75932891381171E-02	+2.16148757934570E+01	+4.94777094170702E+06	+0.00000000000000E+00	+4.94777197448731E+06	+4.94774549461365E+06	+4.94779638893128E+06 	0.416000	0.138000	0.131595	0.028381
		T	s2 	92	5:12:40 PM	0.0002513387	+4.74992227552427E-11	+1.52686754928215E-14	+6.77672055625240E-02	+2.17082061767578E+01	+4.94777179268946E+06	+0.00000000000000E+00	+4.94777269168854E+06	+4.94774630130768E+06	+4.94779728420258E+06 	0.408000	0.144000	0.127237	0.029055
		T	s2 	93	5:12:45 PM	0.0002330687	+5.41464482429257E-11	+1.52702775683028E-14	+6.77600735501934E-02	+2.17593708038330E+01	+4.94777260470467E+06	+0.00000000000000E+00	+4.94777342266083E+06	+4.94774705055237E+06	+4.94779815898895E+06 	0.424000	0.116000	0.122086	0.026211
		T	s2 	94	5:12:51 PM	0.0002154881	+6.29511905180588E-11	+1.52598689627887E-14	+6.78062707570639E-02	+2.17340793609619E+01	+4.94777338067156E+06	+0.00000000000000E+00	+4.94777418167114E+06	+4.94774787361145E+06	+4.94779888786316E+06 	0.392000	0.114000	0.116738	0.027454
		T	s2 	95	5:12:57 PM	0.0001985970	+6.26670252872905E-11	+1.52637133623391E-14	+6.77891761567870E-02	+2.16621456146240E+01	+4.94777398480557E+06	+0.00000000000000E+00	+4.94777484813690E+06	+4.94774855575562E+06	+4.94779941398621E+06 	0.368000	0.114000	0.112669	0.027123
		T	s2 	96	5:13:02 PM	0.0001823953	+8.94178794083932E-11	+1.52855495037561E-14	+6.76923229425158E-02	+2.15885734558105E+01	+4.94777446433234E+06	+0.00000000000000E+00	+4.94777532394409E+06	+4.94774908538819E+06	+4.94779984340668E+06 	0.344000	0.166000	0.107869	0.025484
		T	s2 	97	5:13:08 PM	0.0001668830	+4.48355081427872E-11	+1.52906662097011E-14	+6.76696608477768E-02	+2.16026744842529E+01	+4.94777483925974E+06	+0.00000000000000E+00	+4.94777573520661E+06	+4.94774943523407E+06	+4.94780024341583E+06 	0.352000	0.110000	0.104387	0.023853
		T	s2 	98	5:13:13 PM	0.0001520602	+5.77201996056161E-11	+1.52893685283027E-14	+6.76753991985129E-02	+2.15972557067871E+01	+4.94777502551237E+06	+0.00000000000000E+00	+4.94777594627381E+06	+4.94774963001251E+06	+4.94780042114258E+06 	0.336000	0.126000	0.098518	0.023707
		T	s2 	99	5:13:19 PM	0.0001379268	+7.99784432751446E-11	+1.53037555100478E-14	+6.76117667550554E-02	+2.15293693542480E+01	+4.94777543345639E+06	+0.00000000000000E+00	+4.94777632732392E+06	+4.94775009395600E+06	+4.94780077308655E+06 	0.336000	0.102000	0.094232	0.021776
		T	s2 	100	5:13:24 PM	0.0001244828	+6.44334509838130E-11	+1.53123259019680E-14	+6.75739154051287E-02	+2.14967632293701E+01	+4.94777575112542E+06	+0.00000000000000E+00	+4.94777671142578E+06	+4.94775043582916E+06	+4.94780106655121E+06 	0.304000	0.118000	0.089526	0.023541
		T	s2 	101	5:13:30 PM	0.0001117283	+4.17421798877661E-11	+1.52926063968158E-14	+6.76610425386344E-02	+2.13951797485352E+01	+4.94777604571620E+06	+0.00000000000000E+00	+4.94777697780609E+06	+4.94775088249207E+06	+4.94780120906830E+06 	0.288000	0.146000	0.084381	0.020725
		T	s2 	102	5:13:35 PM	0.0000996632	+6.12571502824406E-11	+1.53285276910143E-14	+6.75024752653529E-02	+2.13541641235352E+01	+4.94777635802541E+06	+0.00000000000000E+00	+4.94777729763031E+06	+4.94775118404389E+06	+4.94780153213501E+06 	0.264000	0.102000	0.079700	0.020028
		T	s2 	103	5:13:41 PM	0.0000882876	+4.65730372057462E-11	+1.53095899922246E-14	+6.75859653190409E-02	+2.13321399688721E+01	+4.94777670005145E+06	+0.00000000000000E+00	+4.94777767051697E+06	+4.94775158309937E+06	+4.94780181713104E+06 	0.272000	0.148000	0.074896	0.020328
		T	s2 	104	5:13:47 PM	0.0000776013	+6.51723518944239E-11	+1.53325994696739E-14	+6.74845318940401E-02	+2.13097648620605E+01	+4.94777698775586E+06	+0.00000000000000E+00	+4.94777801887512E+06	+4.94775185943604E+06	+4.94780211620331E+06 	0.248000	0.130000	0.071934	0.018750
		T	s2 	105	5:13:52 PM	0.0000676045	+8.86972525700026E-11	+1.53362651036184E-14	+6.74683929541843E-02	+2.13002700805664E+01	+4.94777731643021E+06	+0.00000000000000E+00	+4.94777836009980E+06	+4.94775219329834E+06	+4.94780243968964E+06 	0.232000	0.100000	0.066084	0.018288
		T	s2 	106	5:13:58 PM	0.0000582972	+3.59142559295891E-11	+1.53592077108178E-14	+6.73676034582463E-02	+2.13021488189697E+01	+4.94777766541758E+06	+0.00000000000000E+00	+4.94777877429962E+06	+4.94775250247956E+06	+4.94780282848358E+06 	0.224000	0.084000	0.061393	0.016724
		T	s2 	107	5:14:04 PM	0.0000496793	+8.56185663213679E-11	+1.53587701622112E-14	+6.73695139067343E-02	+2.12588157653809E+01	+4.94777798690146E+06	+0.00000000000000E+00	+4.94777900283814E+06	+4.94775287586212E+06	+4.94780309806824E+06 	0.208000	0.076000	0.057259	0.018941
		T	s2 	108	5:14:09 PM	0.0000417508	+3.51033455490443E-11	+1.53706311253373E-14	+6.73175174399380E-02	+2.12057170867920E+01	+4.94777834838239E+06	+0.00000000000000E+00	+4.94777932163239E+06	+4.94775328071594E+06	+4.94780341617584E+06 	0.208000	0.152000	0.052696	0.016746
		T	s2 	109	5:14:15 PM	0.0000345117	+9.44609979883560E-11	+1.53746201629076E-14	+6.73000430909509E-02	+2.11521911621094E+01	+4.94777865769741E+06	+0.00000000000000E+00	+4.94777972522736E+06	+4.94775364681244E+06	+4.94780366870880E+06 	0.200000	0.130000	0.047977	0.016756
		T	s2 	110	5:14:20 PM	0.0000279621	+4.84374506629574E-11	+1.53857712302856E-14	+6.72512569842916E-02	+2.11155967712402E+01	+4.94777900332818E+06	+0.00000000000000E+00	+4.94778011684418E+06	+4.94775401760101E+06	+4.94780398918152E+06 	0.168000	0.082000	0.044440	0.017734
		T	s2 	111	5:14:26 PM	0.0000221019	+7.04754284502109E-11	+1.53610758061289E-14	+6.73593651073566E-02	+2.10869464874268E+01	+4.94777934102463E+06	+0.00000000000000E+00	+4.94778044673920E+06	+4.94775442924500E+06	+4.94780425292969E+06 	0.160000	0.142000	0.040579	0.016594
		T	s2 	112	5:14:31 PM	0.0000169311	+5.46168043866434E-11	+1.53970545930086E-14	+6.72019520749285E-02	+2.11024837493896E+01	+4.94777979245552E+06	+0.00000000000000E+00	+4.94778094078064E+06	+4.94775480392456E+06	+4.94780478111267E+06 	0.176000	0.084000	0.036773	0.014960
		T	s2 	113	5:14:37 PM	0.0000124498	+1.41275913664876E-12	+1.53889969373046E-14	+6.72371294555260E-02	+2.11139812469482E+01	+4.94778014054664E+06	+0.00000000000000E+00	+4.94778127166748E+06	+4.94775515148163E+06	+4.94780512973786E+06 	0.136000	0.076000	0.030795	0.015585
		T	s2 	114	5:14:42 PM	0.0000086579	+9.64016386060860E-11	+1.54005721768191E-14	+6.71865868363896E-02	+2.10767402648926E+01	+4.94778037814519E+06	+0.00000000000000E+00	+4.94778167770386E+06	+4.94775541439057E+06	+4.94780534202576E+06 	0.152000	0.092000	0.027399	0.014614
		T	s2 	115	5:14:47 PM	0.0000055555	+6.91443325494343E-11	+1.54176314914716E-14	+6.71122386679062E-02	+2.11559314727783E+01	+4.94778065438587E+06	+0.00000000000000E+00	+4.94778180053711E+06	+4.94775556907654E+06	+4.94780573982239E+06 	0.120000	0.072000	0.025690	0.012980
		T	s2 	116	5:14:53 PM	0.0000031425	+4.71483349696312E-11	+1.54663052022546E-14	+6.69010290647021E-02	+2.11995449066162E+01	+4.94778072728407E+06	+0.00000000000000E+00	+4.94778208301544E+06	+4.94775551090241E+06	+4.94780594379425E+06 	0.096000	0.116000	0.022060	0.015333
		T	s2 	117	5:14:58 PM	0.0000014189	+1.48210260463998E-11	+1.54346015330739E-14	+6.70384442442570E-02	+2.12609405517578E+01	+4.94778086966754E+06	+0.00000000000000E+00	+4.94778211170197E+06	+4.94775563209534E+06	+4.94780610736847E+06 	0.096000	0.064000	0.020300	0.011794
		T	s2 	118	5:15:04 PM	0.0000003847	+2.13220753053414E-11	+1.54754356226214E-14	+6.68615571810666E-02	+2.11305465698242E+01	+4.94778075137423E+06	+0.00000000000000E+00	+4.94778216960907E+06	+4.94775560222626E+06	+4.94780590065003E+06 	0.096000	0.112000	0.017591	0.012401
		T	s2 	119	5:15:10 PM	0.0000000400	+1.18829858716970E-10	+1.55457148207394E-14	+6.65592929658761E-02	+2.10533828735352E+01	+4.94778059994971E+06	+0.00000000000000E+00	+4.94778198928833E+06	+4.94775542884827E+06	+4.94780577117920E+06 	0.088000	0.094000	0.017245	0.012726
		B	s3	120	5:17:51 PM	0.0000000400	+2.63174694184592E-11	+1.52576992318605E-14	+6.78162009091556E-02	+2.04103755950928E+01	+4.94776288492128E+06	+0.00000000000000E+00	+4.94776414985657E+06	+4.94773893486023E+06	+4.94778683509827E+06 	0	0	0	0
		B	s3	121	5:17:53 PM	0.0000003847	-1.88288123653911E-12	+1.54188614167141E-14	+6.71073756922397E-02	+2.07513828277588E+01	+4.94776257573684E+06	+0.00000000000000E+00	+4.94776371376038E+06	+4.94773796833039E+06	+4.94778718326569E+06 	0	0	0	0
		B	s3	122	5:17:55 PM	0.0000014189	+4.94199892046321E-11	+1.53583220163074E-14	+6.73718943938553E-02	+2.07719135284424E+01	+4.94776275956747E+06	+0.00000000000000E+00	+4.94776392219544E+06	+4.94773822452545E+06	+4.94778729473114E+06 	0	0	0	0
		B	s3	123	5:17:57 PM	0.0000031425	+6.42858592596357E-11	+1.53942076385038E-14	+6.72148407701026E-02	+2.06457748413086E+01	+4.94776284024877E+06	+0.00000000000000E+00	+4.94776414253235E+06	+4.94773839721680E+06	+4.94778728340149E+06 	0	0	0	0
		B	s3	124	5:17:59 PM	0.0000055555	+2.63640573211996E-11	+1.53684660497421E-14	+6.73274198920256E-02	+2.05647468566895E+01	+4.94776295591106E+06	+0.00000000000000E+00	+4.94776415706635E+06	+4.94773864952088E+06	+4.94778726242066E+06 	0	0	0	0
		B	s3	125	5:18:02 PM	0.0000086579	+6.85318960491780E-11	+1.53842269898194E-14	+6.72584441657835E-02	+2.04484691619873E+01	+4.94776294347570E+06	+0.00000000000000E+00	+4.94776415184021E+06	+4.94773874973297E+06	+4.94778713733673E+06 	0	0	0	0
		B	s3	126	5:18:04 PM	0.0000124498	+2.44401442512422E-11	+1.53558816908836E-14	+6.73825965591976E-02	+2.03377590179443E+01	+4.94776292253387E+06	+0.00000000000000E+00	+4.94776412364960E+06	+4.94773890411377E+06	+4.94778694107056E+06 	0	0	0	0
		B	s3	127	5:18:06 PM	0.0000169311	+6.63442283697012E-11	+1.53963746101134E-14	+6.72053788598774E-02	+2.02833843231201E+01	+4.94776290351761E+06	+0.00000000000000E+00	+4.94776410854340E+06	+4.94773888614655E+06	+4.94778692100525E+06 	0	0	0	0
		B	s3	128	5:18:08 PM	0.0000221019	+1.03282671774965E-10	+1.53957362641625E-14	+6.72081646286328E-02	+2.02111396789551E+01	+4.94776293058330E+06	+0.00000000000000E+00	+4.94776410686493E+06	+4.94773899974823E+06	+4.94778686153412E+06 	0	0	0	0
		B	s3	129	5:18:11 PM	0.0000279621	+1.02030274805150E-10	+1.53557828792353E-14	+6.73830306811425E-02	+2.01714897155762E+01	+4.94776290317523E+06	+0.00000000000000E+00	+4.94776398952484E+06	+4.94773908126831E+06	+4.94778672519684E+06 	0	0	0	0
		B	s3	130	5:18:12 PM	0.0000345117	+1.06166614899382E-10	+1.53877366201905E-14	+6.72431053211384E-02	+2.00704040527344E+01	+4.94776289045355E+06	+0.00000000000000E+00	+4.94776406753540E+06	+4.94773913860321E+06	+4.94778664241791E+06 	0	0	0	0
		B	s3	131	5:18:15 PM	0.0000417508	+6.27751414111713E-11	+1.53442594752900E-14	+6.74336347493567E-02	+2.00958518981934E+01	+4.94776290300408E+06	+0.00000000000000E+00	+4.94776407386780E+06	+4.94773918823242E+06	+4.94778661788941E+06 	0	0	0	0
		B	s3	132	5:18:16 PM	0.0000496793	+6.40927125267110E-11	+1.53817918338796E-14	+6.72690935680563E-02	+2.00596351623535E+01	+4.94776289066346E+06	+0.00000000000000E+00	+4.94776401359558E+06	+4.94773916072846E+06	+4.94778662071228E+06 	0	0	0	0
		B	s3	133	5:18:18 PM	0.0000582972	+6.18787036096063E-11	+1.53628842469682E-14	+6.73518833441655E-02	+2.00505676269531E+01	+4.94776290617040E+06	+0.00000000000000E+00	+4.94776405120850E+06	+4.94773921611786E+06	+4.94778659633637E+06 	0	0	0	0
		B	s3	134	5:18:20 PM	0.0000676045	+6.40911848743748E-11	+1.53953976660448E-14	+6.72096442742463E-02	+2.00355281829834E+01	+4.94776287517583E+06	+0.00000000000000E+00	+4.94776412208557E+06	+4.94773915279389E+06	+4.94778659767151E+06 	0	0	0	0
		B	s3	135	5:18:22 PM	0.0000776013	+2.22653112425928E-11	+1.53720092398020E-14	+6.73119028564241E-02	+2.00296306610107E+01	+4.94776289415415E+06	+0.00000000000000E+00	+4.94776407165528E+06	+4.94773921478272E+06	+4.94778657363892E+06 	0	0	0	0
		B	s3	136	5:18:23 PM	0.0000882876	+6.47246435911052E-11	+1.54097317786987E-14	+6.71471236588756E-02	+1.99979476928711E+01	+4.94776295957611E+06	+0.00000000000000E+00	+4.94776409278870E+06	+4.94773925964356E+06	+4.94778665962219E+06 	0	0	0	0
		B	s3	137	5:18:26 PM	0.0000996632	+1.10466337189833E-10	+1.54101664612742E-14	+6.71452309406805E-02	+1.99633941650391E+01	+4.94776291036671E+06	+0.00000000000000E+00	+4.94776412487030E+06	+4.94773925071717E+06	+4.94778657012940E+06 	0	0	0	0
		B	s3	138	5:18:27 PM	0.0001117283	+1.10559663054999E-10	+1.54094701068959E-14	+6.71482646453226E-02	+1.99403476715088E+01	+4.94776293211062E+06	+0.00000000000000E+00	+4.94776417961121E+06	+4.94773930084229E+06	+4.94778656349182E+06 	0	0	0	0
		B	s3	139	5:18:30 PM	0.0001244828	+6.96951389167807E-11	+1.53996963410344E-14	+6.71908815964162E-02	+1.99064769744873E+01	+4.94776294002638E+06	+0.00000000000000E+00	+4.94776413410187E+06	+4.94773936386109E+06	+4.94778651630402E+06 	0	0	0	0
		B	s3	140	5:18:32 PM	0.0001379268	+2.64886070853725E-11	+1.53825148586744E-14	+6.72659288862569E-02	+1.99116210937500E+01	+4.94776299476738E+06	+0.00000000000000E+00	+4.94776414112091E+06	+4.94773943881989E+06	+4.94778655082703E+06 	0	0	0	0
		B	s3	141	5:18:34 PM	0.0001520602	+2.66573545510006E-11	+1.54132634075979E-14	+6.71317384916289E-02	+1.98762111663818E+01	+4.94776295219534E+06	+0.00000000000000E+00	+4.94776415477753E+06	+4.94773939113617E+06	+4.94778651336670E+06 	0	0	0	0
		B	s3	142	5:18:36 PM	0.0001668830	+7.32194907953139E-11	+1.54179586667372E-14	+6.71112942919740E-02	+1.98860988616943E+01	+4.94776296873196E+06	+0.00000000000000E+00	+4.94776416225434E+06	+4.94773938877106E+06	+4.94778654880524E+06 	0	0	0	0
		B	s3	143	5:18:39 PM	0.0001823953	+2.73848241278791E-11	+1.54148695860438E-14	+6.71247435916030E-02	+1.98583087921143E+01	+4.94776295200469E+06	+0.00000000000000E+00	+4.94776414146423E+06	+4.94773940971375E+06	+4.94778649440766E+06 	0	0	0	0
		B	s3	144	5:18:41 PM	0.0001985970	+2.73995746924510E-11	+1.53881117378765E-14	+6.72414646676272E-02	+1.98439254760742E+01	+4.94776294420391E+06	+0.00000000000000E+00	+4.94776412700653E+06	+4.94773945980072E+06	+4.94778642871857E+06 	0	0	0	0
		B	s3	145	5:18:43 PM	0.0002154881	+6.86123553989002E-11	+1.53981846693349E-14	+6.71974776095910E-02	+1.98079929351807E+01	+4.94776294941110E+06	+0.00000000000000E+00	+4.94776412639618E+06	+4.94773949218750E+06	+4.94778640674591E+06 	0	0	0	0
		B	s3	146	5:18:44 PM	0.0002330687	+6.99301656981085E-11	+1.53954581906387E-14	+6.72093774435783E-02	+1.98026084899902E+01	+4.94776297115493E+06	+0.00000000000000E+00	+4.94776411212921E+06	+4.94773952445984E+06	+4.94778641796112E+06 	0	0	0	0
		B	s3	147	5:18:46 PM	0.0002513387	+7.08526744085233E-11	+1.54094578380152E-14	+6.71483172337761E-02	+1.98209266662598E+01	+4.94776296432642E+06	+0.00000000000000E+00	+4.94776414443970E+06	+4.94773947460175E+06	+4.94778645416260E+06 	0	0	0	0
		B	s3	148	5:18:48 PM	0.0002702982	+2.69405297339403E-11	+1.54199467621638E-14	+6.71026420672511E-02	+1.97843322753906E+01	+4.94776295244376E+06	+0.00000000000000E+00	+4.94776414005280E+06	+4.94773949012756E+06	+4.94778641487122E+06 	0	0	0	0
		B	s3	149	5:18:50 PM	0.0002899470	+6.92692197908022E-11	+1.54206483339014E-14	+6.70995892172481E-02	+1.97722225189209E+01	+4.94776295150922E+06	+0.00000000000000E+00	+4.94776414299011E+06	+4.94773950248718E+06	+4.94778640064240E+06 	0	0	0	0
		B	s3	150	5:18:52 PM	0.0003102853	+2.92425192587877E-11	+1.54370587178143E-14	+6.70282593142728E-02	+1.97717838287354E+01	+4.94776293687974E+06	+0.00000000000000E+00	+4.94776418098450E+06	+4.94773946342468E+06	+4.94778641044617E+06 	0	0	0	0
		B	s3	151	5:18:54 PM	0.0003313131	+6.68579985585494E-11	+1.54188773813847E-14	+6.71072966669698E-02	+1.97466030120850E+01	+4.94776292751494E+06	+0.00000000000000E+00	+4.94776414012909E+06	+4.94773951156616E+06	+4.94778634357452E+06 	0	0	0	0
		B	s3	152	5:18:56 PM	0.0003530302	+6.68623499555081E-11	+1.54100111891191E-14	+6.71459070582482E-02	+1.97472457885742E+01	+4.94776292663762E+06	+0.00000000000000E+00	+4.94776410919190E+06	+4.94773952339173E+06	+4.94778632999420E+06 	0	0	0	0
		B	s3	153	5:18:58 PM	0.0003754369	+6.96405781618774E-11	+1.54275197456707E-14	+6.70697035341192E-02	+1.97389812469482E+01	+4.94776293491543E+06	+0.00000000000000E+00	+4.94776417285919E+06	+4.94773951488495E+06	+4.94778635505676E+06 	0	0	0	0
		B	s3	154	5:19:00 PM	0.0003985329	+2.63701425429354E-11	+1.54175043855860E-14	+6.71132722110185E-02	+1.97380180358887E+01	+4.94776295156666E+06	+0.00000000000000E+00	+4.94776410854340E+06	+4.94773954788208E+06	+4.94778635536194E+06 	0	0	0	0
		B	s3	155	5:19:02 PM	0.0004223184	+6.50408650760516E-11	+1.54230891524637E-14	+6.70889717723897E-02	+1.97360973358154E+01	+4.94776289383119E+06	+0.00000000000000E+00	+4.94776408946991E+06	+4.94773948394776E+06	+4.94778630382538E+06 	0	0	0	0
		B	s3	156	5:19:04 PM	0.0004467933	+7.03811600379942E-11	+1.54232088035780E-14	+6.70884503800980E-02	+1.97438392639160E+01	+4.94776292795361E+06	+0.00000000000000E+00	+4.94776412216187E+06	+4.94773950870514E+06	+4.94778634731293E+06 	0	0	0	0
		B	s3	157	5:19:06 PM	0.0004719576	+6.77947003349089E-11	+1.54369471697418E-14	+6.70287451037590E-02	+1.97125320434570E+01	+4.94776288372227E+06	+0.00000000000000E+00	+4.94776407752991E+06	+4.94773948078156E+06	+4.94778628677368E+06 	0	0	0	0
		B	s3	158	5:19:08 PM	0.0004978114	+6.89419602965643E-11	+1.54455065593826E-14	+6.69915993433182E-02	+1.97271060943604E+01	+4.94776290748769E+06	+0.00000000000000E+00	+4.94776408920288E+06	+4.94773947425842E+06	+4.94778634082794E+06 	0	0	0	0
		B	s3	159	5:19:11 PM	0.0005243546	+2.49818336130109E-11	+1.54277857872852E-14	+6.70685470803302E-02	+1.97241249084473E+01	+4.94776293058583E+06	+0.00000000000000E+00	+4.94776411136627E+06	+4.94773952777863E+06	+4.94778633350373E+06 	0	0	0	0
		B	s3	160	5:19:13 PM	0.0005515873	+7.33158054512115E-11	+1.54852179223561E-14	+6.68197998119616E-02	+1.97876968383789E+01	+4.94776296836963E+06	+0.00000000000000E+00	+4.94776420658112E+06	+4.94773940273285E+06	+4.94778653411865E+06 	0	0	0	0
		B	s3	161	5:19:14 PM	0.0005795093	+3.65435229234108E-11	+1.54448999064342E-14	+6.69942270550222E-02	+1.98102226257324E+01	+4.94776304115422E+06	+0.00000000000000E+00	+4.94776429576874E+06	+4.94773951011658E+06	+4.94778657230377E+06 	0	0	0	0
		B	s3	162	5:19:17 PM	0.0006081209	+3.93568017765294E-11	+1.54507087160307E-14	+6.69690395678810E-02	+1.97997570037842E+01	+4.94776305984625E+06	+0.00000000000000E+00	+4.94776429714203E+06	+4.94773953239441E+06	+4.94778658740997E+06 	0	0	0	0
		B	s3	163	5:19:18 PM	0.0006374218	+3.80921065423044E-11	+1.54491240933584E-14	+6.69759085592815E-02	+1.97901172637939E+01	+4.94776306165830E+06	+0.00000000000000E+00	+4.94776431015015E+06	+4.94773954807282E+06	+4.94778657535553E+06 	0	0	0	0
		B	s3	164	5:19:21 PM	0.0006674122	+8.10743305239137E-11	+1.54797878489699E-14	+6.68432358948521E-02	+1.97869949340820E+01	+4.94776308988686E+06	+0.00000000000000E+00	+4.94776433910370E+06	+4.94773953334809E+06	+4.94778664653778E+06 	0	0	0	0
		B	s3	165	5:19:22 PM	0.0006980920	+8.38814231758306E-11	+1.54483338056239E-14	+6.69793340446380E-02	+1.97845954895020E+01	+4.94776309082170E+06	+0.00000000000000E+00	+4.94776431217194E+06	+4.94773958499909E+06	+4.94778659675598E+06 	0	0	0	0
		B	s3	166	5:19:24 PM	0.0007294612	+3.98098362144481E-11	+1.54511167569881E-14	+6.69672704727414E-02	+1.97770996093750E+01	+4.94776307989261E+06	+0.00000000000000E+00	+4.94776432529450E+06	+4.94773957874298E+06	+4.94778658115387E+06 	0	0	0	0
		B	s3	167	5:19:26 PM	0.0007615199	+3.93996075158983E-11	+1.54557929686653E-14	+6.69470085942318E-02	+1.97641677856445E+01	+4.94776310444023E+06	+0.00000000000000E+00	+4.94776437900543E+06	+4.94773961154938E+06	+4.94778659744263E+06 	0	0	0	0
		B	s3	168	5:19:28 PM	0.0007942680	+4.06875091265783E-11	+1.54822111126658E-14	+6.68327741163442E-02	+1.97520847320557E+01	+4.94776307237758E+06	+0.00000000000000E+00	+4.94776434825897E+06	+4.94773955371857E+06	+4.94778659114838E+06 	0	0	0	0
		B	s3	169	5:19:30 PM	0.0008277056	+4.22884479847583E-11	+1.54802263584489E-14	+6.68413426299234E-02	+1.97579174041748E+01	+4.94776308218133E+06	+0.00000000000000E+00	+4.94776436313629E+06	+4.94773955959320E+06	+4.94778660488129E+06 	0	0	0	0
		B	s3	170	5:19:32 PM	0.0008618326	+4.45662257126723E-11	+1.54967442668631E-14	+6.67700966175355E-02	+1.97612152099609E+01	+4.94776308710215E+06	+0.00000000000000E+00	+4.94776437545777E+06	+4.94773953548432E+06	+4.94778663883209E+06 	0	0	0	0
		B	s3	171	5:19:35 PM	0.0008966490	+4.52480711795697E-11	+1.54885899227375E-14	+6.68052491197355E-02	+1.97579765319824E+01	+4.94776309583789E+06	+0.00000000000000E+00	+4.94776441139221E+06	+4.94773956047058E+06	+4.94778663131714E+06 	0	0	0	0
		B	s3	172	5:19:36 PM	0.0009321549	+4.80595148367011E-11	+1.54845563371850E-14	+6.68226501865247E-02	+1.97552909851074E+01	+4.94776313621650E+06	+0.00000000000000E+00	+4.94776443157196E+06	+4.94773961017609E+06	+4.94778666236878E+06 	0	0	0	0
		B	s3	173	5:19:39 PM	0.0009683502	+4.81399741221450E-11	+1.54833310743147E-14	+6.68279377532026E-02	+1.97521610260010E+01	+4.94776315096033E+06	+0.00000000000000E+00	+4.94776444892883E+06	+4.94773963050842E+06	+4.94778667152405E+06 	0	0	0	0
		B	s3	174	5:19:40 PM	0.0010052349	+4.91292659938527E-11	+1.54935832376110E-14	+6.67837164862363E-02	+1.97614364624023E+01	+4.94776318670392E+06	+0.00000000000000E+00	+4.94776449729920E+06	+4.94773963962555E+06	+4.94778673389435E+06 	0	0	0	0
		B	s3	175	5:19:42 PM	0.0010428090	+5.45290838927540E-11	+1.55046055935149E-14	+6.67362397820454E-02	+1.97730770111084E+01	+4.94776317159757E+06	+0.00000000000000E+00	+4.94776452419281E+06	+4.94773959388733E+06	+4.94778674942017E+06 	0	0	0	0
		B	s3	176	5:19:44 PM	0.0010810726	+9.24857275864468E-11	+1.54906222735775E-14	+6.67964824935170E-02	+1.97780380249023E+01	+4.94776316467397E+06	+0.00000000000000E+00	+4.94776445331574E+06	+4.94773960231781E+06	+4.94778672714234E+06 	0	0	0	0
		B	s3	177	5:19:46 PM	0.0011200256	+5.21538078907698E-11	+1.54838945027818E-14	+6.68255047222679E-02	+1.97616767883301E+01	+4.94776319885380E+06	+0.00000000000000E+00	+4.94776448425293E+06	+4.94773966621399E+06	+4.94778673160553E+06 	0	0	0	0
		B	s3	178	5:19:48 PM	0.0011596681	+5.16748111175495E-11	+1.54853329770391E-14	+6.68192973222005E-02	+1.97756004333496E+01	+4.94776319141505E+06	+0.00000000000000E+00	+4.94776449695587E+06	+4.94773964000702E+06	+4.94778674293518E+06 	0	0	0	0
		B	s3	179	5:19:50 PM	0.0012000000	+5.05316440612199E-11	+1.54847825926024E-14	+6.68216727605317E-02	+1.97773284912109E+01	+4.94776317504999E+06	+0.00000000000000E+00	+4.94776447673798E+06	+4.94773962242127E+06	+4.94778672779083E+06 	0	0	0	0

