	10/06/22	Test 006 N (today) Location 07 Ramp 02	Tip H10	Box 5b Xtal 1		DLC	500 uN	2.6%		Points/Segment: 59	
		Seg 	ID Tag	Number	Time	Power	C0	C1	L1	R1	fs	fa	fr	f1	f2	Ch1 (Pk-Pk)	Ch2 (Pk-Pk)	Ch1 (RMS)	Ch2 (RMS)	
						uW	F	F	H	Ohms	Hz	Hz	Hz	Hz	Hz	V	V	V	V	
		B	s1	0	2:54:34 PM	0.0000000400	+2.48071709590416E-10	+1.58916228132644E-14	+6.51109559075462E-02	+2.53917274475098E+01	+4.94776394700809E+06	+0.00000000000000E+00	+4.94776587524414E+06	+4.94773291378021E+06	+4.94779498043060E+06 	0	0	0	0
		B	s1	1	2:54:36 PM	0.0000003847	+6.52484132388872E-11	+1.61820160317965E-14	+6.39425093946628E-02	+2.59179077148437E+01	+4.94776404301620E+06	+0.00000000000000E+00	+4.94776542846680E+06	+4.94773178787232E+06	+4.94779629837036E+06 	0	0	0	0
		B	s1	2	2:54:38 PM	0.0000014189	+1.14140724556320E-10	+1.61698800735780E-14	+6.39904939753918E-02	+2.60743675231934E+01	+4.94776427901133E+06	+0.00000000000000E+00	+4.94776541328430E+06	+4.94773185348511E+06	+4.94779670475006E+06 	0	0	0	0
		B	s1	3	2:54:41 PM	0.0000031425	+6.96098656908144E-11	+1.61559805325471E-14	+6.40455440668583E-02	+2.62026882171631E+01	+4.94776439924973E+06	+0.00000000000000E+00	+4.94776552616120E+06	+4.94773184215546E+06	+4.94779695655823E+06 	0	0	0	0
		B	s1	4	2:54:43 PM	0.0000055555	+1.18179928683047E-10	+1.61481617190888E-14	+6.40765536643903E-02	+2.61465244293213E+01	+4.94776442833736E+06	+0.00000000000000E+00	+4.94776557239533E+06	+4.94773195674896E+06	+4.94779690013886E+06 	0	0	0	0
		B	s1	5	2:54:45 PM	0.0000086579	+1.16786536154589E-10	+1.61386186167985E-14	+6.41144450557509E-02	+2.61159458160400E+01	+4.94776436711184E+06	+0.00000000000000E+00	+4.94776549747467E+06	+4.94773195266724E+06	+4.94779678176880E+06 	0	0	0	0
		B	s1	6	2:54:47 PM	0.0000124498	+9.15484424385402E-11	+1.61399437728628E-14	+6.41091809148475E-02	+2.60709304809570E+01	+4.94776437020209E+06	+0.00000000000000E+00	+4.94776558826447E+06	+4.94773200897217E+06	+4.94779673164368E+06 	0	0	0	0
		B	s1	7	2:54:50 PM	0.0000169311	+9.09536970537040E-11	+1.61362790887433E-14	+6.41237422801893E-02	+2.60184173583984E+01	+4.94776430718377E+06	+0.00000000000000E+00	+4.94776555816651E+06	+4.94773201847077E+06	+4.94779659610749E+06 	0	0	0	0
		B	s1	8	2:54:52 PM	0.0000221019	+8.68732531378850E-11	+1.61262454723996E-14	+6.41636407138762E-02	+2.60585975646973E+01	+4.94776426197941E+06	+0.00000000000000E+00	+4.94776551803589E+06	+4.94773194351196E+06	+4.94779658065796E+06 	0	0	0	0
		B	s1	9	2:54:54 PM	0.0000279621	+6.91658990733115E-11	+1.61668497519893E-14	+6.40024886991508E-02	+2.60296134948730E+01	+4.94776426676656E+06	+0.00000000000000E+00	+4.94776544322968E+06	+4.94773190296173E+06	+4.94779663078308E+06 	0	0	0	0
		B	s1	10	2:54:55 PM	0.0000345117	+8.58857514313631E-11	+1.61157332581573E-14	+6.42054948131964E-02	+2.60364151000977E+01	+4.94776424389806E+06	+0.00000000000000E+00	+4.94776545330048E+06	+4.94773197399140E+06	+4.94779651401520E+06 	0	0	0	0
		B	s1	11	2:54:58 PM	0.0000417508	+8.66038202552675E-11	+1.61087287445705E-14	+6.42334139983600E-02	+2.60400543212891E+01	+4.94776420966122E+06	+0.00000000000000E+00	+4.94776538040161E+06	+4.94773194927216E+06	+4.94779647026062E+06 	0	0	0	0
		B	s1	12	2:55:00 PM	0.0000496793	+1.06509290180560E-10	+1.60999403858628E-14	+6.42684769557911E-02	+2.60139560699463E+01	+4.94776419713026E+06	+0.00000000000000E+00	+4.94776539299011E+06	+4.94773198665619E+06	+4.94779640781403E+06 	0	0	0	0
		B	s1	13	2:55:02 PM	0.0000582972	+1.32604779402149E-10	+1.61255536987370E-14	+6.41663947651431E-02	+2.60156993865967E+01	+4.94776420487375E+06	+0.00000000000000E+00	+4.94776536724091E+06	+4.94773194099427E+06	+4.94779646896363E+06 	0	0	0	0
		B	s1	14	2:55:04 PM	0.0000676045	+8.41159226983272E-11	+1.61366741290583E-14	+6.41221759368405E-02	+2.60026893615723E+01	+4.94776417355504E+06	+0.00000000000000E+00	+4.94776535118103E+06	+4.94773190357208E+06	+4.94779644374848E+06 	0	0	0	0
		B	s1	15	2:55:05 PM	0.0000776013	+1.10521672520474E-10	+1.61671274149116E-14	+6.40013934568240E-02	+2.59966316223145E+01	+4.94776411328248E+06	+0.00000000000000E+00	+4.94776537425995E+06	+4.94773178993225E+06	+4.94779643684387E+06 	0	0	0	0
		B	s1	16	2:55:08 PM	0.0000882876	+1.09199389180472E-10	+1.61486767043956E-14	+6.40745162622233E-02	+2.59211025238037E+01	+4.94776419610041E+06	+0.00000000000000E+00	+4.94776540821076E+06	+4.94773200344086E+06	+4.94779638896942E+06 	0	0	0	0
		B	s1	17	2:55:09 PM	0.0000996632	+8.83449810570383E-11	+1.61531453604435E-14	+6.40567909572535E-02	+2.59292545318604E+01	+4.94776417805677E+06	+0.00000000000000E+00	+4.94776540149689E+06	+4.94773196636200E+06	+4.94779638996124E+06 	0	0	0	0
		B	s1	18	2:55:12 PM	0.0001117283	+8.51287399822253E-11	+1.61435434153112E-14	+6.40948923665097E-02	+2.59429721832275E+01	+4.94776412554747E+06	+0.00000000000000E+00	+4.94776535224915E+06	+4.94773191596985E+06	+4.94779633533478E+06 	0	0	0	0
		B	s1	19	2:55:14 PM	0.0001244828	+1.12494309220167E-10	+1.61487701601444E-14	+6.40741467688543E-02	+2.59412250518799E+01	+4.94776414525033E+06	+0.00000000000000E+00	+4.94776537807465E+06	+4.94773192741394E+06	+4.94779636329651E+06 	0	0	0	0
		B	s1	20	2:55:16 PM	0.0001379268	+8.62935406980546E-11	+1.61205963545362E-14	+6.41861295697445E-02	+2.59426555633545E+01	+4.94776410466231E+06	+0.00000000000000E+00	+4.94776535251618E+06	+4.94773194126129E+06	+4.94779626827240E+06 	0	0	0	0
		B	s1	21	2:55:18 PM	0.0001520602	+1.06811305948434E-10	+1.61210432548637E-14	+6.41843511451803E-02	+2.60483016967773E+01	+4.94776406941364E+06	+0.00000000000000E+00	+4.94776532318115E+06	+4.94773177413941E+06	+4.94779636489868E+06 	0	0	0	0
		B	s1	22	2:55:21 PM	0.0001668830	+8.29602988689576E-11	+1.61340169153262E-14	+6.41327395722950E-02	+2.60244045257568E+01	+4.94776405987693E+06	+0.00000000000000E+00	+4.94776529571533E+06	+4.94773176826477E+06	+4.94779635169983E+06 	0	0	0	0
		B	s1	23	2:55:23 PM	0.0001823953	+5.86539161261916E-11	+1.61378789481483E-14	+6.41173905905969E-02	+2.60626201629639E+01	+4.94776410115159E+06	+0.00000000000000E+00	+4.94776529846192E+06	+4.94773175437927E+06	+4.94779644813538E+06 	0	0	0	0
		B	s1	24	2:55:25 PM	0.0001985970	+1.06166657889914E-10	+1.61467579208939E-14	+6.40821348393238E-02	+2.60359249114990E+01	+4.94776402827190E+06	+0.00000000000000E+00	+4.94776530712128E+06	+4.94773169685364E+06	+4.94779635990143E+06 	0	0	0	0
		B	s1	25	2:55:27 PM	0.0002154881	+1.30371453455796E-10	+1.61509717129311E-14	+6.40654161663541E-02	+2.60476970672607E+01	+4.94776401398571E+06	+0.00000000000000E+00	+4.94776526260376E+06	+4.94773165950775E+06	+4.94779636867523E+06 	0	0	0	0
		B	s1	26	2:55:30 PM	0.0002330687	+8.20235682786213E-11	+1.61531831044407E-14	+6.40566448549769E-02	+2.60731487274170E+01	+4.94776404000171E+06	+0.00000000000000E+00	+4.94776528362274E+06	+4.94773164947510E+06	+4.94779643074036E+06 	0	0	0	0
		B	s1	27	2:55:31 PM	0.0002513387	+1.31170983446660E-10	+1.61634989398115E-14	+6.40157621859828E-02	+2.60718517303467E+01	+4.94776406193609E+06	+0.00000000000000E+00	+4.94776527664185E+06	+4.94773165233612E+06	+4.94779647174835E+06 	0	0	0	0
		B	s1	28	2:55:33 PM	0.0002702982	+8.27914186351333E-11	+1.61589427940380E-14	+6.40338118576913E-02	+2.60712833404541E+01	+4.94776406559826E+06	+0.00000000000000E+00	+4.94776530307770E+06	+4.94773166584015E+06	+4.94779646556854E+06 	0	0	0	0
		B	s1	29	2:55:35 PM	0.0002899470	+1.05379894939883E-10	+1.61694622524723E-14	+6.39921524751471E-02	+2.60693836212158E+01	+4.94776408661712E+06	+0.00000000000000E+00	+4.94776533184052E+06	+4.94773166812897E+06	+4.94779650531769E+06 	0	0	0	0
		B	s1	30	2:55:37 PM	0.0003102853	+1.08270951230755E-10	+1.61730516590921E-14	+6.39779498642538E-02	+2.60757579803467E+01	+4.94776410025457E+06	+0.00000000000000E+00	+4.94776536529541E+06	+4.94773166664124E+06	+4.94779653408051E+06 	0	0	0	0
		B	s1	31	2:55:40 PM	0.0003313131	+1.08048402275420E-10	+1.61859655465080E-14	+6.39269062789111E-02	+2.60877742767334E+01	+4.94776406599832E+06	+0.00000000000000E+00	+4.94776539871216E+06	+4.94773159152985E+06	+4.94779654067993E+06 	0	0	0	0
		B	s1	32	2:55:42 PM	0.0003530302	+8.29011845239445E-11	+1.61857707044625E-14	+6.39276760872443E-02	+2.60960254669189E+01	+4.94776405573672E+06	+0.00000000000000E+00	+4.94776532894135E+06	+4.94773157138825E+06	+4.94779654029846E+06 	0	0	0	0
		B	s1	33	2:55:44 PM	0.0003754369	+8.65883263976596E-11	+1.61925850079543E-14	+6.39007722636495E-02	+2.61039123535156E+01	+4.94776410322954E+06	+0.00000000000000E+00	+4.94776536808014E+06	+4.94773159538269E+06	+4.94779661128998E+06 	0	0	0	0
		B	s1	34	2:55:46 PM	0.0003985329	+8.32171277016514E-11	+1.62065689284174E-14	+6.38456359801940E-02	+2.60819396972656E+01	+4.94776407133867E+06	+0.00000000000000E+00	+4.94776536174774E+06	+4.94773156280518E+06	+4.94779658008576E+06 	0	0	0	0
		B	s1	35	2:55:48 PM	0.0004223184	+8.60052553092825E-11	+1.62006850196117E-14	+6.38688222882637E-02	+2.60907993316650E+01	+4.94776413786699E+06	+0.00000000000000E+00	+4.94776537109375E+06	+4.94773163009644E+06	+4.94779664585114E+06 	0	0	0	0
		B	s1	36	2:55:50 PM	0.0004467933	+8.48171931656860E-11	+1.62132632653370E-14	+6.38192736379665E-02	+2.60946044921875E+01	+4.94776410815031E+06	+0.00000000000000E+00	+4.94776538825989E+06	+4.94773157039643E+06	+4.94779664611816E+06 	0	0	0	0
		B	s1	37	2:55:53 PM	0.0004719576	+1.11021632541131E-10	+1.62145353340090E-14	+6.38142669879084E-02	+2.60895900726318E+01	+4.94776410338196E+06	+0.00000000000000E+00	+4.94776538654328E+06	+4.94773156932831E+06	+4.94779663764954E+06 	0	0	0	0
		B	s1	38	2:55:54 PM	0.0004978114	+1.10799112438669E-10	+1.62143832790415E-14	+6.38148650129347E-02	+2.60841140747070E+01	+4.94776411932744E+06	+0.00000000000000E+00	+4.94776539081574E+06	+4.94773159240723E+06	+4.94779664646149E+06 	0	0	0	0
		B	s1	39	2:55:56 PM	0.0005243546	+1.10485318366059E-10	+1.62196704877319E-14	+6.37940628227145E-02	+2.60801525115967E+01	+4.94776412449632E+06	+0.00000000000000E+00	+4.94776541358948E+06	+4.94773159191132E+06	+4.94779665729523E+06 	0	0	0	0
		B	s1	40	2:55:59 PM	0.0005515873	+8.72939613677203E-11	+1.62290534812131E-14	+6.37571790858176E-02	+2.60811653137207E+01	+4.94776414568683E+06	+0.00000000000000E+00	+4.94776541580200E+06	+4.94773159301758E+06	+4.94779669857025E+06 	0	0	0	0
		B	s1	41	2:56:01 PM	0.0005795093	+8.72352964831762E-11	+1.62350598968558E-14	+6.37335913494700E-02	+2.60814914703369E+01	+4.94776413658869E+06	+0.00000000000000E+00	+4.94776543045044E+06	+4.94773157146454E+06	+4.94779670192719E+06 	0	0	0	0
		B	s1	42	2:56:03 PM	0.0006081209	+1.12157013431683E-10	+1.62362041083004E-14	+6.37290997919020E-02	+2.60772552490234E+01	+4.94776413931622E+06	+0.00000000000000E+00	+4.94776542259217E+06	+4.94773157718659E+06	+4.94779670166016E+06 	0	0	0	0
		B	s1	43	2:56:05 PM	0.0006374218	+8.99694779835779E-11	+1.62316504814471E-14	+6.37469776428828E-02	+2.60940284729004E+01	+4.94776416683919E+06	+0.00000000000000E+00	+4.94776548236847E+06	+4.94773159290314E+06	+4.94779674098969E+06 	0	0	0	0
		B	s1	44	2:56:08 PM	0.0006674122	+1.12207769414607E-10	+1.62417246090787E-14	+6.37074383095036E-02	+2.60793552398682E+01	+4.94776414717441E+06	+0.00000000000000E+00	+4.94776543590546E+06	+4.94773157135010E+06	+4.94779672321320E+06 	0	0	0	0
		B	s1	45	2:56:10 PM	0.0006980920	+8.75382680074767E-11	+1.62476133414800E-14	+6.36843484565352E-02	+2.60678272247314E+01	+4.94776414465673E+06	+0.00000000000000E+00	+4.94776542907715E+06	+4.94773157142639E+06	+4.94779671810150E+06 	0	0	0	0
		B	s1	46	2:56:12 PM	0.0007294612	+1.10406004490693E-10	+1.62581989517144E-14	+6.36428840939767E-02	+2.60667190551758E+01	+4.94776414026969E+06	+0.00000000000000E+00	+4.94776543643952E+06	+4.94773154720307E+06	+4.94779673355103E+06 	0	0	0	0
		B	s1	47	2:56:14 PM	0.0007615199	+8.70256659998731E-11	+1.62525691740198E-14	+6.36649294639951E-02	+2.60777320861816E+01	+4.94776414358846E+06	+0.00000000000000E+00	+4.94776545101166E+06	+4.94773154804230E+06	+4.94779673934937E+06 	0	0	0	0
		B	s1	48	2:56:16 PM	0.0007942680	+1.12409093578742E-10	+1.62519724957543E-14	+6.36672663603320E-02	+2.60820007324219E+01	+4.94776416344394E+06	+0.00000000000000E+00	+4.94776548236847E+06	+4.94773156375885E+06	+4.94779676334381E+06 	0	0	0	0
		B	s1	49	2:56:18 PM	0.0008277056	+1.13006477385970E-10	+1.62706430246140E-14	+6.35942093682636E-02	+2.60874958038330E+01	+4.94776412209233E+06	+0.00000000000000E+00	+4.94776550357819E+06	+4.94773147808075E+06	+4.94779676631928E+06 	0	0	0	0
		B	s1	50	2:56:21 PM	0.0008618326	+1.13340821289242E-10	+1.62657580447532E-14	+6.36133068545859E-02	+2.60612831115723E+01	+4.94776417311418E+06	+0.00000000000000E+00	+4.94776554672241E+06	+4.94773157169342E+06	+4.94779677474976E+06 	0	0	0	0
		B	s1	51	2:56:22 PM	0.0008966490	+6.83629007127660E-11	+1.62735409944736E-14	+6.35828817858014E-02	+2.60855312347412E+01	+4.94776423153597E+06	+0.00000000000000E+00	+4.94776556274414E+06	+4.94773158416748E+06	+4.94779687911987E+06 	0	0	0	0
		B	s1	52	2:56:24 PM	0.0009321549	+9.02957485224777E-11	+1.62833892557330E-14	+6.35444270218062E-02	+2.60837669372559E+01	+4.94776421494192E+06	+0.00000000000000E+00	+4.94776556716919E+06	+4.94773155002594E+06	+4.94779688007355E+06 	0	0	0	0
		B	s1	53	2:56:26 PM	0.0009683502	+9.10251263356361E-11	+1.62896383091403E-14	+6.35200506909623E-02	+2.60848293304443E+01	+4.94776418886837E+06	+0.00000000000000E+00	+4.94776553661347E+06	+4.94773151008606E+06	+4.94779686786652E+06 	0	0	0	0
		B	s1	54	2:56:27 PM	0.0010052349	+9.26777603334945E-11	+1.62866171265900E-14	+6.35318327973008E-02	+2.60959110260010E+01	+4.94776422476462E+06	+0.00000000000000E+00	+4.94776553184509E+06	+4.94773153816223E+06	+4.94779691158295E+06 	0	0	0	0
		B	s1	55	2:56:30 PM	0.0010428090	+9.16423030678143E-11	+1.62849614648904E-14	+6.35382917654358E-02	+2.61004829406738E+01	+4.94776423235585E+06	+0.00000000000000E+00	+4.94776560035706E+06	+4.94773154335022E+06	+4.94779692157745E+06 	0	0	0	0
		B	s1	56	2:56:32 PM	0.0010810726	+9.18052448553487E-11	+1.62905706579639E-14	+6.35164152855634E-02	+2.61010570526123E+01	+4.94776418883008E+06	+0.00000000000000E+00	+4.94776562034607E+06	+4.94773148784638E+06	+4.94779689002991E+06 	0	0	0	0
		B	s1	57	2:56:34 PM	0.0011200256	+9.17664568235500E-11	+1.63002904275667E-14	+6.34785407432609E-02	+2.61138839721680E+01	+4.94776419150013E+06	+0.00000000000000E+00	+4.94776557071686E+06	+4.94773145492554E+06	+4.94779692829132E+06 	0	0	0	0
		B	s1	58	2:56:36 PM	0.0011596681	+1.15147213836707E-10	+1.62973406423126E-14	+6.34900295809298E-02	+2.61206798553467E+01	+4.94776421675341E+06	+0.00000000000000E+00	+4.94776558021546E+06	+4.94773147758484E+06	+4.94779695613861E+06 	0	0	0	0
		B	s1	59	2:56:38 PM	0.0012000000	+9.30209868305899E-11	+1.62955776032381E-14	+6.34968969626660E-02	+2.61273860931396E+01	+4.94776428238524E+06	+0.00000000000000E+00	+4.94776562366486E+06	+4.94773153835297E+06	+4.94779702663422E+06 	0	0	0	0
		T	s2 	60	3:00:22 PM	0.0012000000	+8.19218483283168E-11	+1.63972517135969E-14	+6.31030901066713E-02	+2.74432220458984E+01	+4.94776753310498E+06	+0.00000000000000E+00	+4.94776872684479E+06	+4.94773292537689E+06	+4.94780214107514E+06 	0.928000	0.337992	0.316516	0.067430
		T	s2 	61	3:00:27 PM	0.0011596681	+7.81760663226868E-11	+1.64114543038113E-14	+6.30484691988196E-02	+2.74419841766357E+01	+4.94776796633995E+06	+0.00000000000000E+00	+4.94776921760559E+06	+4.94773333019257E+06	+4.94780260272980E+06 	0.912000	0.316000	0.314365	0.065091
		T	s2 	62	3:00:33 PM	0.0011200256	+6.58142406455305E-11	+1.64565158555480E-14	+6.28758237674614E-02	+2.74709911346436E+01	+4.94776815861884E+06	+0.00000000000000E+00	+4.94776944423676E+06	+4.94773339065552E+06	+4.94780292682648E+06 	0.888000	0.333992	0.309349	0.062785
		T	s2 	63	3:00:38 PM	0.0010810726	+8.76953468088636E-11	+1.64638919764653E-14	+6.28476518634882E-02	+2.75063438415527E+01	+4.94776825307032E+06	+0.00000000000000E+00	+4.94776953502655E+06	+4.94773342475891E+06	+4.94780308162689E+06 	0.856000	0.284000	0.304555	0.061408
		T	s2 	64	3:00:44 PM	0.0010428090	+7.07048746195061E-11	+1.64632874157679E-14	+6.28499565332395E-02	+2.75282917022705E+01	+4.94776837926032E+06	+0.00000000000000E+00	+4.94776962394715E+06	+4.94773352443695E+06	+4.94780323432923E+06 	0.848000	0.272000	0.297942	0.058768
		T	s2 	65	3:00:50 PM	0.0010052349	+9.44593567743951E-11	+1.64771813365101E-14	+6.27969567116512E-02	+2.75523242950439E+01	+4.94776851161082E+06	+0.00000000000000E+00	+4.94776971275330E+06	+4.94773359691620E+06	+4.94780342655182E+06 	0.808000	0.294000	0.290508	0.056590
		T	s2 	66	3:00:55 PM	0.0009683502	+7.54449333985216E-11	+1.64595278216327E-14	+6.28643083782711E-02	+2.75429553985596E+01	+4.94776853642577E+06	+0.00000000000000E+00	+4.94776973239899E+06	+4.94773367099762E+06	+4.94780340209961E+06 	0.784000	0.260000	0.283153	0.054456
		T	s2 	67	3:01:00 PM	0.0009321549	+9.99918606149607E-11	+1.64870647928684E-14	+6.27593085898412E-02	+2.75662670135498E+01	+4.94776864560179E+06	+0.00000000000000E+00	+4.94776988914490E+06	+4.94773369228363E+06	+4.94780359916687E+06 	0.768000	0.236000	0.275057	0.049877
		T	s2 	68	3:01:06 PM	0.0008966490	+1.00828627924944E-10	+1.64662824111142E-14	+6.28385171697114E-02	+2.75647754669189E+01	+4.94776868640030E+06	+0.00000000000000E+00	+4.94776989215851E+06	+4.94773377902985E+06	+4.94780359401703E+06 	0.776000	0.226000	0.263669	0.046321
		T	s2 	69	3:01:12 PM	0.0008618326	+1.04163857472945E-10	+1.64713424342730E-14	+6.28192104897764E-02	+2.75791625976563E+01	+4.94776878821437E+06	+0.00000000000000E+00	+4.94776995285034E+06	+4.94773385189057E+06	+4.94780372478485E+06 	0.720000	0.210000	0.256184	0.043959
		T	s2 	70	3:01:17 PM	0.0008277056	+1.03242930040017E-10	+1.64730964351113E-14	+6.28125214861598E-02	+2.75680961608887E+01	+4.94776879695009E+06	+0.00000000000000E+00	+4.94777001098633E+06	+4.94773387092591E+06	+4.94780372322083E+06 	0.728000	0.218000	0.251412	0.043117
		T	s2 	71	3:01:22 PM	0.0007942680	+1.06933998350324E-10	+1.64828996871878E-14	+6.27751602339914E-02	+2.75928649902344E+01	+4.94776892794643E+06	+0.00000000000000E+00	+4.94777017704010E+06	+4.94773394973755E+06	+4.94780390640259E+06 	0.704000	0.186000	0.247183	0.043081
		T	s2 	72	3:01:27 PM	0.0007615199	+8.73219466444530E-11	+1.64883844613494E-14	+6.27542771596195E-02	+2.76002311706543E+01	+4.94776897715588E+06	+0.00000000000000E+00	+4.94777014709473E+06	+4.94773397796631E+06	+4.94780397659302E+06 	0.696000	0.172000	0.242078	0.041522
		T	s2 	73	3:01:33 PM	0.0007294612	+9.04445218144660E-11	+1.64628764739218E-14	+6.28515095944647E-02	+2.76215133666992E+01	+4.94776900046387E+06	+0.00000000000000E+00	+4.94777014537812E+06	+4.94773402847290E+06	+4.94780397270203E+06 	0.680000	0.206000	0.236024	0.040029
		T	s2 	74	3:01:38 PM	0.0006980920	+8.76996401766009E-11	+1.64705318567245E-14	+6.28222969183130E-02	+2.75772953033447E+01	+4.94776899077482E+06	+0.00000000000000E+00	+4.94777023826599E+06	+4.94773405853272E+06	+4.94780392326355E+06 	0.656000	0.154000	0.230600	0.039312
		T	s2 	75	3:01:44 PM	0.0006674122	+6.98267992120282E-11	+1.64375313888934E-14	+6.29484177844132E-02	+2.75778903961182E+01	+4.94776910910722E+06	+0.00000000000000E+00	+4.94777023807526E+06	+4.94773424610138E+06	+4.94780397235871E+06 	0.656000	0.174000	0.226054	0.038619
		T	s2 	76	3:01:49 PM	0.0006374218	+1.15155920605145E-10	+1.64329656404802E-14	+6.29659052748774E-02	+2.76301937103271E+01	+4.94776919352607E+06	+0.00000000000000E+00	+4.94777027782440E+06	+4.94773427410126E+06	+4.94780411319733E+06 	0.648000	0.182000	0.221443	0.038041
		T	s2 	77	3:01:55 PM	0.0006081209	+9.50350594139880E-11	+1.64590984160765E-14	+6.28659323280473E-02	+2.76033210754395E+01	+4.94776917128623E+06	+0.00000000000000E+00	+4.94777035564423E+06	+4.94773423034668E+06	+4.94780411247254E+06 	0.632000	0.196000	0.216094	0.037370
		T	s2 	78	3:02:00 PM	0.0005795093	+7.35184968760918E-11	+1.64625040037071E-14	+6.28529248380634E-02	+2.76211109161377E+01	+4.94776926791230E+06	+0.00000000000000E+00	+4.94777037631989E+06	+4.94773429721832E+06	+4.94780423885346E+06 	0.632000	0.146000	0.210990	0.035937
		T	s2 	79	3:02:06 PM	0.0005515873	+1.16392720715193E-10	+1.64463198641102E-14	+6.29147746831971E-02	+2.76282653808594E+01	+4.94776931136189E+06	+0.00000000000000E+00	+4.94777041362763E+06	+4.94773436599732E+06	+4.94780425697327E+06 	0.624000	0.158000	0.205565	0.034876
		T	s2 	80	3:02:12 PM	0.0005243546	+7.95191067454790E-11	+1.64162866116896E-14	+6.30298732259438E-02	+2.76509819030762E+01	+4.94776941809736E+06	+0.00000000000000E+00	+4.94777048805237E+06	+4.94773450786591E+06	+4.94780432857514E+06 	0.616000	0.146000	0.200477	0.034554
		T	s2 	81	3:02:17 PM	0.0004978114	+8.10939750474506E-11	+1.64380632819326E-14	+6.29463707426292E-02	+2.76398773193359E+01	+4.94776950976431E+06	+0.00000000000000E+00	+4.94777061748505E+06	+4.94773456726074E+06	+4.94780445251465E+06 	0.592000	0.156000	0.195854	0.033598
		T	s2 	82	3:02:22 PM	0.0004719576	+6.45116752976227E-11	+1.64214937492735E-14	+6.30098805744546E-02	+2.77188110351562E+01	+4.94776966670050E+06	+0.00000000000000E+00	+4.94777071739197E+06	+4.94773465972901E+06	+4.94780467391968E+06 	0.568000	0.166000	0.190159	0.032831
		T	s2 	83	3:02:27 PM	0.0004467933	+9.18009688603691E-11	+1.64104817795758E-14	+6.30521585251675E-02	+2.77326793670654E+01	+4.94776981339472E+06	+0.00000000000000E+00	+4.94777084136963E+06	+4.94773481239319E+06	+4.94780481464386E+06 	0.560000	0.164000	0.185248	0.033063
		T	s2 	84	3:02:32 PM	0.0004223184	+9.28991175066163E-11	+1.64271323860918E-14	+6.29882464117509E-02	+2.77352008819580E+01	+4.94776989962568E+06	+0.00000000000000E+00	+4.94777100040436E+06	+4.94773485992432E+06	+4.94780493957520E+06 	0.552000	0.144000	0.179541	0.031493
		T	s2 	85	3:02:38 PM	0.0003985329	+7.40477368481230E-11	+1.64049702805475E-14	+6.30733376956489E-02	+2.77879676818848E+01	+4.94776997656799E+06	+0.00000000000000E+00	+4.94777101783753E+06	+4.94773491756439E+06	+4.94780503582001E+06 	0.552000	0.152000	0.174573	0.030925
		T	s2 	86	3:02:43 PM	0.0003754369	+7.81179526845810E-11	+1.64225580859869E-14	+6.30057873083249E-02	+2.77600345611572E+01	+4.94777004487013E+06	+0.00000000000000E+00	+4.94777113792420E+06	+4.94773498355866E+06	+4.94780510643006E+06 	0.528000	0.134000	0.169304	0.029946
		T	s2 	87	3:02:48 PM	0.0003530302	+8.39459051221346E-11	+1.64187726449596E-14	+6.30203072241542E-02	+2.78350086212158E+01	+4.94777029709730E+06	+0.00000000000000E+00	+4.94777135688782E+06	+4.94773514919281E+06	+4.94780544525147E+06 	0.504000	0.130000	0.163867	0.028712
		T	s2 	88	3:02:54 PM	0.0003313131	+9.27711096643838E-11	+1.64144778508164E-14	+6.30367888895442E-02	+2.79318389892578E+01	+4.94777058714700E+06	+0.00000000000000E+00	+4.94777159755707E+06	+4.94773532619476E+06	+4.94780584835053E+06 	0.504000	0.144000	0.158299	0.028629
		T	s2 	89	3:02:59 PM	0.0003102853	+6.01093523561685E-11	+1.64310168442619E-14	+6.29733290095193E-02	+2.80091342926025E+01	+4.94777093458868E+06	+0.00000000000000E+00	+4.94777185054779E+06	+4.94773554042816E+06	+4.94780632900238E+06 	0.496000	0.122000	0.154701	0.027867
		T	s2 	90	3:03:05 PM	0.0002899470	+8.84146727080516E-11	+1.64237889967764E-14	+6.30010361784669E-02	+2.80171089172363E+01	+4.94777118544321E+06	+0.00000000000000E+00	+4.94777208301544E+06	+4.94773579677582E+06	+4.94780657436371E+06 	0.480000	0.138000	0.148981	0.026919
		T	s2 	91	3:03:11 PM	0.0002702982	+9.69052603099652E-11	+1.64330135825748E-14	+6.29656623285224E-02	+2.80725059509277E+01	+4.94777152134573E+06	+0.00000000000000E+00	+4.94777240333557E+06	+4.94773604278565E+06	+4.94780700016022E+06 	0.456000	0.114000	0.144043	0.025691
		T	s2 	92	3:03:16 PM	0.0002513387	+8.78929659519565E-11	+1.64133780593879E-14	+6.30409784644324E-02	+2.81349296569824E+01	+4.94777193140635E+06	+0.00000000000000E+00	+4.94777275913239E+06	+4.94773641643524E+06	+4.94780744663239E+06 	0.432000	0.156000	0.139840	0.025544
		T	s2 	93	3:03:22 PM	0.0002330687	+9.52629216434743E-11	+1.64349061756427E-14	+6.29583956079581E-02	+2.81195163726807E+01	+4.94777214176764E+06	+0.00000000000000E+00	+4.94777302352906E+06	+4.94773659969330E+06	+4.94780768409729E+06 	0.432000	0.136000	0.134132	0.025538
		T	s2 	94	3:03:27 PM	0.0002154881	+8.28945974458847E-11	+1.64306622550321E-14	+6.29746524898117E-02	+2.81395015716553E+01	+4.94777233088114E+06	+0.00000000000000E+00	+4.94777324283600E+06	+4.94773677272797E+06	+4.94780788928986E+06 	0.416000	0.102000	0.129118	0.024554
		T	s2 	95	3:03:32 PM	0.0001985970	+6.97224508944444E-11	+1.64227903072191E-14	+6.30048298329826E-02	+2.81437892913818E+01	+4.94777265843020E+06	+0.00000000000000E+00	+4.94777344387055E+06	+4.94773711189270E+06	+4.94780820522309E+06 	0.416000	0.156000	0.124346	0.024642
		T	s2 	96	3:03:37 PM	0.0001823953	+9.80740629478602E-11	+1.63978980777149E-14	+6.31004684539977E-02	+2.81080913543701E+01	+4.94777279787717E+06	+0.00000000000000E+00	+4.94777364608765E+06	+4.94773735023499E+06	+4.94780824577332E+06 	0.368000	0.112000	0.118730	0.021864
		T	s2 	97	3:03:43 PM	0.0001668830	+8.54308009683284E-11	+1.64242521987586E-14	+6.29992116992659E-02	+2.81650772094727E+01	+4.94777305870617E+06	+0.00000000000000E+00	+4.94777390369415E+06	+4.94773748210907E+06	+4.94780863555908E+06 	0.376000	0.136000	0.114083	0.022270
		T	s2 	98	3:03:48 PM	0.0001520602	+7.27419072899260E-11	+1.64057731200213E-14	+6.30701663111424E-02	+2.81499061584473E+01	+4.94777330288537E+06	+0.00000000000000E+00	+4.94777415996552E+06	+4.94773778545380E+06	+4.94780882057190E+06 	0.352000	0.136000	0.108087	0.021451
		T	s2 	99	3:03:54 PM	0.0001379268	+9.77685776368975E-11	+1.63981588592913E-14	+6.30994485748504E-02	+2.81377639770508E+01	+4.94777344031007E+06	+0.00000000000000E+00	+4.94777431968689E+06	+4.94773795467377E+06	+4.94780892620087E+06 	0.336000	0.092000	0.103255	0.021806
		T	s2 	100	3:03:59 PM	0.0001244828	+1.03713893543495E-10	+1.64090036487839E-14	+6.30577408263461E-02	+2.81161727905273E+01	+4.94777363722477E+06	+0.00000000000000E+00	+4.94777445877075E+06	+4.94773815536499E+06	+4.94780911933899E+06 	0.328000	0.152000	0.097949	0.018637
		T	s2 	101	3:04:05 PM	0.0001117283	+7.04510090094146E-11	+1.63878410549597E-14	+6.31391662614442E-02	+2.80517654418945E+01	+4.94777382435565E+06	+0.00000000000000E+00	+4.94777463943482E+06	+4.94773846942902E+06	+4.94780917953491E+06 	0.320000	0.098000	0.092083	0.018725
		T	s2 	102	3:04:11 PM	0.0000996632	+1.15651440504556E-10	+1.63803494204865E-14	+6.31680408363690E-02	+2.80150394439697E+01	+4.94777391981889E+06	+0.00000000000000E+00	+4.94777483314514E+06	+4.94773862731934E+06	+4.94780921257019E+06 	0.296000	0.138000	0.087426	0.018985
		T	s2 	103	3:04:16 PM	0.0000882876	+1.03284923705102E-10	+1.63650185364181E-14	+6.32272108416934E-02	+2.79281978607178E+01	+4.94777416769893E+06	+0.00000000000000E+00	+4.94777513496399E+06	+4.94773901752472E+06	+4.94780931812287E+06 	0.288000	0.132000	0.082377	0.017537
		T	s2 	104	3:04:22 PM	0.0000776013	+7.51233298561400E-11	+1.63668069480316E-14	+6.32202973786248E-02	+2.78748970031738E+01	+4.94777434710460E+06	+0.00000000000000E+00	+4.94777539905548E+06	+4.94773926017761E+06	+4.94780943428040E+06 	0.272000	0.136000	0.078228	0.017732
		T	s2 	105	3:04:28 PM	0.0000676045	+8.22659081317736E-11	+1.64351329899448E-14	+6.29574623354299E-02	+2.78103294372559E+01	+4.94777467274577E+06	+0.00000000000000E+00	+4.94777569873810E+06	+4.94773952095032E+06	+4.94780982479096E+06 	0.256000	0.078000	0.071706	0.016903
		T	s2 	106	3:04:33 PM	0.0000582972	+1.30587477145061E-10	+1.64481152626612E-14	+6.29077651209720E-02	+2.77976646423340E+01	+4.94777489884279E+06	+0.00000000000000E+00	+4.94777592121124E+06	+4.94773973529816E+06	+4.94781006263733E+06 	0.240000	0.080000	0.066954	0.017516
		T	s2 	107	3:04:39 PM	0.0000496793	+7.57965007608421E-11	+1.63961002483729E-14	+6.31073286854975E-02	+2.78373088836670E+01	+4.94777509989684E+06	+0.00000000000000E+00	+4.94777606613159E+06	+4.94773999755860E+06	+4.94781020248413E+06 	0.248000	0.124000	0.063623	0.015721
		T	s2 	108	3:04:44 PM	0.0000417508	+8.45828051263093E-11	+1.64133355802493E-14	+6.30410544695824E-02	+2.77520771026611E+01	+4.94777535140034E+06	+0.00000000000000E+00	+4.94777635196686E+06	+4.94774031974793E+06	+4.94781038330078E+06 	0.256000	0.086000	0.056780	0.014447
		T	s2 	109	3:04:50 PM	0.0000345117	+7.73345265974730E-11	+1.64014704128147E-14	+6.30866514019261E-02	+2.77595844268799E+01	+4.94777567639358E+06	+0.00000000000000E+00	+4.94777663246155E+06	+4.94774066059113E+06	+4.94781069244385E+06 	0.224000	0.108000	0.055378	0.015037
		T	s2 	110	3:04:56 PM	0.0000279621	+8.66451064589477E-11	+1.64077585540163E-14	+6.30624671488020E-02	+2.77442722320557E+01	+4.94777594325077E+06	+0.00000000000000E+00	+4.94777709037781E+06	+4.94774093334198E+06	+4.94781095340729E+06 	0.232000	0.070000	0.046956	0.014185
		T	s2 	111	3:05:01 PM	0.0000221019	+5.47264551719500E-11	+1.64358402765553E-14	+6.29547123898520E-02	+2.76407184600830E+01	+4.94777627152505E+06	+0.00000000000000E+00	+4.94777736049652E+06	+4.94774133258820E+06	+4.94781121070862E+06 	0.168000	0.102000	0.043304	0.013148
		T	s2 	112	3:05:07 PM	0.0000169311	+8.93183296373196E-11	+1.64065067489637E-14	+6.30672637340432E-02	+2.75387306213379E+01	+4.94777653310018E+06	+0.00000000000000E+00	+4.94777772251129E+06	+4.94774178520203E+06	+4.94781128124237E+06 	0.168000	0.090000	0.039973	0.013276
		T	s2 	113	3:05:12 PM	0.0000124498	+9.87558529659430E-11	+1.64783769078457E-14	+6.27921895035657E-02	+2.75701141357422E+01	+4.94777682618202E+06	+0.00000000000000E+00	+4.94777805103302E+06	+4.94774188629151E+06	+4.94781176631928E+06 	0.176000	0.102000	0.033289	0.013816
		T	s2 	114	3:05:17 PM	0.0000086579	+9.06329337768831E-11	+1.64567403450472E-14	+6.28747361023849E-02	+2.75554962158203E+01	+4.94777720683204E+06	+0.00000000000000E+00	+4.94777840991974E+06	+4.94774233131409E+06	+4.94781208259583E+06 	0.120000	0.064000	0.029841	0.013357
		T	s2 	115	3:05:23 PM	0.0000055555	+5.73819935398020E-11	+1.64764701735399E-14	+6.27994424400426E-02	+2.75889377593994E+01	+4.94777736468362E+06	+0.00000000000000E+00	+4.94777864688873E+06	+4.94774240497589E+06	+4.94781232463837E+06 	0.120000	0.128000	0.024166	0.012836
		T	s2 	116	3:05:28 PM	0.0000031425	+8.57116786623801E-11	+1.64666140731728E-14	+6.28370313413515E-02	+2.75430984497070E+01	+4.94777735434635E+06	+0.00000000000000E+00	+4.94777884071350E+06	+4.94774247360230E+06	+4.94781223533631E+06 	0.112000	0.066000	0.021011	0.012160
		T	s2 	117	3:05:34 PM	0.0000014189	+1.07511580134892E-10	+1.64376856911553E-14	+6.29476141647477E-02	+2.74384460449219E+01	+4.94777746899844E+06	+0.00000000000000E+00	+4.94777889499664E+06	+4.94774278182984E+06	+4.94781215641022E+06 	0.104000	0.096000	0.016707	0.013186
		T	s2 	118	3:05:39 PM	0.0000003847	+1.04252568977253E-10	+1.64964933713680E-14	+6.27232080874774E-02	+2.72643775939941E+01	+4.94777773248025E+06	+0.00000000000000E+00	+4.94777903884888E+06	+4.94774314205170E+06	+4.94781232315064E+06 	0.104000	0.142000	0.013221	0.014475
		T	s2 	119	3:05:45 PM	0.0000000400	+1.87077645983628E-10	+1.64091332285508E-14	+6.30571467551600E-02	+2.66977176666260E+01	+4.94777740810367E+06	+0.00000000000000E+00	+4.94777949424744E+06	+4.94774371597290E+06	+4.94781110046387E+06 	0.096000	0.108000	0.018354	0.013887
		B	s3	120	3:07:55 PM	0.0000000400	+1.27522345015203E-10	+1.63546162588674E-14	+6.32676632455448E-02	+2.61010284423828E+01	+4.94776489933567E+06	+0.00000000000000E+00	+4.94776638595581E+06	+4.94773206981659E+06	+4.94779772907257E+06 	0	0	0	0
		B	s3	121	3:07:56 PM	0.0000003847	+1.00795426698256E-10	+1.63409425423503E-14	+6.33206101854737E-02	+2.62612552642822E+01	+4.94776466309031E+06	+0.00000000000000E+00	+4.94776618282318E+06	+4.94773165966034E+06	+4.94779766674042E+06 	0	0	0	0
		B	s3	122	3:07:58 PM	0.0000014189	+1.30076754925744E-10	+1.63221056429632E-14	+6.33936861624681E-02	+2.65203609466553E+01	+4.94776468734986E+06	+0.00000000000000E+00	+4.94776596981049E+06	+4.94773139671326E+06	+4.94779797821045E+06 	0	0	0	0
		B	s3	123	3:08:01 PM	0.0000031425	+5.83055242212969E-11	+1.63349142398987E-14	+6.33439756893251E-02	+2.66450290679932E+01	+4.94776476419570E+06	+0.00000000000000E+00	+4.94776604583740E+06	+4.94773129081726E+06	+4.94779823780060E+06 	0	0	0	0
		B	s3	124	3:08:03 PM	0.0000055555	+7.98165429093211E-11	+1.63519454153822E-14	+6.32779994956087E-02	+2.67341518402100E+01	+4.94776480424903E+06	+0.00000000000000E+00	+4.94776610004425E+06	+4.94773118389130E+06	+4.94779842483521E+06 	0	0	0	0
		B	s3	125	3:08:05 PM	0.0000086579	+5.94045353222150E-11	+1.63204628293713E-14	+6.34000620246601E-02	+2.66857471466064E+01	+4.94776489532577E+06	+0.00000000000000E+00	+4.94776608901978E+06	+4.94773140045166E+06	+4.94779839042664E+06 	0	0	0	0
		B	s3	126	3:08:07 PM	0.0000124498	+8.20520441167061E-11	+1.63349403544564E-14	+6.33438711647553E-02	+2.66518020629883E+01	+4.94776489139672E+06	+0.00000000000000E+00	+4.94776609977722E+06	+4.94773140945435E+06	+4.94779837356568E+06 	0	0	0	0
		B	s3	127	3:08:10 PM	0.0000169311	+9.00593087343699E-11	+1.62848689937825E-14	+6.35386359372801E-02	+2.66165904998779E+01	+4.94776487947679E+06	+0.00000000000000E+00	+4.94776612289429E+06	+4.94773154426575E+06	+4.94779821491242E+06 	0	0	0	0
		B	s3	128	3:08:11 PM	0.0000221019	+1.02558429966813E-10	+1.63105024472435E-14	+6.34387802261163E-02	+2.65856323242187E+01	+4.94776483680931E+06	+0.00000000000000E+00	+4.94776612213135E+06	+4.94773148796082E+06	+4.94779818588257E+06 	0	0	0	0
		B	s3	129	3:08:14 PM	0.0000279621	+3.62662306387532E-11	+1.62979340778713E-14	+6.34877017730998E-02	+2.66234054565430E+01	+4.94776484129143E+06	+0.00000000000000E+00	+4.94776597877503E+06	+4.94773147079468E+06	+4.94779821201325E+06 	0	0	0	0
		B	s3	130	3:08:16 PM	0.0000345117	+1.25496220452319E-10	+1.63204357590604E-14	+6.34001694675284E-02	+2.65651054382324E+01	+4.94776480625362E+06	+0.00000000000000E+00	+4.94776596336365E+06	+4.94773146286011E+06	+4.94779814987183E+06 	0	0	0	0
		B	s3	131	3:08:18 PM	0.0000417508	+1.00715257410173E-10	+1.63067027937994E-14	+6.34535641767877E-02	+2.66001167297363E+01	+4.94776476003845E+06	+0.00000000000000E+00	+4.94776593841553E+06	+4.94773140079499E+06	+4.94779811950684E+06 	0	0	0	0
		B	s3	132	3:08:20 PM	0.0000496793	+7.62730282373147E-11	+1.63111068903416E-14	+6.34364333001057E-02	+2.65504989624023E+01	+4.94776468338247E+06	+0.00000000000000E+00	+4.94776586139679E+06	+4.94773137737274E+06	+4.94779798961640E+06 	0	0	0	0
		B	s3	133	3:08:22 PM	0.0000582972	+7.72260560108277E-11	+1.63338539716453E-14	+6.33480893649167E-02	+2.65621566772461E+01	+4.94776469110682E+06	+0.00000000000000E+00	+4.94776587715149E+06	+4.94773132400513E+06	+4.94779805843353E+06 	0	0	0	0
		B	s3	134	3:08:24 PM	0.0000676045	+1.23298234899142E-10	+1.63122420324845E-14	+6.34320181111797E-02	+2.65639915466309E+01	+4.94776471269829E+06	+0.00000000000000E+00	+4.94776591388703E+06	+4.94773138744354E+06	+4.94779803817749E+06 	0	0	0	0
		B	s3	135	3:08:26 PM	0.0000776013	+9.72172622169451E-11	+1.63308964794292E-14	+6.33595602793719E-02	+2.65416812896729E+01	+4.94776474170899E+06	+0.00000000000000E+00	+4.94776588203430E+06	+4.94773140636444E+06	+4.94779807727814E+06 	0	0	0	0
		B	s3	136	3:08:28 PM	0.0000882876	+9.88560110696641E-11	+1.63870089982892E-14	+6.31426038060862E-02	+2.65360031127930E+01	+4.94776474926137E+06	+0.00000000000000E+00	+4.94776589225769E+06	+4.94773130653381E+06	+4.94779819221497E+06 	0	0	0	0
		B	s3	137	3:08:31 PM	0.0000996632	+7.98795149427227E-11	+1.63603522723102E-14	+6.32454846181673E-02	+2.65436763763428E+01	+4.94776477020436E+06	+0.00000000000000E+00	+4.94776592185974E+06	+4.94773137222290E+06	+4.94779816841126E+06 	0	0	0	0
		B	s3	138	3:08:33 PM	0.0001117283	+1.02436068344854E-10	+1.63473944593697E-14	+6.32956163453310E-02	+2.64945201873779E+01	+4.94776477030032E+06	+0.00000000000000E+00	+4.94776597042084E+06	+4.94773146057129E+06	+4.94779808025360E+06 	0	0	0	0
		B	s3	139	3:08:35 PM	0.0001244828	+7.78157833492179E-11	+1.63344756172888E-14	+6.33456765233986E-02	+2.65124683380127E+01	+4.94776476866003E+06	+0.00000000000000E+00	+4.94776598205567E+06	+4.94773146270752E+06	+4.94779807483673E+06 	0	0	0	0
		B	s3	140	3:08:37 PM	0.0001379268	+1.23955045002861E-10	+1.63487809154489E-14	+6.32902483508376E-02	+2.65234317779541E+01	+4.94776477884498E+06	+0.00000000000000E+00	+4.94776594680786E+06	+4.94773142993927E+06	+4.94779812797546E+06 	0	0	0	0
		B	s3	141	3:08:40 PM	0.0001520602	+7.99144691404728E-11	+1.63047787758298E-14	+6.34610529651132E-02	+2.64899520874023E+01	+4.94776471882160E+06	+0.00000000000000E+00	+4.94776593254090E+06	+4.94773150165558E+06	+4.94779793621063E+06 	0	0	0	0
		B	s3	142	3:08:42 PM	0.0001668830	+7.30372543832255E-11	+1.63357057684443E-14	+6.33409090861653E-02	+2.66131477355957E+01	+4.94776466034083E+06	+0.00000000000000E+00	+4.94776587310791E+06	+4.94773122539520E+06	+4.94779809551239E+06 	0	0	0	0
		B	s3	143	3:08:44 PM	0.0001823953	+9.80292415558777E-11	+1.63277431569000E-14	+6.33717975933912E-02	+2.66328849792480E+01	+4.94776470682286E+06	+0.00000000000000E+00	+4.94776584403992E+06	+4.94773126338959E+06	+4.94779815048218E+06 	0	0	0	0
		B	s3	144	3:08:46 PM	0.0001985970	+9.73173459119085E-11	+1.63419402535305E-14	+6.33167447505246E-02	+2.66243324279785E+01	+4.94776464641700E+06	+0.00000000000000E+00	+4.94776588562012E+06	+4.94773118465424E+06	+4.94779810840607E+06 	0	0	0	0
		B	s3	145	3:08:49 PM	0.0002154881	+1.21085890769825E-10	+1.63580898758917E-14	+6.32542343852979E-02	+2.66042480468750E+01	+4.94776466711168E+06	+0.00000000000000E+00	+4.94776589561463E+06	+4.94773119754791E+06	+4.94779813690186E+06 	0	0	0	0
		B	s3	146	3:08:51 PM	0.0002330687	+7.69885727002815E-11	+1.63635633957846E-14	+6.32330762017237E-02	+2.66112022399902E+01	+4.94776466703525E+06	+0.00000000000000E+00	+4.94776584766388E+06	+4.94773117752075E+06	+4.94779815677643E+06 	0	0	0	0
		B	s3	147	3:08:53 PM	0.0002513387	+1.20261067846095E-10	+1.63660018642429E-14	+6.32236549168090E-02	+2.66202392578125E+01	+4.94776465963463E+06	+0.00000000000000E+00	+4.94776585468292E+06	+4.94773115375519E+06	+4.94779816574097E+06 	0	0	0	0
		B	s3	148	3:08:55 PM	0.0002702982	+7.70688527372314E-11	+1.63709511172321E-14	+6.32045416261550E-02	+2.66292495727539E+01	+4.94776464262093E+06	+0.00000000000000E+00	+4.94776586963654E+06	+4.94773111526489E+06	+4.94779817020416E+06 	0	0	0	0
		B	s3	149	3:08:58 PM	0.0002899470	+1.22181487766537E-10	+1.63816139323891E-14	+6.31634005596776E-02	+2.66433906555176E+01	+4.94776468738614E+06	+0.00000000000000E+00	+4.94776586879730E+06	+4.94773112037659E+06	+4.94779825462341E+06 	0	0	0	0
		B	s3	150	3:09:00 PM	0.0003102853	+7.80793615129221E-11	+1.63902842623663E-14	+6.31299874256920E-02	+2.66647338867187E+01	+4.94776469512967E+06	+0.00000000000000E+00	+4.94776592029572E+06	+4.94773108345032E+06	+4.94779830703735E+06 	0	0	0	0
		B	s3	151	3:09:02 PM	0.0003313131	+1.23946740566043E-10	+1.64055635296802E-14	+6.30711907991506E-02	+2.66754550933838E+01	+4.94776472343442E+06	+0.00000000000000E+00	+4.94776595016480E+06	+4.94773106689453E+06	+4.94779838020325E+06 	0	0	0	0
		B	s3	152	3:09:04 PM	0.0003530302	+8.09282810600379E-11	+1.64027219008923E-14	+6.30821166306649E-02	+2.66922626495361E+01	+4.94776475101457E+06	+0.00000000000000E+00	+4.94776598819733E+06	+4.94773107910156E+06	+4.94779842315674E+06 	0	0	0	0
		B	s3	153	3:09:07 PM	0.0003754369	+7.90890689881202E-11	+1.63982567047659E-14	+6.30992939387733E-02	+2.66804294586182E+01	+4.94776474172595E+06	+0.00000000000000E+00	+4.94776595329285E+06	+4.94773109390259E+06	+4.94779838977814E+06 	0	0	0	0
		B	s3	154	3:09:09 PM	0.0003985329	+8.07576104270882E-11	+1.64072010813262E-14	+6.30648943220754E-02	+2.66836299896240E+01	+4.94776478376376E+06	+0.00000000000000E+00	+4.94776601734162E+06	+4.94773111354828E+06	+4.94779845420838E+06 	0	0	0	0
		B	s3	155	3:09:11 PM	0.0004223184	+7.99744742676908E-11	+1.64325231432022E-14	+6.29677138949323E-02	+2.66741905212402E+01	+4.94776475139578E+06	+0.00000000000000E+00	+4.94776601467133E+06	+4.94773104114533E+06	+4.94779846187592E+06 	0	0	0	0
		B	s3	156	3:09:13 PM	0.0004467933	+1.25574777224137E-10	+1.64462486304042E-14	+6.29151614543061E-02	+2.66802482604980E+01	+4.94776481822904E+06	+0.00000000000000E+00	+4.94776607013703E+06	+4.94773107215882E+06	+4.94779856452942E+06 	0	0	0	0
		B	s3	157	3:09:15 PM	0.0004719576	+8.12410332336470E-11	+1.64430460067393E-14	+6.29274160993693E-02	+2.66793365478516E+01	+4.94776479406298E+06	+0.00000000000000E+00	+4.94776602977753E+06	+4.94773105571747E+06	+4.94779853263855E+06 	0	0	0	0
		B	s3	158	3:09:18 PM	0.0004978114	+1.03569412270604E-10	+1.64492176424243E-14	+6.29038061658395E-02	+2.66788101196289E+01	+4.94776479370050E+06	+0.00000000000000E+00	+4.94776609283448E+06	+4.94773104335785E+06	+4.94779854427338E+06 	0	0	0	0
		B	s3	159	3:09:20 PM	0.0005243546	+8.20963606965941E-11	+1.64466958249696E-14	+6.29134510000131E-02	+2.66850872039795E+01	+4.94776480867317E+06	+0.00000000000000E+00	+4.94776606925965E+06	+4.94773105556488E+06	+4.94779856201172E+06 	0	0	0	0
		B	s3	160	3:09:22 PM	0.0005515873	+1.03763793925149E-10	+1.64518012276645E-14	+6.28939276378499E-02	+2.66703090667725E+01	+4.94776479904112E+06	+0.00000000000000E+00	+4.94776606437683E+06	+4.94773105415344E+06	+4.94779854415894E+06 	0	0	0	0
		B	s3	161	3:09:23 PM	0.0005795093	+1.06045707466521E-10	+1.64629660961466E-14	+6.28512725513435E-02	+2.67051124572754E+01	+4.94776486314665E+06	+0.00000000000000E+00	+4.94776610969544E+06	+4.94773105129242E+06	+4.94779867523193E+06 	0	0	0	0
		B	s3	162	3:09:25 PM	0.0006081209	+8.40769137533985E-11	+1.64745763240075E-14	+6.28069796823098E-02	+2.66839141845703E+01	+4.94776483602417E+06	+0.00000000000000E+00	+4.94776614582062E+06	+4.94773102718353E+06	+4.94779864509583E+06 	0	0	0	0
		B	s3	163	3:09:27 PM	0.0006374218	+8.58362881767335E-11	+1.64481560479655E-14	+6.29078650318270E-02	+2.66968460083008E+01	+4.94776483547130E+06	+0.00000000000000E+00	+4.94776612899780E+06	+4.94773106449127E+06	+4.94779860668183E+06 	0	0	0	0
		B	s3	164	3:09:29 PM	0.0006674122	+1.06306041879452E-10	+1.64867868357141E-14	+6.27604630517588E-02	+2.66857376098633E+01	+4.94776484657162E+06	+0.00000000000000E+00	+4.94776613899231E+06	+4.94773101036072E+06	+4.94779868301392E+06 	0	0	0	0
		B	s3	165	3:09:31 PM	0.0006980920	+8.47466969434928E-11	+1.64748341383535E-14	+6.28059963421293E-02	+2.66987457275391E+01	+4.94776485473513E+06	+0.00000000000000E+00	+4.94776611999512E+06	+4.94773102657318E+06	+4.94779868312836E+06 	0	0	0	0
		B	s3	166	3:09:33 PM	0.0007294612	+8.47408399347416E-11	+1.64894625104844E-14	+6.27502786144356E-02	+2.66835880279541E+01	+4.94776486883036E+06	+0.00000000000000E+00	+4.94776612632752E+06	+4.94773102985382E+06	+4.94779870803833E+06 	0	0	0	0
		B	s3	167	3:09:35 PM	0.0007615199	+1.07137627530126E-10	+1.64965295328811E-14	+6.27233968151540E-02	+2.66901073455811E+01	+4.94776486589289E+06	+0.00000000000000E+00	+4.94776614994049E+06	+4.94773100414276E+06	+4.94779872787476E+06 	0	0	0	0
		B	s3	168	3:09:37 PM	0.0007942680	+1.08113093638383E-10	+1.65095921004426E-14	+6.26737691431736E-02	+2.66796703338623E+01	+4.94776487548676E+06	+0.00000000000000E+00	+4.94776618362427E+06	+4.94773100017548E+06	+4.94779875102997E+06 	0	0	0	0
		B	s3	169	3:09:38 PM	0.0008277056	+8.45953794409430E-11	+1.64987177634706E-14	+6.27150777697211E-02	+2.66898593902588E+01	+4.94776486667487E+06	+0.00000000000000E+00	+4.94776618572235E+06	+4.94773100074768E+06	+4.94779873283386E+06 	0	0	0	0
		B	s3	170	3:09:41 PM	0.0008618326	+1.09175309682176E-10	+1.64986833190617E-14	+6.27152075239740E-02	+2.67146720886230E+01	+4.94776491308045E+06	+0.00000000000000E+00	+4.94776617038727E+06	+4.94773101573944E+06	+4.94779881065369E+06 	0	0	0	0
		B	s3	171	3:09:43 PM	0.0008966490	+8.83649271173603E-11	+1.65003211042771E-14	+6.27089821843568E-02	+2.67085933685303E+01	+4.94776492757633E+06	+0.00000000000000E+00	+4.94776619941712E+06	+4.94773103458405E+06	+4.94779882080078E+06 	0	0	0	0
		B	s3	172	3:09:45 PM	0.0009321549	+1.08912968624949E-10	+1.65119385951770E-14	+6.26648618875231E-02	+2.67213134765625E+01	+4.94776490510749E+06	+0.00000000000000E+00	+4.94776619209290E+06	+4.94773097209931E+06	+4.94779883834839E+06 	0	0	0	0
		B	s3	173	3:09:47 PM	0.0009683502	+6.39595757377224E-11	+1.65256954810006E-14	+6.26126956597596E-02	+2.67268924713135E+01	+4.94776492864393E+06	+0.00000000000000E+00	+4.94776627872467E+06	+4.94773096027374E+06	+4.94779889724732E+06 	0	0	0	0
		B	s3	174	3:09:49 PM	0.0010052349	+8.81805211610371E-11	+1.65224318023430E-14	+6.26250633385040E-02	+2.67381458282471E+01	+4.94776493722694E+06	+0.00000000000000E+00	+4.94776623695374E+06	+4.94773096126557E+06	+4.94779891342163E+06 	0	0	0	0
		B	s3	175	3:09:51 PM	0.0010428090	+1.09675149647804E-10	+1.65225975015997E-14	+6.26244359960448E-02	+2.67485351562500E+01	+4.94776490949400E+06	+0.00000000000000E+00	+4.94776624107361E+06	+4.94773091999054E+06	+4.94779889923096E+06 	0	0	0	0
		B	s3	176	3:09:53 PM	0.0010810726	+8.73757997957632E-11	+1.65322291453378E-14	+6.25879503538681E-02	+2.67572383880615E+01	+4.94776493995415E+06	+0.00000000000000E+00	+4.94776624248505E+06	+4.94773091957093E+06	+4.94779896057129E+06 	0	0	0	0
		B	s3	177	3:09:55 PM	0.0011200256	+8.96841076681083E-11	+1.65291749128592E-14	+6.25995154179375E-02	+2.67733306884766E+01	+4.94776493322111E+06	+0.00000000000000E+00	+4.94776627872467E+06	+4.94773089866638E+06	+4.94779896800995E+06 	0	0	0	0
		B	s3	178	3:09:57 PM	0.0011596681	+8.74553374215055E-11	+1.65532143635658E-14	+6.25086041177931E-02	+2.67675895690918E+01	+4.94776497213073E+06	+0.00000000000000E+00	+4.94776634532929E+06	+4.94773089538574E+06	+4.94779904911042E+06 	0	0	0	0
		B	s3	179	3:09:59 PM	0.0012000000	+8.79804398619558E-11	+1.65452913293173E-14	+6.25385383889823E-02	+2.67750568389893E+01	+4.94776494003010E+06	+0.00000000000000E+00	+4.94776631645203E+06	+4.94773087009430E+06	+4.94779901020050E+06 	0	0	0	0

