	10/06/22	Test 001 N (today) Location 07 Ramp 02
	Tip H10	Box 5b Xtal 01		DLC	50 uN	02.5%		Points/Segment: 59	
		Seg 	ID Tag	Number	Time	Power	C0	C1	L1	R1	fs	fa	fr	f1	f2	Ch1 (Pk-Pk)	Ch2 (Pk-Pk)	Ch1 (RMS)	Ch2 (RMS)	
						uW	F	F	H	Ohms	Hz	Hz	Hz	Hz	Hz	V	V	V	V	
		B	s1	0	9:12:08 AM	0.0000000400	-6.02773468034095E-11	+1.55418741672096E-14	+6.65762371104509E-02	+1.82327060699463E+01	+4.94776216006248E+06	+0.00000000000000E+00	+4.94776326015473E+06	+4.94774036685944E+06	+4.94778395336151E+06 	0	0	0	0
		B	s1	1	9:12:09 AM	0.0000000831	+1.48524700208910E-10	+1.54547935460420E-14	+6.69513592486369E-02	+1.81953296661377E+01	+4.94776231518787E+06	+0.00000000000000E+00	+4.94776337341309E+06	+4.94774068851471E+06	+4.94778394195557E+06 	0	0	0	0
		B	s1	2	9:12:12 AM	0.0000002123	+1.21018765944041E-10	+1.53636541694514E-14	+6.73485222273251E-02	+1.83779411315918E+01	+4.94776238808635E+06	+0.00000000000000E+00	+4.94776313980103E+06	+4.94774067317963E+06	+4.94778410308838E+06 	0	0	0	0
		B	s1	3	9:12:14 AM	0.0000004277	-4.81822688331186E-11	+1.54277438484294E-14	+6.70687488589606E-02	+1.83072395324707E+01	+4.94776221282006E+06	+0.00000000000000E+00	+4.94776329345703E+06	+4.94774049121857E+06	+4.94778393451691E+06 	0	0	0	0
		B	s1	4	9:12:16 AM	0.0000007293	+1.03570190662135E-11	+1.54734704644065E-14	+6.68705519315572E-02	+1.83889751434326E+01	+4.94776213482786E+06	+0.00000000000000E+00	+4.94776326286316E+06	+4.94774025157929E+06	+4.94778401817322E+06 	0	0	0	0
		B	s1	5	9:12:18 AM	0.0000011170	+1.17247343203281E-10	+1.54034017907647E-14	+6.71747334344707E-02	+1.84795303344727E+01	+4.94776237624094E+06	+0.00000000000000E+00	+4.94776321296692E+06	+4.94774048480988E+06	+4.94778426776886E+06 	0	0	0	0
		B	s1	6	9:12:20 AM	0.0000015909	+6.64210491611971E-11	+1.54184578864701E-14	+6.71091407751034E-02	+1.84778766632080E+01	+4.94776225296891E+06	+0.00000000000000E+00	+4.94776330787659E+06	+4.94774034210205E+06	+4.94778416393280E+06 	0	0	0	0
		B	s1	7	9:12:22 AM	0.0000021509	+6.55390585334283E-11	+1.54102248598383E-14	+6.71449944371826E-02	+1.85244903564453E+01	+4.94776224902051E+06	+0.00000000000000E+00	+4.94776335216522E+06	+4.94774029460907E+06	+4.94778420352936E+06 	0	0	0	0
		B	s1	8	9:12:24 AM	0.0000027971	+6.67271585981238E-11	+1.54225394334935E-14	+6.70913795862312E-02	+1.85161952972412E+01	+4.94776228529824E+06	+0.00000000000000E+00	+4.94776336532593E+06	+4.94774032318115E+06	+4.94778424751282E+06 	0	0	0	0
		B	s1	9	9:12:26 AM	0.0000035294	+2.00291958152042E-11	+1.54412864336237E-14	+6.70099234942228E-02	+1.84831142425537E+01	+4.94776234446425E+06	+0.00000000000000E+00	+4.94776338668823E+06	+4.94774039493561E+06	+4.94778429409027E+06 	0	0	0	0
		B	s1	10	9:12:28 AM	0.0000043480	+7.30870489321077E-11	+1.54284195473744E-14	+6.70658084852990E-02	+1.85224800109863E+01	+4.94776232527620E+06	+0.00000000000000E+00	+4.94776342052460E+06	+4.94774034732819E+06	+4.94778430332184E+06 	0	0	0	0
		B	s1	11	9:12:29 AM	0.0000052526	+7.65719016044433E-11	+1.54069970220661E-14	+6.71590585537432E-02	+1.85017299652100E+01	+4.94776236222179E+06	+0.00000000000000E+00	+4.94776343738556E+06	+4.94774043937683E+06	+4.94778428516388E+06 	0	0	0	0
		B	s1	12	9:12:32 AM	0.0000062435	+2.57994305567620E-11	+1.54410133295183E-14	+6.70111071796721E-02	+1.84939289093018E+01	+4.94776240036859E+06	+0.00000000000000E+00	+4.94776345073700E+06	+4.94774043838501E+06	+4.94778436244965E+06 	0	0	0	0
		B	s1	13	9:12:33 AM	0.0000073204	+7.81923763221771E-11	+1.54389498994344E-14	+6.70200630204819E-02	+1.84807224273682E+01	+4.94776240982912E+06	+0.00000000000000E+00	+4.94776344104767E+06	+4.94774046646118E+06	+4.94778435329437E+06 	0	0	0	0
		B	s1	14	9:12:36 AM	0.0000084836	+2.62803277404397E-11	+1.54100618223971E-14	+6.71456997016784E-02	+1.84949436187744E+01	+4.94776243784818E+06	+0.00000000000000E+00	+4.94776349456787E+06	+4.94774051868439E+06	+4.94778435710907E+06 	0	0	0	0
		B	s1	15	9:12:38 AM	0.0000097329	+7.62731442303035E-11	+1.54251820969022E-14	+6.70798794900119E-02	+1.84960269927979E+01	+4.94776250321292E+06	+0.00000000000000E+00	+4.94776351535797E+06	+4.94774056125641E+06	+4.94778444526673E+06 	0	0	0	0
		B	s1	16	9:12:40 AM	0.0000110684	+3.52349958322814E-11	+1.53975093709963E-14	+6.72004376172496E-02	+1.85223426818848E+01	+4.94776247506049E+06	+0.00000000000000E+00	+4.94776352333069E+06	+4.94774054130554E+06	+4.94778440891266E+06 	0	0	0	0
		B	s1	17	9:12:43 AM	0.0000124900	-2.06070872422596E-11	+1.54253011313471E-14	+6.70793642378561E-02	+1.85075092315674E+01	+4.94776241499798E+06	+0.00000000000000E+00	+4.94776346500397E+06	+4.94774045925140E+06	+4.94778437084198E+06 	0	0	0	0
		B	s1	18	9:12:45 AM	0.0000139978	+1.24650082743863E-10	+1.54033568655028E-14	+6.71749283943185E-02	+1.85244407653809E+01	+4.94776241164110E+06	+0.00000000000000E+00	+4.94776346637726E+06	+4.94774046707153E+06	+4.94778435630798E+06 	0	0	0	0
		B	s1	19	9:12:47 AM	0.0000155917	+2.96142415736095E-11	+1.54582296360552E-14	+6.69364730271901E-02	+1.84777431488037E+01	+4.94776246756446E+06	+0.00000000000000E+00	+4.94776348575592E+06	+4.94774050033570E+06	+4.94778443489075E+06 	0	0	0	0
		B	s1	20	9:12:49 AM	0.0000172718	+7.73892941854141E-11	+1.54261247899727E-14	+6.70757817125877E-02	+1.84549617767334E+01	+4.94776244843407E+06	+0.00000000000000E+00	+4.94776352447510E+06	+4.94774055385590E+06	+4.94778434310913E+06 	0	0	0	0
		B	s1	21	9:12:51 AM	0.0000190381	+2.88545715378338E-11	+1.53925467716715E-14	+6.72221062826797E-02	+1.84589042663574E+01	+4.94776236245099E+06	+0.00000000000000E+00	+4.94776348754883E+06	+4.94774051086426E+06	+4.94778421413422E+06 	0	0	0	0
		B	s1	22	9:12:53 AM	0.0000208905	+2.80563541646764E-11	+1.54054239492710E-14	+6.71659150839863E-02	+1.84360046386719E+01	+4.94776240605301E+06	+0.00000000000000E+00	+4.94776344333649E+06	+4.94774056331635E+06	+4.94778424888611E+06 	0	0	0	0
		B	s1	23	9:12:55 AM	0.0000228291	+2.60687611773456E-11	+1.53950969925365E-14	+6.72109682688657E-02	+1.84798488616943E+01	+4.94776245709350E+06	+0.00000000000000E+00	+4.94776346603394E+06	+4.94774057708740E+06	+4.94778433719635E+06 	0	0	0	0
		B	s1	24	9:12:58 AM	0.0000248538	+8.04870610992279E-11	+1.54203100541329E-14	+6.71010745640707E-02	+1.84366703033447E+01	+4.94776245881018E+06	+0.00000000000000E+00	+4.94776350135803E+06	+4.94774059417725E+06	+4.94778432353974E+06 	0	0	0	0
		B	s1	25	9:13:00 AM	0.0000269647	+2.65735764721533E-11	+1.53974662561504E-14	+6.72006276718299E-02	+1.84602222442627E+01	+4.94776240567147E+06	+0.00000000000000E+00	+4.94776346969605E+06	+4.94774054553986E+06	+4.94778426589966E+06 	0	0	0	0
		B	s1	26	9:13:02 AM	0.0000291618	-2.66671235438332E-11	+1.54306789380663E-14	+6.70559852483395E-02	+1.84222564697266E+01	+4.94776244805275E+06	+0.00000000000000E+00	+4.94776343250275E+06	+4.94774058582306E+06	+4.94778431037903E+06 	0	0	0	0
		B	s1	27	9:13:03 AM	0.0000314450	+7.47914279220978E-11	+1.54064308065164E-14	+6.71615258159580E-02	+1.84310169219971E+01	+4.94776239760348E+06	+0.00000000000000E+00	+4.94776348766327E+06	+4.94774055934906E+06	+4.94778423595429E+06 	0	0	0	0
		B	s1	28	9:13:05 AM	0.0000338144	+2.70463177270179E-11	+1.54166838206738E-14	+6.71168587402990E-02	+1.84404602050781E+01	+4.94776242176947E+06	+0.00000000000000E+00	+4.94776346897125E+06	+4.94774055778504E+06	+4.94778428585053E+06 	0	0	0	0
		B	s1	29	9:13:07 AM	0.0000362699	+7.88180773390820E-11	+1.54049076214782E-14	+6.71681665862175E-02	+1.84213123321533E+01	+4.94776239516213E+06	+0.00000000000000E+00	+4.94776340820313E+06	+4.94774057056427E+06	+4.94778421985626E+06 	0	0	0	0
		B	s1	30	9:13:09 AM	0.0000388116	+7.21125699688626E-11	+1.54278505182661E-14	+6.70682806846290E-02	+1.84037399291992E+01	+4.94776237709949E+06	+0.00000000000000E+00	+4.94776343555451E+06	+4.94774054084778E+06	+4.94778421344757E+06 	0	0	0	0
		B	s1	31	9:13:12 AM	0.0000414395	+7.72092698806970E-11	+1.54139711444892E-14	+6.71286701856794E-02	+1.83923149108887E+01	+4.94776243378604E+06	+0.00000000000000E+00	+4.94776341876984E+06	+4.94774063072205E+06	+4.94778423694611E+06 	0	0	0	0
		B	s1	32	9:13:13 AM	0.0000441535	+8.05048271261285E-11	+1.54272586549903E-14	+6.70708531782710E-02	+1.84120979309082E+01	+4.94776239796584E+06	+0.00000000000000E+00	+4.94776344799042E+06	+4.94774055263520E+06	+4.94778424339295E+06 	0	0	0	0
		B	s1	33	9:13:16 AM	0.0000469537	+7.25939335776721E-11	+1.54062124836968E-14	+6.71624781318592E-02	+1.83379592895508E+01	+4.94776237683294E+06	+0.00000000000000E+00	+4.94776341762543E+06	+4.94774064914704E+06	+4.94778410461426E+06 	0	0	0	0
		B	s1	34	9:13:18 AM	0.0000498400	+7.67456716635662E-11	+1.54150390779964E-14	+6.71240202041922E-02	+1.83678894042969E+01	+4.94776241152740E+06	+0.00000000000000E+00	+4.94776345054627E+06	+4.94774063591004E+06	+4.94778418724060E+06 	0	0	0	0
		B	s1	35	9:13:20 AM	0.0000528125	+7.56458869592441E-11	+1.54146633151587E-14	+6.71256563242086E-02	+1.83466491699219E+01	+4.94776241744030E+06	+0.00000000000000E+00	+4.94776345005036E+06	+4.94774066753388E+06	+4.94778416744232E+06 	0	0	0	0
		B	s1	36	9:13:22 AM	0.0000558711	+1.22335865594587E-10	+1.54108428248390E-14	+6.71422986245658E-02	+1.83562831878662E+01	+4.94776237212166E+06	+0.00000000000000E+00	+4.94776337970734E+06	+4.94774061618805E+06	+4.94778412815094E+06 	0	0	0	0
		B	s1	37	9:13:24 AM	0.0000590159	+2.29391172897013E-11	+1.54169182679811E-14	+6.71158387147664E-02	+1.83409576416016E+01	+4.94776239853849E+06	+0.00000000000000E+00	+4.94776339477539E+06	+4.94774065219879E+06	+4.94778414497376E+06 	0	0	0	0
		B	s1	38	9:13:26 AM	0.0000622469	+7.18095832054335E-11	+1.54398018846633E-14	+6.70163656483227E-02	+1.83439884185791E+01	+4.94776237776730E+06	+0.00000000000000E+00	+4.94776346458435E+06	+4.94774059555054E+06	+4.94778416007996E+06 	0	0	0	0
		B	s1	39	9:13:27 AM	0.0000655640	+1.17595206806002E-10	+1.54377871525319E-14	+6.70251116590375E-02	+1.83104934692383E+01	+4.94776238009445E+06	+0.00000000000000E+00	+4.94776339649201E+06	+4.94774064048767E+06	+4.94778411979675E+06 	0	0	0	0
		B	s1	40	9:13:29 AM	0.0000689673	+7.79199996683255E-11	+1.54119929461381E-14	+6.71372881516672E-02	+1.83149414062500E+01	+4.94776237113005E+06	+0.00000000000000E+00	+4.94776336982727E+06	+4.94774066257477E+06	+4.94778407978058E+06 	0	0	0	0
		B	s1	41	9:13:31 AM	0.0000724568	+7.09945038110120E-11	+1.54131087971819E-14	+6.71324280224415E-02	+1.83129558563232E+01	+4.94776235795028E+06	+0.00000000000000E+00	+4.94776338382721E+06	+4.94774065017700E+06	+4.94778406581879E+06 	0	0	0	0
		B	s1	42	9:13:33 AM	0.0000760324	+2.10679448983463E-11	+1.54277978971386E-14	+6.70685099426631E-02	+1.82962913513184E+01	+4.94776235859877E+06	+0.00000000000000E+00	+4.94776338226319E+06	+4.94774064990997E+06	+4.94778406738281E+06 	0	0	0	0
		B	s1	43	9:13:35 AM	0.0000796941	+7.31516679426514E-11	+1.54290567916079E-14	+6.70630382147766E-02	+1.82808303833008E+01	+4.94776233809484E+06	+0.00000000000000E+00	+4.94776337028504E+06	+4.94774064598084E+06	+4.94778403030396E+06 	0	0	0	0
		B	s1	44	9:13:37 AM	0.0000834421	+2.13995040709568E-11	+1.54235070215700E-14	+6.70871690621675E-02	+1.82962360382080E+01	+4.94776234322557E+06	+0.00000000000000E+00	+4.94776340065003E+06	+4.94774064064026E+06	+4.94778404590607E+06 	0	0	0	0
		B	s1	45	9:13:40 AM	0.0000872761	+2.18082140876705E-11	+1.54236589604472E-14	+6.70865078391573E-02	+1.82906208038330E+01	+4.94776235596668E+06	+0.00000000000000E+00	+4.94776337924957E+06	+4.94774065982819E+06	+4.94778405220032E+06 	0	0	0	0
		B	s1	46	9:13:42 AM	0.0000911964	+7.11108076759302E-11	+1.54107225468960E-14	+6.71428226478766E-02	+1.82821407318115E+01	+4.94776237250352E+06	+0.00000000000000E+00	+4.94776339347840E+06	+4.94774070461273E+06	+4.94778404048920E+06 	0	0	0	0
		B	s1	47	9:13:44 AM	0.0000952028	+7.24221852062286E-11	+1.54212810222539E-14	+6.70968524548821E-02	+1.82718429565430E+01	+4.94776235678696E+06	+0.00000000000000E+00	+4.94776338989258E+06	+4.94774068626404E+06	+4.94778402740479E+06 	0	0	0	0
		B	s1	48	9:13:45 AM	0.0000992953	+2.05826663668663E-11	+1.54339780099343E-14	+6.70416554943617E-02	+1.82847232818604E+01	+4.94776231080064E+06	+0.00000000000000E+00	+4.94776337108612E+06	+4.94774060714722E+06	+4.94778401454926E+06 	0	0	0	0
		B	s1	49	9:13:47 AM	0.0001034741	+7.26067781043931E-11	+1.54181441004804E-14	+6.71105033416249E-02	+1.82784557342529E+01	+4.94776237170241E+06	+0.00000000000000E+00	+4.94776338134766E+06	+4.94774069774628E+06	+4.94778404575348E+06 	0	0	0	0
		B	s1	50	9:13:49 AM	0.0001077389	+1.93064257560856E-11	+1.54237360388827E-14	+6.70861726142446E-02	+1.82498321533203E+01	+4.94776235476527E+06	+0.00000000000000E+00	+4.94776336246491E+06	+4.94774070690155E+06	+4.94778400272370E+06 	0	0	0	0
		B	s1	51	9:13:51 AM	0.0001120900	+7.25734276876687E-11	+1.54313253486578E-14	+6.70531787825548E-02	+1.82558193206787E+01	+4.94776235669161E+06	+0.00000000000000E+00	+4.94776336338043E+06	+4.94774069107056E+06	+4.94778402240753E+06 	0	0	0	0
		B	s1	52	9:13:53 AM	0.0001165272	+6.69979397376422E-11	+1.54382153902901E-14	+6.70232532852154E-02	+1.82438163757324E+01	+4.94776234971073E+06	+0.00000000000000E+00	+4.94776333831787E+06	+4.94774068866730E+06	+4.94778401084900E+06 	0	0	0	0
		B	s1	53	9:13:55 AM	0.0001210505	+6.80925116923021E-11	+1.54254633256699E-14	+6.70786606924781E-02	+1.82381420135498E+01	+4.94776234953918E+06	+0.00000000000000E+00	+4.94776336250305E+06	+4.94774071311951E+06	+4.94778398605347E+06 	0	0	0	0
		B	s1	54	9:13:57 AM	0.0001256600	+6.92249729060738E-11	+1.54174152120860E-14	+6.71136767265399E-02	+1.82748641967773E+01	+4.94776234940553E+06	+0.00000000000000E+00	+4.94776337337494E+06	+4.94774068073273E+06	+4.94778401817322E+06 	0	0	0	0
		B	s1	55	9:13:59 AM	0.0001303557	+6.81287163171753E-11	+1.54182956510222E-14	+6.71098452757922E-02	+1.82512855529785E+01	+4.94776231341397E+06	+0.00000000000000E+00	+4.94776333961487E+06	+4.94774067146301E+06	+4.94778395545960E+06 	0	0	0	0
		B	s1	56	9:14:01 AM	0.0001351375	+6.89117930313231E-11	+1.54558892321052E-14	+6.69466121745113E-02	+1.82420654296875E+01	+4.94776234526651E+06	+0.00000000000000E+00	+4.94776334014893E+06	+4.94774066150665E+06	+4.94778402912140E+06 	0	0	0	0
		B	s1	57	9:14:04 AM	0.0001400055	+2.19533340928359E-11	+1.54568119373031E-14	+6.69426165078720E-02	+1.82813301086426E+01	+4.94776231724735E+06	+0.00000000000000E+00	+4.94776340015412E+06	+4.94774058551788E+06	+4.94778404907227E+06 	0	0	0	0
		B	s1	58	9:14:05 AM	0.0001449597	+7.50128849534258E-11	+1.54525946332999E-14	+6.69608855094326E-02	+1.82581844329834E+01	+4.94776235045444E+06	+0.00000000000000E+00	+4.94776337047577E+06	+4.94774065216065E+06	+4.94778404884339E+06 	0	0	0	0
		B	s1	59	9:14:07 AM	0.0001500000	+2.02103193557668E-11	+1.54352796764277E-14	+6.70360004069963E-02	+1.82423534393311E+01	+4.94776236334830E+06	+0.00000000000000E+00	+4.94776338642120E+06	+4.94774070816040E+06	+4.94778401863098E+06 	0	0	0	0
		T	s2 	60	9:20:05 AM	0.0001500000	+6.71077800002297E-11	+1.53662570485610E-14	+6.73370993341971E-02	+1.87334957122803E+01	+4.94776293093497E+06	+0.00000000000000E+00	+4.94776403800965E+06	+4.94774079216004E+06	+4.94778506980896E+06 	0.320000	0.042000	0.093266	0.008094
		T	s2 	61	9:20:10 AM	0.0001449597	+7.47613556846484E-11	+1.54200419468475E-14	+6.71022258875185E-02	+1.87666473388672E+01	+4.94776302504303E+06	+0.00000000000000E+00	+4.94776408836365E+06	+4.94774076946259E+06	+4.94778528072357E+06 	0.384000	0.036000	0.092383	0.008361
		T	s2 	62	9:20:16 AM	0.0001400055	+3.26580499862868E-11	+1.53896284731459E-14	+6.72348321740829E-02	+1.88079719543457E+01	+4.94776314530133E+06	+0.00000000000000E+00	+4.94776417743683E+06	+4.94774088470459E+06	+4.94778540599823E+06 	0.312000	0.042000	0.090411	0.009618
		T	s2 	63	9:20:21 AM	0.0001351375	+2.81066663589114E-11	+1.54130792546178E-14	+6.71325363885202E-02	+1.88053264617920E+01	+4.94776310631499E+06	+0.00000000000000E+00	+4.94776412601471E+06	+4.94774081493378E+06	+4.94778539779663E+06 	0.328000	0.040000	0.089380	0.006985
		T	s2 	64	9:20:26 AM	0.0001303557	+3.47911834409551E-11	+1.53821472528151E-14	+6.72675320968660E-02	+1.88203277587891E+01	+4.94776315382717E+06	+0.00000000000000E+00	+4.94776420135498E+06	+4.94774088943482E+06	+4.94778541831970E+06 	0.312000	0.040000	0.088079	0.006994
		T	s2 	65	9:20:32 AM	0.0001256600	+3.59186558155295E-11	+1.53997132416946E-14	+6.71907995695138E-02	+1.88436622619629E+01	+4.94776324515078E+06	+0.00000000000000E+00	+4.94776428581238E+06	+4.94774092769623E+06	+4.94778556270600E+06 	0.312000	0.036000	0.086214	0.005672
		T	s2 	66	9:20:38 AM	0.0001210505	+3.92252739032369E-11	+1.53678254440172E-14	+6.73302185932760E-02	+1.88720951080322E+01	+4.94776324372032E+06	+0.00000000000000E+00	+4.94776429866791E+06	+4.94774093887329E+06	+4.94778554866791E+06 	0.296000	0.036000	0.084010	0.007413
		T	s2 	67	9:20:43 AM	0.0001165272	+3.75148837363746E-11	+1.53855463129212E-14	+6.72526681915124E-02	+1.89052772521973E+01	+4.94776325644205E+06	+0.00000000000000E+00	+4.94776427860260E+06	+4.94774088661194E+06	+4.94778562637329E+06 	0.296000	0.038000	0.083187	0.008161
		T	s2 	68	9:20:49 AM	0.0001120900	+4.27554825958266E-11	+1.53893556663731E-14	+6.72360208548699E-02	+1.88763599395752E+01	+4.94776326266013E+06	+0.00000000000000E+00	+4.94776430862427E+06	+4.94774092151642E+06	+4.94778560390473E+06 	0.312000	0.038000	0.081185	0.007681
		T	s2 	69	9:20:54 AM	0.0001077389	+8.41851199160902E-11	+1.53944932643204E-14	+6.72135845266958E-02	+1.88750228881836E+01	+4.94776317721089E+06	+0.00000000000000E+00	+4.94776424327851E+06	+4.94774083019257E+06	+4.94778552433014E+06 	0.288000	0.034000	0.078859	0.007481
		T	s2 	70	9:21:00 AM	0.0001034741	+3.51582608521280E-11	+1.53888014893674E-14	+6.72384432750759E-02	+1.88788127899170E+01	+4.94776322085104E+06	+0.00000000000000E+00	+4.94776426136017E+06	+4.94774087760925E+06	+4.94778556419373E+06 	0.280000	0.040000	0.078168	0.006653
		T	s2 	71	9:21:06 AM	0.0000992953	+3.56074832796595E-11	+1.53804323020383E-14	+6.72750306925590E-02	+1.88406467437744E+01	+4.94776322283494E+06	+0.00000000000000E+00	+4.94776420715332E+06	+4.94774093688965E+06	+4.94778550888062E+06 	0.280000	0.042000	0.078160	0.009369
		T	s2 	72	9:21:11 AM	0.0000952028	+4.15837953658790E-11	+1.54084173216616E-14	+6.71528432667162E-02	+1.88582229614258E+01	+4.94776327494343E+06	+0.00000000000000E+00	+4.94776428661347E+06	+4.94774092761994E+06	+4.94778562236786E+06 	0.280000	0.034000	0.075283	0.008315
		T	s2 	73	9:21:17 AM	0.0000911964	+4.09663223302166E-11	+1.53997471145124E-14	+6.71906524464172E-02	+1.88740425109863E+01	+4.94776322056489E+06	+0.00000000000000E+00	+4.94776430187225E+06	+4.94774086708069E+06	+4.94778557415009E+06 	0.272000	0.036000	0.074512	0.009450
		T	s2 	74	9:21:22 AM	0.0000872761	+4.68027981257169E-11	+1.53649542038375E-14	+6.73427990308060E-02	+1.88748626708984E+01	+4.94776329962472E+06	+0.00000000000000E+00	+4.94776429752350E+06	+4.94774099567414E+06	+4.94778560367584E+06 	0.288000	0.034000	0.071394	0.005664
		T	s2 	75	9:21:27 AM	0.0000834421	+4.51224337673080E-11	+1.54005023722286E-14	+6.71873563529009E-02	+1.88583011627197E+01	+4.94776325699533E+06	+0.00000000000000E+00	+4.94776429355622E+06	+4.94774092105866E+06	+4.94778559303284E+06 	0.264000	0.038000	0.071562	0.005391
		T	s2 	76	9:21:32 AM	0.0000796941	-1.86073519123674E-12	+1.54135178007823E-14	+6.71306226446732E-02	+1.88781776428223E+01	+4.94776324213689E+06	+0.00000000000000E+00	+4.94776434879303E+06	+4.94774086376190E+06	+4.94778562061310E+06 	0.288000	0.040000	0.068461	0.008701
		T	s2 	77	9:21:38 AM	0.0000760324	+4.34684205465104E-11	+1.53828481375406E-14	+6.72644638540603E-02	+1.88744945526123E+01	+4.94776327702252E+06	+0.00000000000000E+00	+4.94776438442230E+06	+4.94774094753265E+06	+4.94778560661316E+06 	0.256000	0.036000	0.066925	0.006557
		T	s2 	78	9:21:44 AM	0.0000724568	-2.89753920605315E-12	+1.53967664075058E-14	+6.72036587116813E-02	+1.89056911468506E+01	+4.94776327130022E+06	+0.00000000000000E+00	+4.94776433731079E+06	+4.94774088466644E+06	+4.94778565803528E+06 	0.240000	0.038000	0.065533	0.005886
		T	s2 	79	9:21:49 AM	0.0000689673	+4.37638238969297E-11	+1.54182902758900E-14	+6.71098417491909E-02	+1.88915233612061E+01	+4.94776330586131E+06	+0.00000000000000E+00	+4.94776435390473E+06	+4.94774090473175E+06	+4.94778570709229E+06 	0.248000	0.036000	0.065168	0.007046
		T	s2 	80	9:21:54 AM	0.0000655640	+6.88914830756045E-12	+1.53912686603023E-14	+6.72276626624889E-02	+1.89308776855469E+01	+4.94776331307105E+06	+0.00000000000000E+00	+4.94776446250916E+06	+4.94774090461731E+06	+4.94778572162628E+06 	0.256000	0.036000	0.062995	0.007429
		T	s2 	81	9:21:59 AM	0.0000622469	+9.41222332401507E-11	+1.54108599743502E-14	+6.71421959494338E-02	+1.88907661437988E+01	+4.94776340223969E+06	+0.00000000000000E+00	+4.94776435951233E+06	+4.94774101280213E+06	+4.94778579177857E+06 	0.232000	0.034000	0.060994	0.005865
		T	s2 	82	9:22:05 AM	0.0000590159	+4.11206839728458E-12	+1.53704307529155E-14	+6.73188030142124E-02	+1.89224967956543E+01	+4.94776335453699E+06	+0.00000000000000E+00	+4.94776442607880E+06	+4.94774098632813E+06	+4.94778572284699E+06 	0.240000	0.048000	0.059830	0.006308
		T	s2 	83	9:22:10 AM	0.0000558711	+3.88631685359914E-12	+1.53716972945585E-14	+6.73132543705217E-02	+1.89263420104980E+01	+4.94776342627235E+06	+0.00000000000000E+00	+4.94776443031311E+06	+4.94774105167389E+06	+4.94778580097199E+06 	0.216000	0.032000	0.059320	0.005535
		T	s2 	84	9:22:15 AM	0.0000528125	+7.29364347832430E-12	+1.53944913566616E-14	+6.72135869501413E-02	+1.89372406005859E+01	+4.94776339457201E+06	+0.00000000000000E+00	+4.94776446617127E+06	+4.94774097389221E+06	+4.94778581535340E+06 	0.232000	0.036000	0.057017	0.005636
		T	s2 	85	9:22:20 AM	0.0000498400	+5.46169437428295E-11	+1.53719347345143E-14	+6.73122143497026E-02	+1.89251461029053E+01	+4.94776343649574E+06	+0.00000000000000E+00	+4.94776451618195E+06	+4.94774106296539E+06	+4.94778581012726E+06 	0.224000	0.036000	0.056918	0.009577
		T	s2 	86	9:22:25 AM	0.0000469537	+5.60920213864360E-11	+1.53588500203972E-14	+6.73695585083088E-02	+1.89499721527100E+01	+4.94776348610583E+06	+0.00000000000000E+00	+4.94776447101593E+06	+4.94774110229492E+06	+4.94778587001801E+06 	0.216000	0.038000	0.055176	0.007658
		T	s2 	87	9:22:31 AM	0.0000441535	+1.36501641886907E-11	+1.53640692295817E-14	+6.73466714895316E-02	+1.89809837341309E+01	+4.94776353851957E+06	+0.00000000000000E+00	+4.94776455852509E+06	+4.94774111045838E+06	+4.94778596668244E+06 	0.208000	0.046000	0.053388	0.007246
		T	s2 	88	9:22:37 AM	0.0000414395	+6.07877457639410E-11	+1.53933487863979E-14	+6.72185732703553E-02	+1.89536933898926E+01	+4.94776349039712E+06	+0.00000000000000E+00	+4.94776453697205E+06	+4.94774105190277E+06	+4.94778592899323E+06 	0.208000	0.048000	0.052179	0.005915
		T	s2 	89	9:22:42 AM	0.0000388116	+1.44994246441218E-11	+1.53755639431772E-14	+6.72963228464128E-02	+1.89610996246338E+01	+4.94776355784105E+06	+0.00000000000000E+00	+4.94776457241059E+06	+4.94774113651276E+06	+4.94778597927094E+06 	0.192000	0.046000	0.049580	0.006227
		T	s2 	90	9:22:47 AM	0.0000362699	+1.79898534271411E-11	+1.53586971521745E-14	+6.73702237816480E-02	+1.89751396179199E+01	+4.94776367960622E+06	+0.00000000000000E+00	+4.94776462123871E+06	+4.94774126628876E+06	+4.94778609302521E+06 	0.200000	0.036000	0.047717	0.005589
		T	s2 	91	9:22:53 AM	0.0000338144	+7.23189076030337E-11	+1.53588349644244E-14	+6.73696176749361E-02	+1.89813632965088E+01	+4.94776373854326E+06	+0.00000000000000E+00	+4.94776470069885E+06	+4.94774131767273E+06	+4.94778615951538E+06 	0.192000	0.046000	0.046968	0.006980
		T	s2 	92	9:22:58 AM	0.0000314450	+2.55014553671490E-11	+1.53801821371506E-14	+6.72761136193692E-02	+1.90071830749512E+01	+4.94776363941807E+06	+0.00000000000000E+00	+4.94776470928192E+06	+4.94774115684509E+06	+4.94778612209320E+06 	0.200000	0.036000	0.045563	0.006089
		T	s2 	93	9:23:03 AM	0.0000291618	+2.81927618263037E-11	+1.53780461813098E-14	+6.72854556502602E-02	+1.89662303924561E+01	+4.94776372698468E+06	+0.00000000000000E+00	+4.94776470859528E+06	+4.94774129596710E+06	+4.94778615810394E+06 	0.184000	0.038000	0.045155	0.005952
		T	s2 	94	9:23:08 AM	0.0000269647	+7.54970286815730E-11	+1.53822337406145E-14	+6.72671384036706E-02	+1.89735946655273E+01	+4.94776372299825E+06	+0.00000000000000E+00	+4.94776473701477E+06	+4.94774127716065E+06	+4.94778616893769E+06 	0.192000	0.036000	0.043670	0.005715
		T	s2 	95	9:23:14 AM	0.0000248538	-1.12368370236227E-11	+1.53542342204035E-14	+6.73898047695024E-02	+1.90564250946045E+01	+4.94776372177729E+06	+0.00000000000000E+00	+4.94776483936310E+06	+4.94774121898651E+06	+4.94778622467041E+06 	0.152000	0.032000	0.042930	0.007311
		T	s2 	96	9:23:20 AM	0.0000228291	+3.59535751471304E-11	+1.53792982531473E-14	+6.72799755525603E-02	+1.90566520690918E+01	+4.94776380787484E+06	+0.00000000000000E+00	+4.94776482463837E+06	+4.94774126808167E+06	+4.94778634777069E+06 	0.168000	0.032000	0.039568	0.006901
		T	s2 	97	9:23:25 AM	0.0000208905	+3.96813069240933E-11	+1.53482543529073E-14	+6.74160572399880E-02	+1.90644950866699E+01	+4.94776384731897E+06	+0.00000000000000E+00	+4.94776493118286E+06	+4.94774134376526E+06	+4.94778635097504E+06 	0.184000	0.036000	0.038679	0.006422
		T	s2 	98	9:23:31 AM	0.0000190381	+3.77472811989390E-11	+1.53682295146760E-14	+6.73284312556792E-02	+1.90262889862061E+01	+4.94776387024538E+06	+0.00000000000000E+00	+4.94776484840393E+06	+4.94774138256073E+06	+4.94778635803223E+06 	0.176000	0.044000	0.037794	0.007522
		T	s2 	99	9:23:37 AM	0.0000172718	+1.26856719771853E-10	+1.53637892660399E-14	+6.73478872117467E-02	+1.90315933227539E+01	+4.94776396053926E+06	+0.00000000000000E+00	+4.94776500469208E+06	+4.94774147308350E+06	+4.94778644809723E+06 	0.176000	0.034000	0.036458	0.007438
		T	s2 	100	9:23:42 AM	0.0000155917	+9.63715579529295E-11	+1.53729437974585E-14	+6.73077807337807E-02	+1.90632209777832E+01	+4.94776399946802E+06	+0.00000000000000E+00	+4.94776498004914E+06	+4.94774146121979E+06	+4.94778653781891E+06 	0.168000	0.038000	0.036108	0.006416
		T	s2 	101	9:23:47 AM	0.0000139978	+9.43014009683117E-11	+1.53444022195883E-14	+6.74329788674548E-02	+1.90865097045898E+01	+4.94776395104050E+06	+0.00000000000000E+00	+4.94776507465363E+06	+4.94774142715454E+06	+4.94778647502899E+06 	0.168000	0.036000	0.035730	0.008483
		T	s2 	102	9:23:53 AM	0.0000124900	+5.48736262910689E-12	+1.53625944587770E-14	+6.73531221515076E-02	+1.91119174957275E+01	+4.94776406929586E+06	+0.00000000000000E+00	+4.94776508121491E+06	+4.94774148868561E+06	+4.94778665000916E+06 	0.152000	0.036000	0.032680	0.005789
		T	s2 	103	9:23:59 AM	0.0000110684	+3.77350291472086E-12	+1.53498126123154E-14	+6.74092086816997E-02	+1.90737228393555E+01	+4.94776402037266E+06	+0.00000000000000E+00	+4.94776506496430E+06	+4.94774150363922E+06	+4.94778653720856E+06 	0.152000	0.038000	0.031048	0.007807
		T	s2 	104	9:24:04 AM	0.0000097329	+1.73882206867648E-11	+1.53611428137251E-14	+6.73594867436947E-02	+1.90440254211426E+01	+4.94776408224713E+06	+0.00000000000000E+00	+4.94776520477295E+06	+4.94774158397675E+06	+4.94778658061981E+06 	0.128000	0.036000	0.030040	0.008315
		T	s2 	105	9:24:10 AM	0.0000084836	+6.20040211177682E-11	+1.53957533115910E-14	+6.72080581053177E-02	+1.90509891510010E+01	+4.94776411234482E+06	+0.00000000000000E+00	+4.94776520477295E+06	+4.94774155513764E+06	+4.94778666965485E+06 	0.136000	0.048000	0.028487	0.009815
		T	s2 	106	9:24:16 AM	0.0000073204	+6.69515926292420E-11	+1.53865427513232E-14	+6.72482879145119E-02	+1.90226287841797E+01	+4.94776417496329E+06	+0.00000000000000E+00	+4.94776526493073E+06	+4.94774166481018E+06	+4.94778668521881E+06 	0.120000	0.042000	0.026976	0.007570
		T	s2 	107	9:24:21 AM	0.0000062435	+2.75997482524621E-11	+1.54193714917551E-14	+6.71051117104659E-02	+1.90013809204102E+01	+4.94776420004482E+06	+0.00000000000000E+00	+4.94776533256531E+06	+4.94774166706085E+06	+4.94778673313141E+06 	0.128000	0.034000	0.026850	0.008353
		T	s2 	108	9:24:26 AM	0.0000052526	+6.94744804072966E-11	+1.53919652840952E-14	+6.72245942104492E-02	+1.89923858642578E+01	+4.94776426252979E+06	+0.00000000000000E+00	+4.94776533863068E+06	+4.94774178024292E+06	+4.94778674491882E+06 	0.136000	0.034000	0.022491	0.005775
		T	s2 	109	9:24:32 AM	0.0000043480	+2.37583127039116E-11	+1.53650436117241E-14	+6.73423801664336E-02	+1.89595012664795E+01	+4.94776429157907E+06	+0.00000000000000E+00	+4.94776533920288E+06	+4.94774188747406E+06	+4.94778669578552E+06 	0.112000	0.038000	0.024151	0.006472
		T	s2 	110	9:24:38 AM	0.0000035294	+7.11518005656023E-11	+1.54190502960928E-14	+6.71065082825300E-02	+1.89280776977539E+01	+4.94776424799596E+06	+0.00000000000000E+00	+4.94776538253784E+06	+4.94774180240631E+06	+4.94778669368744E+06 	0.136000	0.034000	0.021125	0.006711
		T	s2 	111	9:24:44 AM	0.0000027971	+7.98732533690748E-11	+1.53867607189929E-14	+6.72473310802711E-02	+1.89329185485840E+01	+4.94776432947809E+06	+0.00000000000000E+00	+4.94776539119721E+06	+4.94774192516327E+06	+4.94778673389435E+06 	0.104000	0.034000	0.022103	0.008283
		T	s2 	112	9:24:49 AM	0.0000021509	+7.95749392130035E-11	+1.54062194385243E-14	+6.71623931922613E-02	+1.88490085601807E+01	+4.94776438873973E+06	+0.00000000000000E+00	+4.94776547080994E+06	+4.94774205551148E+06	+4.94778672206879E+06 	0.144000	0.034000	0.021222	0.007971
		T	s2 	113	9:24:55 AM	0.0000015909	+8.68610939277629E-11	+1.53479748333489E-14	+6.74172678397337E-02	+1.89316883087158E+01	+4.94776447815617E+06	+0.00000000000000E+00	+4.94776544261933E+06	+4.94774213176728E+06	+4.94778682464600E+06 	0.112000	0.042000	0.018090	0.006897
		T	s2 	114	9:25:00 AM	0.0000011170	+8.79759786075848E-11	+1.53971252556931E-14	+6.72020623376803E-02	+1.89314002990723E+01	+4.94776437985110E+06	+0.00000000000000E+00	+4.94776555568695E+06	+4.94774196224213E+06	+4.94778679756165E+06 	0.136000	0.036000	0.020776	0.008570
		T	s2 	115	9:25:05 AM	0.0000007293	+4.16611776394257E-11	+1.54695314772712E-14	+6.68875154744647E-02	+1.87419490814209E+01	+4.94776448788387E+06	+0.00000000000000E+00	+4.94776559520722E+06	+4.94774219024658E+06	+4.94778678562165E+06 	0.096000	0.032000	0.025605	0.006760
		T	s2 	116	9:25:11 AM	0.0000004277	+7.27507760083561E-11	+1.54026441707441E-14	+6.71779782399587E-02	+1.88429164886475E+01	+4.94776456230851E+06	+0.00000000000000E+00	+4.94776544429779E+06	+4.94774224147797E+06	+4.94778688323975E+06 	0.120000	0.042000	0.017119	0.006030
		T	s2 	117	9:25:17 AM	0.0000002123	+1.54654017563457E-11	+1.55140719257145E-14	+6.66954897063540E-02	+1.88482418060303E+01	+4.94776425272599E+06	+0.00000000000000E+00	+4.94776569656372E+06	+4.94774176406860E+06	+4.94778674148560E+06 	0.104000	0.032000	0.021608	0.005738
		T	s2 	118	9:25:22 AM	0.0000000831	+1.65513049449208E-11	+1.54453571232627E-14	+6.69921941815313E-02	+1.88607978820801E+01	+4.94776487631494E+06	+0.00000000000000E+00	+4.94776584262848E+06	+4.94774247234345E+06	+4.94778728038788E+06 	0.112000	0.032000	0.021251	0.007368
		T	s2 	119	9:25:28 AM	0.0000000400	+2.82986024030306E-10	+1.54761047987825E-14	+6.68591089101956E-02	+1.84985809326172E+01	+4.94776436791290E+06	+0.00000000000000E+00	+4.94776541004181E+06	+4.94774235046387E+06	+4.94778638545990E+06 	0.112000	0.032000	0.019008	0.008065
		B	s3	120	9:27:11 AM	0.0000000400	-1.03924723203306E-11	+1.52907529583108E-14	+6.76696237355460E-02	+1.85734539031982E+01	+4.94776216095872E+06	+0.00000000000000E+00	+4.94776295097351E+06	+4.94774031917572E+06	+4.94778400283814E+06 	0	0	0	0
		B	s3	121	9:27:12 AM	0.0000000831	-3.42358567488602E-11	+1.54394439705445E-14	+6.70179241646602E-02	+1.87030410766602E+01	+4.94776219481253E+06	+0.00000000000000E+00	+4.94776302375794E+06	+4.94773998676300E+06	+4.94778440296173E+06 	0	0	0	0
		B	s3	122	9:27:14 AM	0.0000002123	-7.22260600406915E-11	+1.53409175421860E-14	+6.74483429403075E-02	+1.88559455871582E+01	+4.94776223726993E+06	+0.00000000000000E+00	+4.94776373817444E+06	+4.94773999053955E+06	+4.94778448410034E+06 	0	0	0	0
		B	s3	123	9:27:16 AM	0.0000004277	+6.30661220224345E-11	+1.54292652024076E-14	+6.70621319513717E-02	+1.88626461029053E+01	+4.94776235319797E+06	+0.00000000000000E+00	+4.94776347690583E+06	+4.94773997039795E+06	+4.94778473609924E+06 	0	0	0	0
		B	s3	124	9:27:18 AM	0.0000007293	+2.40133010700958E-11	+1.54060683576884E-14	+6.71631062208934E-02	+1.87738380432129E+01	+4.94776238514669E+06	+0.00000000000000E+00	+4.94776340908051E+06	+4.94774014122010E+06	+4.94778462917328E+06 	0	0	0	0
		B	s3	125	9:27:20 AM	0.0000011170	+1.28596715785846E-10	+1.54120998246466E-14	+6.71368227658709E-02	+1.88452758789063E+01	+4.94776236405099E+06	+0.00000000000000E+00	+4.94776342922211E+06	+4.94774002674103E+06	+4.94778470146179E+06 	0	0	0	0
		B	s3	126	9:27:23 AM	0.0000015909	+1.15086840203101E-10	+1.53832262376451E-14	+6.72628363989097E-02	+1.88470821380615E+01	+4.94776232739193E+06	+0.00000000000000E+00	+4.94776352069855E+06	+4.94774002979279E+06	+4.94778462509155E+06 	0	0	0	0
		B	s3	127	9:27:25 AM	0.0000021509	+6.63529307577072E-11	+1.54072736977285E-14	+6.71578522394086E-02	+1.87755565643311E+01	+4.94776237354999E+06	+0.00000000000000E+00	+4.94776338562012E+06	+4.94774012584686E+06	+4.94778462135315E+06 	0	0	0	0
		B	s3	128	9:27:27 AM	0.0000027971	+6.86810796663017E-11	+1.53757280406337E-14	+6.72956375061397E-02	+1.87810440063477E+01	+4.94776234913610E+06	+0.00000000000000E+00	+4.94776340579987E+06	+4.94774014049530E+06	+4.94778455787659E+06 	0	0	0	0
		B	s3	129	9:27:29 AM	0.0000035294	+2.53305053789463E-11	+1.53988781786378E-14	+6.71944676655325E-02	+1.87387008666992E+01	+4.94776234616071E+06	+0.00000000000000E+00	+4.94776340431214E+06	+4.94774015422821E+06	+4.94778453819275E+06 	0	0	0	0
		B	s3	130	9:27:31 AM	0.0000043480	+2.18616085938387E-11	+1.53965065728174E-14	+6.72048186967459E-02	+1.88078556060791E+01	+4.94776232002969E+06	+0.00000000000000E+00	+4.94776339504242E+06	+4.94774004962921E+06	+4.94778459053040E+06 	0	0	0	0
		B	s3	131	9:27:33 AM	0.0000052526	+7.11388419868469E-11	+1.54011550681715E-14	+6.71845352656228E-02	+1.87810840606689E+01	+4.94776228890187E+06	+0.00000000000000E+00	+4.94776338447571E+06	+4.94774004348755E+06	+4.94778453441620E+06 	0	0	0	0
		B	s3	132	9:27:34 AM	0.0000062435	+7.31538479967016E-11	+1.53868136714808E-14	+6.72471549188589E-02	+1.87983150482178E+01	+4.94776229639775E+06	+0.00000000000000E+00	+4.94776338996887E+06	+4.94774005130768E+06	+4.94778454158783E+06 	0	0	0	0
		B	s3	133	9:27:36 AM	0.0000073204	+1.12410737822250E-10	+1.53950917926144E-14	+6.72109942334794E-02	+1.87885932922363E+01	+4.94776233698613E+06	+0.00000000000000E+00	+4.94776338951111E+06	+4.94774009143830E+06	+4.94778458263397E+06 	0	0	0	0
		B	s3	134	9:27:38 AM	0.0000084836	+6.87404416974421E-11	+1.54280196148307E-14	+6.70675472162112E-02	+1.88380794525146E+01	+4.94776231720644E+06	+0.00000000000000E+00	+4.94776342586518E+06	+4.94773996536255E+06	+4.94778466915131E+06 	0	0	0	0
		B	s3	135	9:27:41 AM	0.0000097329	+2.98087873801357E-11	+1.53989708910554E-14	+6.71940645560206E-02	+1.89224796295166E+01	+4.94776229286841E+06	+0.00000000000000E+00	+4.94776346664429E+06	+4.94773988315583E+06	+4.94778470268250E+06 	0	0	0	0
		B	s3	136	9:27:43 AM	0.0000110684	+7.01818966190053E-11	+1.53508973443724E-14	+6.74044925264067E-02	+1.88990688323975E+01	+4.94776229006505E+06	+0.00000000000000E+00	+4.94776340847016E+06	+4.94773997795105E+06	+4.94778460227967E+06 	0	0	0	0
		B	s3	137	9:27:45 AM	0.0000124900	-1.81975246566900E-11	+1.53874944406857E-14	+6.72441788818531E-02	+1.88679161071777E+01	+4.94776232977597E+06	+0.00000000000000E+00	+4.94776348247528E+06	+4.94774000133515E+06	+4.94778465831757E+06 	0	0	0	0
		B	s3	138	9:27:47 AM	0.0000139978	+2.60098497284230E-11	+1.54082791904097E-14	+6.71534714448120E-02	+1.88729820251465E+01	+4.94776231085491E+06	+0.00000000000000E+00	+4.94776341152191E+06	+4.94773994625092E+06	+4.94778467556000E+06 	0	0	0	0
		B	s3	139	9:27:49 AM	0.0000155917	+1.94589360138876E-11	+1.53879212829576E-14	+6.72423142014311E-02	+1.88948078155518E+01	+4.94776230801298E+06	+0.00000000000000E+00	+4.94776340412140E+06	+4.94773994712830E+06	+4.94778466899872E+06 	0	0	0	0
		B	s3	140	9:27:51 AM	0.0000172718	+6.81704618633712E-11	+1.54139393274820E-14	+6.71288104535701E-02	+1.88329868316650E+01	+4.94776237103194E+06	+0.00000000000000E+00	+4.94776341007233E+06	+4.94774004562378E+06	+4.94778469654083E+06 	0	0	0	0
		B	s3	141	9:27:54 AM	0.0000190381	+2.35640861818711E-11	+1.53823338579649E-14	+6.72667377656528E-02	+1.88693122863770E+01	+4.94776235575409E+06	+0.00000000000000E+00	+4.94776343448639E+06	+4.94774003314972E+06	+4.94778467845917E+06 	0	0	0	0
		B	s3	142	9:27:56 AM	0.0000208905	+2.13302657305020E-11	+1.53925070440951E-14	+6.72222802639186E-02	+1.88795433044434E+01	+4.94776234467227E+06	+0.00000000000000E+00	+4.94776341430664E+06	+4.94773999519348E+06	+4.94778469425202E+06 	0	0	0	0
		B	s3	143	9:27:58 AM	0.0000228291	+7.42236067905971E-11	+1.54314412112703E-14	+6.70526759991834E-02	+1.88303184509277E+01	+4.94776233210285E+06	+0.00000000000000E+00	+4.94776346092224E+06	+4.94773998451233E+06	+4.94778467979431E+06 	0	0	0	0
		B	s3	144	9:28:00 AM	0.0000248538	+6.99899632462105E-11	+1.53908856936935E-14	+6.72293621798077E-02	+1.88423595428467E+01	+4.94776233011941E+06	+0.00000000000000E+00	+4.94776341911316E+06	+4.94774002700806E+06	+4.94778463333130E+06 	0	0	0	0
		B	s3	145	9:28:03 AM	0.0000269647	+1.78294074252214E-11	+1.53727047330906E-14	+6.73088719891971E-02	+1.88396377563477E+01	+4.94776236254447E+06	+0.00000000000000E+00	+4.94776337654114E+06	+4.94774008899689E+06	+4.94778463619232E+06 	0	0	0	0
		B	s3	146	9:28:05 AM	0.0000291618	+6.55451687549554E-11	+1.54008227220452E-14	+6.71859837333546E-02	+1.87988967895508E+01	+4.94776233893153E+06	+0.00000000000000E+00	+4.94776342193604E+06	+4.94774007289887E+06	+4.94778460506439E+06 	0	0	0	0
		B	s3	147	9:28:07 AM	0.0000314450	+2.16322190125725E-11	+1.53734845342765E-14	+6.73054587760815E-02	+1.88301162719727E+01	+4.94776232773540E+06	+0.00000000000000E+00	+4.94776344806671E+06	+4.94774006431580E+06	+4.94778459125519E+06 	0	0	0	0
		B	s3	148	9:28:09 AM	0.0000338144	+2.21979328486205E-11	+1.53886294713890E-14	+6.72392191667149E-02	+1.88110847473145E+01	+4.94776232741116E+06	+0.00000000000000E+00	+4.94776340526581E+06	+4.94774006458283E+06	+4.94778459033966E+06 	0	0	0	0
		B	s3	149	9:28:12 AM	0.0000362699	+2.30966044156911E-11	+1.53908120731463E-14	+6.72296836326364E-02	+1.88041629791260E+01	+4.94776233500243E+06	+0.00000000000000E+00	+4.94776343856812E+06	+4.94774007720947E+06	+4.94778459289551E+06 	0	0	0	0
		B	s3	150	9:28:13 AM	0.0000388116	+2.36041078080946E-11	+1.53511087513628E-14	+6.74035609851041E-02	+1.87658309936523E+01	+4.94776241059112E+06	+0.00000000000000E+00	+4.94776346443176E+06	+4.94774025547028E+06	+4.94778456581116E+06 	0	0	0	0
		B	s3	151	9:28:15 AM	0.0000414395	+1.18965976299670E-10	+1.54036972002443E-14	+6.71734457986945E-02	+1.87725582122803E+01	+4.94776235304603E+06	+0.00000000000000E+00	+4.94776341091156E+06	+4.94774011405945E+06	+4.94778459213257E+06 	0	0	0	0
		B	s3	152	9:28:17 AM	0.0000441535	+2.62112170947248E-11	+1.53972717675555E-14	+6.72014775107616E-02	+1.87555065155029E+01	+4.94776236874364E+06	+0.00000000000000E+00	+4.94776345527649E+06	+4.94774015922547E+06	+4.94778457836151E+06 	0	0	0	0
		B	s3	153	9:28:19 AM	0.0000469537	+1.17049809399979E-10	+1.53871014075867E-14	+6.72458965341660E-02	+1.87401809692383E+01	+4.94776232857503E+06	+0.00000000000000E+00	+4.94776345611573E+06	+4.94774015186310E+06	+4.94778450538635E+06 	0	0	0	0
		B	s3	154	9:28:21 AM	0.0000498400	+1.17762792181037E-10	+1.53852550931417E-14	+6.72539659886906E-02	+1.87823905944824E+01	+4.94776234400527E+06	+0.00000000000000E+00	+4.94776338325501E+06	+4.94774012001038E+06	+4.94778456809998E+06 	0	0	0	0
		B	s3	155	9:28:23 AM	0.0000528125	+2.47652577869686E-11	+1.53981569265110E-14	+6.71976151770256E-02	+1.87491779327393E+01	+4.94776234204079E+06	+0.00000000000000E+00	+4.94776342948914E+06	+4.94774013874054E+06	+4.94778454544068E+06 	0	0	0	0
		B	s3	156	9:28:25 AM	0.0000558711	+1.20193710741333E-10	+1.53837608513336E-14	+6.72604977536037E-02	+1.87630958557129E+01	+4.94776236929682E+06	+0.00000000000000E+00	+4.94776345481873E+06	+4.94774017028809E+06	+4.94778456840515E+06 	0	0	0	0
		B	s3	157	9:28:27 AM	0.0000590159	+7.11864139806969E-11	+1.53886997154718E-14	+6.72389111003886E-02	+1.87164936065674E+01	+4.94776236944962E+06	+0.00000000000000E+00	+4.94776342506409E+06	+4.94774021846771E+06	+4.94778452053070E+06 	0	0	0	0
		B	s3	158	9:28:29 AM	0.0000622469	+6.91245693850198E-11	+1.53981822793810E-14	+6.71975051060471E-02	+1.87387104034424E+01	+4.94776232109816E+06	+0.00000000000000E+00	+4.94776341632843E+06	+4.94774013015747E+06	+4.94778451213837E+06 	0	0	0	0
		B	s3	159	9:28:32 AM	0.0000655640	+1.62876146335943E-11	+1.53941295080493E-14	+6.72151958374148E-02	+1.86995010375977E+01	+4.94776232758338E+06	+0.00000000000000E+00	+4.94776334503174E+06	+4.94774018890381E+06	+4.94778446636200E+06 	0	0	0	0
		B	s3	160	9:28:34 AM	0.0000689673	+1.93696802055916E-11	+1.54087634971591E-14	+6.71513610128896E-02	+1.86805992126465E+01	+4.94776230192954E+06	+0.00000000000000E+00	+4.94776337181091E+06	+4.94774016460419E+06	+4.94778443935395E+06 	0	0	0	0
		B	s3	161	9:28:36 AM	0.0000724568	+1.14473872107506E-10	+1.53915627539172E-14	+6.72264055895607E-02	+1.87106761932373E+01	+4.94776230194857E+06	+0.00000000000000E+00	+4.94776339210510E+06	+4.94774015373230E+06	+4.94778445026398E+06 	0	0	0	0
		B	s3	162	9:28:38 AM	0.0000760324	+2.02770901520876E-11	+1.53776212273697E-14	+6.72873537688820E-02	+1.86890296936035E+01	+4.94776230362724E+06	+0.00000000000000E+00	+4.94776337474823E+06	+4.94774020107269E+06	+4.94778440628052E+06 	0	0	0	0
		B	s3	163	9:28:41 AM	0.0000796941	+6.66871946485394E-11	+1.53777934102544E-14	+6.72866006497072E-02	+1.86831436157227E+01	+4.94776229306056E+06	+0.00000000000000E+00	+4.94776336242676E+06	+4.94774019721985E+06	+4.94778438899994E+06 	0	0	0	0
		B	s3	164	9:28:43 AM	0.0000834421	+6.65002878424016E-11	+1.53968629235980E-14	+6.72032651505065E-02	+1.86890945434570E+01	+4.94776225128947E+06	+0.00000000000000E+00	+4.94776337066651E+06	+4.94774012100220E+06	+4.94778438167572E+06 	0	0	0	0
		B	s3	165	9:28:45 AM	0.0000872761	+6.40266859896753E-11	+1.54062787157571E-14	+6.71621925813919E-02	+1.86688346862793E+01	+4.94776225958648E+06	+0.00000000000000E+00	+4.94776333457947E+06	+4.94774013977051E+06	+4.94778437950134E+06 	0	0	0	0
		B	s3	166	9:28:47 AM	0.0000911964	+1.83524689335230E-11	+1.54035506162851E-14	+6.71740865654674E-02	+1.86711425781250E+01	+4.94776229677979E+06	+0.00000000000000E+00	+4.94776335708618E+06	+4.94774017814637E+06	+4.94778441551209E+06 	0	0	0	0
		B	s3	167	9:28:50 AM	0.0000952028	+6.80101880747767E-11	+1.53957504333395E-14	+6.72081199510078E-02	+1.86499633789063E+01	+4.94776229834397E+06	+0.00000000000000E+00	+4.94776335849762E+06	+4.94774021598816E+06	+4.94778438079834E+06 	0	0	0	0
		B	s3	168	9:28:52 AM	0.0000992953	+6.11393847477697E-11	+1.53993387873731E-14	+6.71924611399970E-02	+1.86558609008789E+01	+4.94776222376659E+06	+0.00000000000000E+00	+4.94776330623627E+06	+4.94774012928009E+06	+4.94778431835175E+06 	0	0	0	0
		B	s3	169	9:28:54 AM	0.0001034741	+1.09839706556430E-10	+1.54182630537839E-14	+6.71099877801506E-02	+1.86646823883057E+01	+4.94776229052362E+06	+0.00000000000000E+00	+4.94776335277558E+06	+4.94774015842438E+06	+4.94778442272186E+06 	0	0	0	0
		B	s3	170	9:28:56 AM	0.0001077389	+6.68442567614515E-11	+1.53911290056909E-14	+6.72283010050886E-02	+1.86590118408203E+01	+4.94776227026778E+06	+0.00000000000000E+00	+4.94776331371308E+06	+4.94774018383026E+06	+4.94778435680390E+06 	0	0	0	0
		B	s3	171	9:28:58 AM	0.0001120900	+1.14325702240934E-10	+1.53989568993930E-14	+6.71941276312507E-02	+1.86510410308838E+01	+4.94776221842604E+06	+0.00000000000000E+00	+4.94776327999115E+06	+4.94774013019562E+06	+4.94778430675507E+06 	0	0	0	0
		B	s3	172	9:29:00 AM	0.0001165272	+6.32197779577824E-11	+1.53907092148879E-14	+6.72301363652437E-02	+1.86492404937744E+01	+4.94776220888936E+06	+0.00000000000000E+00	+4.94776330665589E+06	+4.94774013462067E+06	+4.94778428325653E+06 	0	0	0	0
		B	s3	173	9:29:02 AM	0.0001210505	+5.97779731987781E-11	+1.54146785538769E-14	+6.71255935063284E-02	+1.86260490417480E+01	+4.94776228691896E+06	+0.00000000000000E+00	+4.94776326499939E+06	+4.94774020576477E+06	+4.94778436817169E+06 	0	0	0	0
		B	s3	174	9:29:04 AM	0.0001256600	+2.37954907639622E-11	+1.54542774512144E-14	+6.69535960539116E-02	+1.86768722534180E+01	+4.94776227942256E+06	+0.00000000000000E+00	+4.94776341815949E+06	+4.94774008113861E+06	+4.94778447780609E+06 	0	0	0	0
		B	s3	175	9:29:06 AM	0.0001303557	+6.61408676780765E-11	+1.54268024876334E-14	+6.70728400218723E-02	+1.86545276641846E+01	+4.94776226620493E+06	+0.00000000000000E+00	+4.94776337150574E+06	+4.94774013389588E+06	+4.94778439861298E+06 	0	0	0	0
		B	s3	176	9:29:08 AM	0.0001351375	+6.89347793873551E-11	+1.54288075852769E-14	+6.70641234686861E-02	+1.86320266723633E+01	+4.94776226244755E+06	+0.00000000000000E+00	+4.94776337890625E+06	+4.94774015396118E+06	+4.94778437103272E+06 	0	0	0	0
		B	s3	177	9:29:10 AM	0.0001400055	+1.20905841386217E-10	+1.54129086288527E-14	+6.71333010138923E-02	+1.86459197998047E+01	+4.94776231598686E+06	+0.00000000000000E+00	+4.94776338638306E+06	+4.94774021381378E+06	+4.94778441825867E+06 	0	0	0	0
		B	s3	178	9:29:13 AM	0.0001449597	+7.02475719954300E-11	+1.54090772519567E-14	+6.71499943254121E-02	+1.86227283477783E+01	+4.94776227881278E+06	+0.00000000000000E+00	+4.94776340793610E+06	+4.94774020961762E+06	+4.94778434810639E+06 	0	0	0	0
		B	s3	179	9:29:15 AM	0.0001500000	+1.88859106331596E-11	+1.53914846978176E-14	+6.72267467629096E-02	+1.86394863128662E+01	+4.94776229302255E+06	+0.00000000000000E+00	+4.94776337230683E+06	+4.94774022918701E+06	+4.94778435695648E+06 	0	0	0	0

