	10/06/22	Test 003 N (today) Location 07 Ramp 02	Tip H10	Box 5b Xtal 1		DLC	50 uN	2.6%		Points/Segment: 59	
		Seg 	ID Tag	Number	Time	Power	C0	C1	L1	R1	fs	fa	fr	f1	f2	Ch1 (Pk-Pk)	Ch2 (Pk-Pk)	Ch1 (RMS)	Ch2 (RMS)	
						uW	F	F	H	Ohms	Hz	Hz	Hz	Hz	Hz	V	V	V	V	
		B	s1	0	1:26:58 PM	0.0000000400	-5.35891831748717E-11	+1.49898047176960E-14	+6.90281755099465E-02	+2.09362373352051E+01	+4.94776366340473E+06	+0.00000000000000E+00	+4.94776454093933E+06	+4.94773952762604E+06	+4.94778779930115E+06 	0	0	0	0
		B	s1	1	1:27:00 PM	0.0000001262	+4.74083681015605E-11	+1.53619491583389E-14	+6.73559646082009E-02	+2.10091648101807E+01	+4.94776358472320E+06	+0.00000000000000E+00	+4.94776459030152E+06	+4.94773876358032E+06	+4.94778840599060E+06 	0	0	0	0
		B	s1	2	1:27:02 PM	0.0000003847	-1.48010367540820E-11	+1.52414523838245E-14	+6.78884783770725E-02	+2.11240062713623E+01	+4.94776332944396E+06	+0.00000000000000E+00	+4.94776472957611E+06	+4.94773856838227E+06	+4.94778809062958E+06 	0	0	0	0
		B	s1	3	1:27:05 PM	0.0000008155	+4.49450406632791E-11	+1.53462826781236E-14	+6.74247314235657E-02	+2.12041149139404E+01	+4.94776338364948E+06	+0.00000000000000E+00	+4.94776465564728E+06	+4.94773835773468E+06	+4.94778840969086E+06 	0	0	0	0
		B	s1	4	1:27:06 PM	0.0000014187	+5.77262174553432E-11	+1.54473776531391E-14	+6.69834697681458E-02	+2.12637348175049E+01	+4.94776346469153E+06	+0.00000000000000E+00	+4.94776483226776E+06	+4.94773820308685E+06	+4.94778872642517E+06 	0	0	0	0
		B	s1	5	1:27:09 PM	0.0000021943	+1.37688938990805E-10	+1.54107901349130E-14	+6.71424984584727E-02	+2.12519702911377E+01	+4.94776346743848E+06	+0.00000000000000E+00	+4.94776473869324E+06	+4.94773827960968E+06	+4.94778865539551E+06 	0	0	0	0
		B	s1	6	1:27:11 PM	0.0000031421	+9.92727427300314E-11	+1.53957787892065E-14	+6.72079633008392E-02	+2.12065811157227E+01	+4.94776350814170E+06	+0.00000000000000E+00	+4.94776481769562E+06	+4.94773839859009E+06	+4.94778861782074E+06 	0	0	0	0
		B	s1	7	1:27:13 PM	0.0000042624	+7.02410900378184E-11	+1.54293008953444E-14	+6.70619434304438E-02	+2.12359886169434E+01	+4.94776358474037E+06	+0.00000000000000E+00	+4.94776482654572E+06	+4.94773838562012E+06	+4.94778878398896E+06 	0	0	0	0
		B	s1	8	1:27:15 PM	0.0000055549	+1.39458413120316E-10	+1.53689778656332E-14	+6.73251599098393E-02	+2.12374935150146E+01	+4.94776361190150E+06	+0.00000000000000E+00	+4.94776476367951E+06	+4.94773850952149E+06	+4.94778871440888E+06 	0	0	0	0
		B	s1	9	1:27:18 PM	0.0000070198	+6.33028484121863E-11	+1.54069122136366E-14	+6.71593946382402E-02	+2.11817264556885E+01	+4.94776359980893E+06	+0.00000000000000E+00	+4.94776482303620E+06	+4.94773850154877E+06	+4.94778869819641E+06 	0	0	0	0
		B	s1	10	1:27:20 PM	0.0000086571	+2.88869975542689E-11	+1.53989061728989E-14	+6.71943117591306E-02	+2.11842193603516E+01	+4.94776358876544E+06	+0.00000000000000E+00	+4.94776487678528E+06	+4.94773850059509E+06	+4.94778867706299E+06 	0	0	0	0
		B	s1	11	1:27:22 PM	0.0000104666	+1.02594397213091E-10	+1.53909791350065E-14	+6.72289190145466E-02	+2.12090682983398E+01	+4.94776361819574E+06	+0.00000000000000E+00	+4.94776478050232E+06	+4.94773851352692E+06	+4.94778872299194E+06 	0	0	0	0
		B	s1	12	1:27:24 PM	0.0000124486	+1.34524559105669E-10	+1.53772633757922E-14	+6.72888859334066E-02	+2.11827793121338E+01	+4.94776354302740E+06	+0.00000000000000E+00	+4.94776479125977E+06	+4.94773849182129E+06	+4.94778859436035E+06 	0	0	0	0
		B	s1	13	1:27:26 PM	0.0000146028	+9.71770357335753E-11	+1.53206373033914E-14	+6.75375878088318E-02	+2.11795825958252E+01	+4.94776362454797E+06	+0.00000000000000E+00	+4.94776475955963E+06	+4.94773866935730E+06	+4.94778857986450E+06 	0	0	0	0
		B	s1	14	1:27:28 PM	0.0000169294	+6.07327201279003E-11	+1.53640047619576E-14	+6.73469543497295E-02	+2.11947479248047E+01	+4.94776352851252E+06	+0.00000000000000E+00	+4.94776471336365E+06	+4.94773848476410E+06	+4.94778857238770E+06 	0	0	0	0
		B	s1	15	1:27:31 PM	0.0000194284	+6.08365164327166E-11	+1.53820596336305E-14	+6.72679043706825E-02	+2.12140312194824E+01	+4.94776355450942E+06	+0.00000000000000E+00	+4.94776472778320E+06	+4.94773845851898E+06	+4.94778865062714E+06 	0	0	0	0
		B	s1	16	1:27:32 PM	0.0000220997	+1.72459016677813E-10	+1.54149241471049E-14	+6.71244904969065E-02	+2.11864204406738E+01	+4.94776352351489E+06	+0.00000000000000E+00	+4.94776471691132E+06	+4.94773840663910E+06	+4.94778864051819E+06 	0	0	0	0
		B	s1	17	1:27:34 PM	0.0000249433	+2.34938932940538E-11	+1.53833280983785E-14	+6.72623601129636E-02	+2.11818771362305E+01	+4.94776346406313E+06	+0.00000000000000E+00	+4.94776475330353E+06	+4.94773840404511E+06	+4.94778852420807E+06 	0	0	0	0
		B	s1	18	1:27:36 PM	0.0000279593	+9.74600964236313E-11	+1.53735589667700E-14	+6.73051024680140E-02	+2.11507968902588E+01	+4.94776344668745E+06	+0.00000000000000E+00	+4.94776465953827E+06	+4.94773843933106E+06	+4.94778845417023E+06 	0	0	0	0
		B	s1	19	1:27:38 PM	0.0000311476	+1.74743029448436E-11	+1.53627307248516E-14	+6.73525397594626E-02	+2.11477527618408E+01	+4.94776351745019E+06	+0.00000000000000E+00	+4.94776469436646E+06	+4.94773853130341E+06	+4.94778850372315E+06 	0	0	0	0
		B	s1	20	1:27:41 PM	0.0000345083	+5.84472478702618E-11	+1.53972393665684E-14	+6.72015891316991E-02	+2.10912075042725E+01	+4.94776346553221E+06	+0.00000000000000E+00	+4.94776473117829E+06	+4.94773849021912E+06	+4.94778844097138E+06 	0	0	0	0
		B	s1	21	1:27:43 PM	0.0000380413	+9.29852695897358E-11	+1.53749850743828E-14	+6.72988586096393E-02	+2.10962009429932E+01	+4.94776348233610E+06	+0.00000000000000E+00	+4.94776469341278E+06	+4.94773853721619E+06	+4.94778842758179E+06 	0	0	0	0
		B	s1	22	1:27:45 PM	0.0000417466	+9.30084798656038E-11	+1.53885684769603E-14	+6.72394548576019E-02	+2.11256866455078E+01	+4.94776346133591E+06	+0.00000000000000E+00	+4.94776468650818E+06	+4.94773845928192E+06	+4.94778846351624E+06 	0	0	0	0
		B	s1	23	1:27:47 PM	0.0000456243	+5.61985331964010E-11	+1.53710617731584E-14	+6.73160364294208E-02	+2.11105403900146E+01	+4.94776346408273E+06	+0.00000000000000E+00	+4.94776466464996E+06	+4.94773850837708E+06	+4.94778841991425E+06 	0	0	0	0
		B	s1	24	1:27:50 PM	0.0000496743	+5.90732710035060E-11	+1.53619622393715E-14	+6.73559114928479E-02	+2.10890941619873E+01	+4.94776342900679E+06	+0.00000000000000E+00	+4.94776462699890E+06	+4.94773851341248E+06	+4.94778834472657E+06 	0	0	0	0
		B	s1	25	1:27:52 PM	0.0000538967	+9.05782655350465E-11	+1.53766481279283E-14	+6.72915809299213E-02	+2.11265964508057E+01	+4.94776344579111E+06	+0.00000000000000E+00	+4.94776463085175E+06	+4.94773846202851E+06	+4.94778842967987E+06 	0	0	0	0
		B	s1	26	1:27:54 PM	0.0000582914	+5.39738303839501E-11	+1.53937253523435E-14	+6.72169312175175E-02	+2.11120529174805E+01	+4.94776340691929E+06	+0.00000000000000E+00	+4.94776466190338E+06	+4.94773841262818E+06	+4.94778840133667E+06 	0	0	0	0
		B	s1	27	1:27:56 PM	0.0000628584	+8.98021249497932E-11	+1.53957662364092E-14	+6.72080214984504E-02	+2.10918731689453E+01	+4.94776338298217E+06	+0.00000000000000E+00	+4.94776459442139E+06	+4.94773840927124E+06	+4.94778835681916E+06 	0	0	0	0
		B	s1	28	1:27:58 PM	0.0000675978	+1.28311968406357E-10	+1.53663207352696E-14	+6.73368068629054E-02	+2.10849685668945E+01	+4.94776342280789E+06	+0.00000000000000E+00	+4.94776461288452E+06	+4.94773850502014E+06	+4.94778834072113E+06 	0	0	0	0
		B	s1	29	1:28:00 PM	0.0000725095	+4.99718147911352E-11	+1.53708780134487E-14	+6.73168429734957E-02	+2.10650672912598E+01	+4.94776339877538E+06	+0.00000000000000E+00	+4.94776459178925E+06	+4.94773849712372E+06	+4.94778830055237E+06 	0	0	0	0
		B	s1	30	1:28:03 PM	0.0000775936	+8.73944755347864E-11	+1.53761630807840E-14	+6.72937045338102E-02	+2.10583267211914E+01	+4.94776341401509E+06	+0.00000000000000E+00	+4.94776454315186E+06	+4.94773851177216E+06	+4.94778831638336E+06 	0	0	0	0
		B	s1	31	1:28:04 PM	0.0000828500	+8.76008638429159E-11	+1.53745883954563E-14	+6.73005981635771E-02	+2.10631294250488E+01	+4.94776336545398E+06	+0.00000000000000E+00	+4.94776456642151E+06	+4.94773846008301E+06	+4.94778827095032E+06 	0	0	0	0
		B	s1	32	1:28:07 PM	0.0000882787	+5.22857969814248E-11	+1.53548967077035E-14	+6.73869071780593E-02	+2.10532836914063E+01	+4.94776335675669E+06	+0.00000000000000E+00	+4.94776454151154E+06	+4.94773849491120E+06	+4.94778821872711E+06 	0	0	0	0
		B	s1	33	1:28:09 PM	0.0000938798	+5.32669325352524E-11	+1.54214980250692E-14	+6.70958796880589E-02	+2.10679531097412E+01	+4.94776341191658E+06	+0.00000000000000E+00	+4.94776462726593E+06	+4.94773842483521E+06	+4.94778839912415E+06 	0	0	0	0
		B	s1	34	1:28:10 PM	0.0000996533	+9.11437667042490E-11	+1.53714350779838E-14	+6.73144034632883E-02	+2.10701122283936E+01	+4.94776339625765E+06	+0.00000000000000E+00	+4.94776463970184E+06	+4.94773848773956E+06	+4.94778830490112E+06 	0	0	0	0
		B	s1	35	1:28:13 PM	0.0001055990	+5.49551239345225E-11	+1.53910185962487E-14	+6.72287527145002E-02	+2.10316524505615E+01	+4.94776339486535E+06	+0.00000000000000E+00	+4.94776467102051E+06	+4.94773850013733E+06	+4.94778828971863E+06 	0	0	0	0
		B	s1	36	1:28:14 PM	0.0001117172	+9.44014853474097E-11	+1.54187228600428E-14	+6.71079556922848E-02	+2.10922851562500E+01	+4.94776342524883E+06	+0.00000000000000E+00	+4.94776469558716E+06	+4.94773841381073E+06	+4.94778843681336E+06 	0	0	0	0
		B	s1	37	1:28:17 PM	0.0001180076	+5.77276709623603E-11	+1.53880172882611E-14	+6.72418645185424E-02	+2.10539340972900E+01	+4.94776341763899E+06	+0.00000000000000E+00	+4.94776468250275E+06	+4.94773850139618E+06	+4.94778833400726E+06 	0	0	0	0
		B	s1	38	1:28:18 PM	0.0001244704	+5.43945738635969E-11	+1.53781483832112E-14	+6.72850166413089E-02	+2.10284175872803E+01	+4.94776342679449E+06	+0.00000000000000E+00	+4.94776463741303E+06	+4.94773855670929E+06	+4.94778829700470E+06 	0	0	0	0
		B	s1	39	1:28:20 PM	0.0001311055	+1.31932964253450E-10	+1.54007303203478E-14	+6.71863571050298E-02	+2.10524806976318E+01	+4.94776343371784E+06	+0.00000000000000E+00	+4.94776462711334E+06	+4.94773849861145E+06	+4.94778836894989E+06 	0	0	0	0
		B	s1	40	1:28:22 PM	0.0001379130	+9.31528774023230E-11	+1.53989095650487E-14	+6.71943010965334E-02	+2.10215511322021E+01	+4.94776343636925E+06	+0.00000000000000E+00	+4.94776463455200E+06	+4.94773854084015E+06	+4.94778833202362E+06 	0	0	0	0
		B	s1	41	1:28:24 PM	0.0001448928	+5.52785942456033E-11	+1.54069696326105E-14	+6.71591496847748E-02	+2.10139827728271E+01	+4.94776340320044E+06	+0.00000000000000E+00	+4.94776464218140E+06	+4.94773850360871E+06	+4.94778830291748E+06 	0	0	0	0
		B	s1	42	1:28:27 PM	0.0001520450	+5.48252263900864E-11	+1.54075217390705E-14	+6.71567431178831E-02	+2.10287628173828E+01	+4.94776340375348E+06	+0.00000000000000E+00	+4.94776463520050E+06	+4.94773848575592E+06	+4.94778832187653E+06 	0	0	0	0
		B	s1	43	1:28:29 PM	0.0001593695	+5.21473836235583E-11	+1.53996058659373E-14	+6.71912640599183E-02	+2.10105838775635E+01	+4.94776339265288E+06	+0.00000000000000E+00	+4.94776469539643E+06	+4.94773850898743E+06	+4.94778827644348E+06 	0	0	0	0
		B	s1	44	1:28:31 PM	0.0001668664	+5.24371438293260E-11	+1.53875534079376E-14	+6.72438921129078E-02	+2.09997539520264E+01	+4.94776339961487E+06	+0.00000000000000E+00	+4.94776462909699E+06	+4.94773854824066E+06	+4.94778825111389E+06 	0	0	0	0
		B	s1	45	1:28:33 PM	0.0001745355	+5.33816151629207E-11	+1.53822532892038E-14	+6.72670615005579E-02	+2.10205650329590E+01	+4.94776340732048E+06	+0.00000000000000E+00	+4.94776462524414E+06	+4.94773853988648E+06	+4.94778827487946E+06 	0	0	0	0
		B	s1	46	1:28:36 PM	0.0001823771	+9.04268515801924E-11	+1.53890734136689E-14	+6.72372501759551E-02	+2.09956169128418E+01	+4.94776340476472E+06	+0.00000000000000E+00	+4.94776460983277E+06	+4.94773855583191E+06	+4.94778825382233E+06 	0	0	0	0
		B	s1	47	1:28:38 PM	0.0001903909	+5.29513038434213E-11	+1.53790743581041E-14	+6.72809663996928E-02	+2.09962539672852E+01	+4.94776339028802E+06	+0.00000000000000E+00	+4.94776458839417E+06	+4.94773855674744E+06	+4.94778822395325E+06 	0	0	0	0
		B	s1	48	1:28:40 PM	0.0001985772	+5.28151043121883E-11	+1.54034550709078E-14	+6.71744743265134E-02	+2.10152034759521E+01	+4.94776336146767E+06	+0.00000000000000E+00	+4.94776461097717E+06	+4.94773846611023E+06	+4.94778825695038E+06 	0	0	0	0
		B	s1	49	1:28:42 PM	0.0002069357	+5.17558265055440E-11	+1.54130720345585E-14	+6.71325603229350E-02	+2.09915676116943E+01	+4.94776338317336E+06	+0.00000000000000E+00	+4.94776462909699E+06	+4.94773850028992E+06	+4.94778826618195E+06 	0	0	0	0
		B	s1	50	1:28:44 PM	0.0002154666	+5.18259916958311E-11	+1.53918143744401E-14	+6.72252773371940E-02	+2.10209941864014E+01	+4.94776337857665E+06	+0.00000000000000E+00	+4.94776461502075E+06	+4.94773849517822E+06	+4.94778826210022E+06 	0	0	0	0
		B	s1	51	1:28:46 PM	0.0002241698	+5.17571225150478E-11	+1.54026541172535E-14	+6.71779677356825E-02	+2.10251522064209E+01	+4.94776335158755E+06	+0.00000000000000E+00	+4.94776461265564E+06	+4.94773844573975E+06	+4.94778825756073E+06 	0	0	0	0
		B	s1	52	1:28:49 PM	0.0002330454	+5.25125187137338E-11	+1.53999004385858E-14	+6.71899807021380E-02	+2.11131057739258E+01	+4.94776332301497E+06	+0.00000000000000E+00	+4.94776460605622E+06	+4.94773831745148E+06	+4.94778832870484E+06 	0	0	0	0
		B	s1	53	1:28:51 PM	0.0002420933	+9.00745705540738E-11	+1.53961794459860E-14	+6.72062192156275E-02	+2.11387786865234E+01	+4.94776332864152E+06	+0.00000000000000E+00	+4.94776461822510E+06	+4.94773829872132E+06	+4.94778835868836E+06 	0	0	0	0
		B	s1	54	1:28:53 PM	0.0002513136	+5.26972690042221E-11	+1.54027286754980E-14	+6.71776431536534E-02	+2.11381149291992E+01	+4.94776332953793E+06	+0.00000000000000E+00	+4.94776466316223E+06	+4.94773828975678E+06	+4.94778836944580E+06 	0	0	0	0
		B	s1	55	1:28:55 PM	0.0002607062	+9.07107108581182E-11	+1.54166589536445E-14	+6.71169413739733E-02	+2.11226501464844E+01	+4.94776336631159E+06	+0.00000000000000E+00	+4.94776460193634E+06	+4.94773832221985E+06	+4.94778841053009E+06 	0	0	0	0
		B	s1	56	1:28:58 PM	0.0002702711	+5.55818323950720E-11	+1.54003909246777E-14	+6.71878399515767E-02	+2.11409530639648E+01	+4.94776335324627E+06	+0.00000000000000E+00	+4.94776464862824E+06	+4.94773831390381E+06	+4.94778839271546E+06 	0	0	0	0
		B	s1	57	1:28:59 PM	0.0002800084	+9.28241135984712E-11	+1.54220862605976E-14	+6.70933222203959E-02	+2.11487140655518E+01	+4.94776334809621E+06	+0.00000000000000E+00	+4.94776467662812E+06	+4.94773826427460E+06	+4.94778843204499E+06 	0	0	0	0
		B	s1	58	1:29:01 PM	0.0002899180	+5.32639110505539E-11	+1.53961500407813E-14	+6.72063466187660E-02	+2.11311511993408E+01	+4.94776336377493E+06	+0.00000000000000E+00	+4.94776466182709E+06	+4.94773834293366E+06	+4.94778838474274E+06 	0	0	0	0
		B	s1	59	1:29:03 PM	0.0003000000	+9.13627669503902E-11	+1.54097491146407E-14	+6.71470370331494E-02	+2.11525611877441E+01	+4.94776336798993E+06	+0.00000000000000E+00	+4.94776468532562E+06	+4.94773829967499E+06	+4.94778843643189E+06 	0	0	0	0
		T	s2 	60	1:32:35 PM	0.0003000000	+6.15478927116821E-11	+1.54076780878762E-14	+6.71560571176059E-02	+2.15706863403320E+01	+4.94776357062413E+06	+0.00000000000000E+00	+4.94776482139588E+06	+4.94773801021576E+06	+4.94778913116455E+06 	0.432000	0.196000	0.138515	0.030023
		T	s2 	61	1:32:39 PM	0.0002899180	+1.05152875427557E-10	+1.54186256747974E-14	+6.71083720960199E-02	+2.16393165588379E+01	+4.94776366799377E+06	+0.00000000000000E+00	+4.94776496726990E+06	+4.94773800804138E+06	+4.94778932807922E+06 	0.432000	0.134000	0.136655	0.028751
		T	s2 	62	1:32:44 PM	0.0002800084	+7.19911840031757E-11	+1.54193882730275E-14	+6.71050526940511E-02	+2.16316356658936E+01	+4.94776368334796E+06	+0.00000000000000E+00	+4.94776504356384E+06	+4.94773803123474E+06	+4.94778933559418E+06 	0.448000	0.126000	0.133944	0.029975
		T	s2 	63	1:32:49 PM	0.0002702711	+7.14897328789616E-11	+1.54217043466063E-14	+6.70949730283559E-02	+2.16606140136719E+01	+4.94776374403960E+06	+0.00000000000000E+00	+4.94776500453949E+06	+4.94773805370331E+06	+4.94778943450928E+06 	0.416000	0.150000	0.132863	0.028639
		T	s2 	64	1:32:55 PM	0.0002607062	+1.06416715103096E-10	+1.54133429315575E-14	+6.71313707015377E-02	+2.16769180297852E+01	+4.94776374188427E+06	+0.00000000000000E+00	+4.94776496734619E+06	+4.94773804615021E+06	+4.94778943775177E+06 	0.424000	0.148000	0.130477	0.028288
		T	s2 	65	1:33:01 PM	0.0002513136	+7.08137786217763E-11	+1.54194639969900E-14	+6.71047228786459E-02	+2.17013015747070E+01	+4.94776369318945E+06	+0.00000000000000E+00	+4.94776499130249E+06	+4.94773795833588E+06	+4.94778942817688E+06 	0.416000	0.124000	0.127026	0.028560
		T	s2 	66	1:33:06 PM	0.0002420933	+6.68368003215394E-11	+1.54195048617196E-14	+6.71045446995295E-02	+2.16906929016113E+01	+4.94776370566358E+06	+0.00000000000000E+00	+4.94776497779846E+06	+4.94773798332215E+06	+4.94778942813873E+06 	0.400000	0.166000	0.124638	0.027188
		T	s2 	67	1:33:12 PM	0.0002330454	+1.04879045136466E-10	+1.54135501373965E-14	+6.71304700750905E-02	+2.17088718414307E+01	+4.94776367455466E+06	+0.00000000000000E+00	+4.94776492950440E+06	+4.94773794059754E+06	+4.94778940864563E+06 	0.400000	0.108000	0.122171	0.028012
		T	s2 	68	1:33:18 PM	0.0002241698	+6.98033059881137E-11	+1.54067583210490E-14	+6.71600623901067E-02	+2.17792568206787E+01	+4.94776371323532E+06	+0.00000000000000E+00	+4.94776503795624E+06	+4.94773790721893E+06	+4.94778951938629E+06 	0.400000	0.138000	0.119901	0.025691
		T	s2 	69	1:33:23 PM	0.0002154666	+6.57566009156512E-11	+1.54133436163907E-14	+6.71313685909335E-02	+2.16870059967041E+01	+4.94776370974538E+06	+0.00000000000000E+00	+4.94776491664887E+06	+4.94773800205231E+06	+4.94778941757202E+06 	0.384000	0.144000	0.118045	0.026201
		T	s2 	70	1:33:28 PM	0.0002069357	+3.34751965871690E-11	+1.53921287575442E-14	+6.72238953777413E-02	+2.17272090911865E+01	+4.94776370566359E+06	+0.00000000000000E+00	+4.94776494575501E+06	+4.94773798576355E+06	+4.94778942569733E+06 	0.368000	0.114000	0.115285	0.025151
		T	s2 	71	1:33:34 PM	0.0001985772	+7.25998084381058E-11	+1.54220499090717E-14	+6.70934709302197E-02	+2.17250652313232E+01	+4.94776369605031E+06	+0.00000000000000E+00	+4.94776494792938E+06	+4.94773792869568E+06	+4.94778946353912E+06 	0.360000	0.116000	0.112882	0.024507
		T	s2 	72	1:33:40 PM	0.0001903909	+6.84793239609050E-11	+1.53859407296944E-14	+6.72509311753016E-02	+2.17261791229248E+01	+4.94776373473164E+06	+0.00000000000000E+00	+4.94776494792938E+06	+4.94773802639008E+06	+4.94778944320679E+06 	0.376000	0.148000	0.111071	0.024499
		T	s2 	73	1:33:45 PM	0.0001823771	+7.23862906957341E-11	+1.53881473267246E-14	+6.72412881132124E-02	+2.17601966857910E+01	+4.94776371836636E+06	+0.00000000000000E+00	+4.94776502258301E+06	+4.94773796607971E+06	+4.94778947078705E+06 	0.360000	0.166000	0.108397	0.026006
		T	s2 	74	1:33:50 PM	0.0001745355	+6.74892005053435E-11	+1.54058515249671E-14	+6.71640148532143E-02	+2.17559566497803E+01	+4.94776373576126E+06	+0.00000000000000E+00	+4.94776494804383E+06	+4.94773795886994E+06	+4.94778951278687E+06 	0.344000	0.138000	0.106091	0.023312
		T	s2 	75	1:33:56 PM	0.0001668664	+1.07472984664324E-10	+1.54001468719771E-14	+6.71888930091132E-02	+2.17990417480469E+01	+4.94776378392159E+06	+0.00000000000000E+00	+4.94776503814697E+06	+4.94773796554566E+06	+4.94778960243225E+06 	0.336000	0.104000	0.104315	0.023118
		T	s2 	76	1:34:02 PM	0.0001593695	+7.30135633158053E-11	+1.53940145352338E-14	+6.72156586083056E-02	+2.18043746948242E+01	+4.94776377171458E+06	+0.00000000000000E+00	+4.94776502788544E+06	+4.94773795730591E+06	+4.94778958625794E+06 	0.344000	0.106000	0.101914	0.023718
		T	s2 	77	1:34:07 PM	0.0001520450	+7.02658991270154E-11	+1.53733253091098E-14	+6.73061148960015E-02	+2.18281364440918E+01	+4.94776383393233E+06	+0.00000000000000E+00	+4.94776502059937E+06	+4.94773802612305E+06	+4.94778964187622E+06 	0.344000	0.104000	0.099097	0.022363
		T	s2 	78	1:34:13 PM	0.0001448928	+7.34683536072405E-11	+1.54104522926215E-14	+6.71439612022593E-02	+2.18008308410645E+01	+4.94776380701948E+06	+0.00000000000000E+00	+4.94776502342224E+06	+4.94773796924591E+06	+4.94778964492798E+06 	0.320000	0.160000	0.096749	0.021548
		T	s2 	79	1:34:18 PM	0.0001379130	+7.58824060572343E-11	+1.53976251917472E-14	+6.71998964677606E-02	+2.17725887298584E+01	+4.94776378815609E+06	+0.00000000000000E+00	+4.94776505279541E+06	+4.94773800533295E+06	+4.94778957111359E+06 	0.336000	0.106000	0.093957	0.022172
		T	s2 	80	1:34:24 PM	0.0001311055	+7.66121191364624E-11	+1.53976917696725E-14	+6.71996035459404E-02	+2.17695140838623E+01	+4.94776387492140E+06	+0.00000000000000E+00	+4.94776519927979E+06	+4.94773809562683E+06	+4.94778965435028E+06 	0.344000	0.112000	0.092648	0.021442
		T	s2 	81	1:34:30 PM	0.0001244704	+1.16439124890230E-10	+1.54171403584694E-14	+6.71148304780656E-02	+2.18204727172852E+01	+4.94776392472179E+06	+0.00000000000000E+00	+4.94776519157410E+06	+4.94773805244446E+06	+4.94778979713440E+06 	0.312000	0.128000	0.090207	0.022431
		T	s2 	82	1:34:35 PM	0.0001180076	+4.63222224045267E-11	+1.53798594948598E-14	+6.72775165031058E-02	+2.18099765777588E+01	+4.94776395014713E+06	+0.00000000000000E+00	+4.94776520656586E+06	+4.94773815284729E+06	+4.94778974758148E+06 	0.312000	0.100000	0.087538	0.022581
		T	s2 	83	1:34:40 PM	0.0001117172	+8.57310758427509E-11	+1.53945605625202E-14	+6.72132687767661E-02	+2.18586311340332E+01	+4.94776398407844E+06	+0.00000000000000E+00	+4.94776521121979E+06	+4.94773810451508E+06	+4.94778986377716E+06 	0.296000	0.158000	0.084796	0.021882
		T	s2 	84	1:34:46 PM	0.0001055990	+8.32045913725090E-11	+1.53760819509119E-14	+6.72940434173845E-02	+2.18445606231689E+01	+4.94776400893144E+06	+0.00000000000000E+00	+4.94776525768280E+06	+4.94773817707062E+06	+4.94778984092713E+06 	0.296000	0.142000	0.083900	0.020097
		T	s2 	85	1:34:52 PM	0.0000996533	+4.90606539694635E-11	+1.54024080722291E-14	+6.71790222442599E-02	+2.18663005828857E+01	+4.94776403736964E+06	+0.00000000000000E+00	+4.94776523571015E+06	+4.94773813552857E+06	+4.94778993934632E+06 	0.288000	0.116000	0.080212	0.019449
		T	s2 	86	1:34:57 PM	0.0000938798	+8.30616162984490E-11	+1.53870833944812E-14	+6.72459279234578E-02	+2.18559551239014E+01	+4.94776406989014E+06	+0.00000000000000E+00	+4.94776525669098E+06	+4.94773820606232E+06	+4.94778993385315E+06 	0.272000	0.104000	0.078685	0.020743
		T	s2 	87	1:35:02 PM	0.0000882787	+8.85751057067232E-11	+1.53973973233139E-14	+6.72008850700498E-02	+2.18972873687744E+01	+4.94776400532604E+06	+0.00000000000000E+00	+4.94776525985718E+06	+4.94773807521820E+06	+4.94778993556977E+06 	0.280000	0.134000	0.075607	0.019311
		T	s2 	88	1:35:08 PM	0.0000828500	+1.22369700381596E-10	+1.53935696786185E-14	+6.72175950241016E-02	+2.19115772247314E+01	+4.94776399401540E+06	+0.00000000000000E+00	+4.94776527992249E+06	+4.94773805343628E+06	+4.94778993473053E+06 	0.264000	0.120000	0.074640	0.019348
		T	s2 	89	1:35:13 PM	0.0000775936	+8.14486836981419E-11	+1.54178679096955E-14	+6.71116601460696E-02	+2.19004974365234E+01	+4.94776404494147E+06	+0.00000000000000E+00	+4.94776526023865E+06	+4.94773807655335E+06	+4.94779001346588E+06 	0.280000	0.090000	0.071315	0.018246
		T	s2 	90	1:35:19 PM	0.0000725095	+9.22892694206949E-11	+1.54025313764909E-14	+6.71784837884097E-02	+2.19497089385986E+01	+4.94776406157338E+06	+0.00000000000000E+00	+4.94776532196045E+06	+4.94773806072235E+06	+4.94779006256104E+06 	0.264000	0.096000	0.068822	0.019968
		T	s2 	91	1:35:24 PM	0.0000675978	+8.98962470800330E-11	+1.54035777710143E-14	+6.71739191108819E-02	+2.19748477935791E+01	+4.94776410261935E+06	+0.00000000000000E+00	+4.94776536766052E+06	+4.94773807022095E+06	+4.94779013515473E+06 	0.248000	0.098000	0.068289	0.018712
		T	s2 	92	1:35:30 PM	0.0000628584	+9.30728683411583E-11	+1.54343278471482E-14	+6.70400852682561E-02	+2.20044670104980E+01	+4.94776417979022E+06	+0.00000000000000E+00	+4.94776540966034E+06	+4.94773806026459E+06	+4.94779029945374E+06 	0.232000	0.126000	0.065621	0.018543
		T	s2 	93	1:35:36 PM	0.0000582914	+9.19223356276305E-11	+1.54036033028165E-14	+6.71738059342557E-02	+2.20103607177734E+01	+4.94776417017742E+06	+0.00000000000000E+00	+4.94776539703369E+06	+4.94773809566498E+06	+4.94779024482727E+06 	0.216000	0.090000	0.061798	0.017525
		T	s2 	94	1:35:41 PM	0.0000538967	+1.24688115248071E-10	+1.53997055957357E-14	+6.71908081561680E-02	+2.20235652923584E+01	+4.94776415728370E+06	+0.00000000000000E+00	+4.94776545169831E+06	+4.94773807373047E+06	+4.94779024097443E+06 	0.248000	0.108000	0.060178	0.018062
		T	s2 	95	1:35:47 PM	0.0000496743	+5.47375347235703E-11	+1.53940256059031E-14	+6.72155990389088E-02	+2.20023860931396E+01	+4.94776418507395E+06	+0.00000000000000E+00	+4.94776542716980E+06	+4.94773813621521E+06	+4.94779023406983E+06 	0.232000	0.108000	0.058300	0.015796
		T	s2 	96	1:35:52 PM	0.0000456243	+6.04746278081340E-11	+1.53834251160358E-14	+6.72619146311573E-02	+2.20397949218750E+01	+4.94776424683376E+06	+0.00000000000000E+00	+4.94776544101715E+06	+4.94773817165375E+06	+4.94779032215119E+06 	0.208000	0.088000	0.056031	0.015878
		T	s2 	97	1:35:58 PM	0.0000417466	+1.37412505448208E-10	+1.54088531833682E-14	+6.71509121372390E-02	+2.20607852935791E+01	+4.94776443962820E+06	+0.00000000000000E+00	+4.94776564052582E+06	+4.94773829647064E+06	+4.94779058292389E+06 	0.232000	0.074000	0.053123	0.014874
		T	s2 	98	1:36:04 PM	0.0000380413	+7.38486368753223E-11	+1.53993537270096E-14	+6.71923352132025E-02	+2.20436172485352E+01	+4.94776446009424E+06	+0.00000000000000E+00	+4.94776569339752E+06	+4.94773835338593E+06	+4.94779056694031E+06 	0.200000	0.140000	0.051009	0.015085
		T	s2 	99	1:36:09 PM	0.0000345083	+4.02955064690297E-11	+1.53864295921382E-14	+6.72487756622068E-02	+2.20442581176758E+01	+4.94776442616262E+06	+0.00000000000000E+00	+4.94776559490204E+06	+4.94773834060669E+06	+4.94779051185608E+06 	0.208000	0.122000	0.049252	0.015135
		T	s2 	100	1:36:15 PM	0.0000311476	+1.42984158697560E-10	+1.53835248047499E-14	+6.72614685048604E-02	+2.21505165100098E+01	+4.94776462397311E+06	+0.00000000000000E+00	+4.94776584270478E+06	+4.94773841762543E+06	+4.94779083045960E+06 	0.184000	0.116000	0.046451	0.014827
		T	s2 	101	1:36:20 PM	0.0000279593	+4.77322432025798E-11	+1.54068521732323E-14	+6.71596259354926E-02	+2.21454696655273E+01	+4.94776472044662E+06	+0.00000000000000E+00	+4.94776588497162E+06	+4.94773848033905E+06	+4.94779096069336E+06 	0.208000	0.084000	0.045617	0.016071
		T	s2 	102	1:36:26 PM	0.0000249433	+5.38334474423970E-11	+1.53825795593923E-14	+6.72655967406338E-02	+2.21729965209961E+01	+4.94776480490407E+06	+0.00000000000000E+00	+4.94776601215363E+06	+4.94773857357025E+06	+4.94779103637696E+06 	0.152000	0.112000	0.041595	0.015975
		T	s2 	103	1:36:31 PM	0.0000220997	+1.29934780565360E-10	+1.54088207287366E-14	+6.71510427985150E-02	+2.21656875610352E+01	+4.94776483656587E+06	+0.00000000000000E+00	+4.94776606658936E+06	+4.94773856914521E+06	+4.94779110412598E+06 	0.176000	0.082000	0.040245	0.014793
		T	s2 	104	1:36:37 PM	0.0000194284	+6.71245505792723E-11	+1.53747976006279E-14	+6.72996374482663E-02	+2.21511173248291E+01	+4.94776501795512E+06	+0.00000000000000E+00	+4.94776616390228E+06	+4.94773882575989E+06	+4.94779121028900E+06 	0.152000	0.100000	0.038584	0.015162
		T	s2 	105	1:36:42 PM	0.0000169294	+7.61028760069548E-11	+1.54246784945918E-14	+6.70819992020477E-02	+2.21584129333496E+01	+4.94776509899787E+06	+0.00000000000000E+00	+4.94776631298065E+06	+4.94773881317139E+06	+4.94779138496399E+06 	0.160000	0.146000	0.037665	0.016218
		T	s2 	106	1:36:47 PM	0.0000146028	+1.13590952144736E-10	+1.53788588577210E-14	+6.72818582346167E-02	+2.21228981018066E+01	+4.94776526394601E+06	+0.00000000000000E+00	+4.94776648414612E+06	+4.94773909820557E+06	+4.94779142982483E+06 	0.136000	0.116000	0.034445	0.015547
		T	s2 	107	1:36:53 PM	0.0000124486	+8.68013059013230E-11	+1.53809961154169E-14	+6.72725079469304E-02	+2.21287403106689E+01	+4.94776530714740E+06	+0.00000000000000E+00	+4.94776657493592E+06	+4.94773913085938E+06	+4.94779148357392E+06 	0.144000	0.116000	0.031830	0.014303
		T	s2 	108	1:36:59 PM	0.0000104666	+5.90141015426063E-11	+1.53989760414253E-14	+6.71939541080139E-02	+2.21660175323486E+01	+4.94776553181360E+06	+0.00000000000000E+00	+4.94776675144196E+06	+4.94773928077698E+06	+4.94779178298950E+06 	0.184000	0.076000	0.030501	0.012970
		T	s2 	109	1:37:04 PM	0.0000086571	+9.87668316773608E-11	+1.54132956633091E-14	+6.71315258259357E-02	+2.21934051513672E+01	+4.94776561203638E+06	+0.00000000000000E+00	+4.94776685855866E+06	+4.94773930412293E+06	+4.94779192008972E+06 	0.136000	0.114000	0.026543	0.014487
		T	s2 	110	1:37:09 PM	0.0000070198	+1.12489951917309E-10	+1.54187048346601E-14	+6.71079718084212E-02	+2.21788787841797E+01	+4.94776572325393E+06	+0.00000000000000E+00	+4.94776697551727E+06	+4.94773942333222E+06	+4.94779202331543E+06 	0.160000	0.120000	0.024011	0.013202
		T	s2 	111	1:37:14 PM	0.0000055549	+7.55254358493796E-11	+1.54085738146227E-14	+6.71520950879839E-02	+2.21709117889404E+01	+4.94776571224867E+06	+0.00000000000000E+00	+4.94776707901001E+06	+4.94773943904877E+06	+4.94779198558808E+06 	0.120000	0.134000	0.025961	0.013683
		T	s2 	112	1:37:20 PM	0.0000042624	+8.39087429069428E-11	+1.54424518896656E-14	+6.70047712183096E-02	+2.21686687469482E+01	+4.94776585104613E+06	+0.00000000000000E+00	+4.94776709354401E+06	+4.94773952274323E+06	+4.94779217948914E+06 	0.152000	0.090000	0.021755	0.012300
		T	s2 	113	1:37:26 PM	0.0000031421	+8.80828051458210E-11	+1.54253264535364E-14	+6.70791615883116E-02	+2.21791324615479E+01	+4.94776582758583E+06	+0.00000000000000E+00	+4.94776722938538E+06	+4.94773951606751E+06	+4.94779213924408E+06 	0.120000	0.068000	0.018236	0.014485
		T	s2 	114	1:37:31 PM	0.0000021943	+1.20808835033636E-10	+1.54646595023428E-14	+6.69085522103551E-02	+2.22408180236816E+01	+4.94776579889856E+06	+0.00000000000000E+00	+4.94776715747833E+06	+4.94773934692383E+06	+4.94779225101471E+06 	0.112000	0.076000	0.021798	0.015779
		T	s2 	115	1:37:37 PM	0.0000014187	+8.27123978163004E-11	+1.54564040465266E-14	+6.69442882998272E-02	+2.21487541198730E+01	+4.94776582079558E+06	+0.00000000000000E+00	+4.94776703159332E+06	+4.94773949237824E+06	+4.94779214935303E+06 	0.112000	0.068000	0.021298	0.015192
		T	s2 	116	1:37:42 PM	0.0000008155	+1.63824404766299E-10	+1.54951766115812E-14	+6.67767814177180E-02	+2.21232318878174E+01	+4.94776569395671E+06	+0.00000000000000E+00	+4.94776718360901E+06	+4.94773932991028E+06	+4.94779205814362E+06 	0.104000	0.070000	0.018733	0.015186
		T	s2 	117	1:37:48 PM	0.0000003847	-9.16483301263537E-12	+1.54199841531254E-14	+6.71023924041488E-02	+2.20539646148682E+01	+4.94776615805389E+06	+0.00000000000000E+00	+4.94776728988648E+06	+4.94774000408173E+06	+4.94779231216431E+06 	0.104000	0.128000	0.020913	0.014471
		T	s2 	118	1:37:53 PM	0.0000001262	+1.30110527003270E-10	+1.54743933066666E-14	+6.68664586110074E-02	+2.19794673919678E+01	+4.94776603358030E+06	+0.00000000000000E+00	+4.94776711921692E+06	+4.94773987598419E+06	+4.94779219131470E+06 	0.096000	0.128000	0.016495	0.015636
		T	s2 	119	1:37:58 PM	0.0000000400	-5.88616104498806E-12	+1.55223594244138E-14	+6.66598294399371E-02	+2.18755340576172E+01	+4.94776614794515E+06	+0.00000000000000E+00	+4.94776744316101E+06	+4.94774003334046E+06	+4.94779226268769E+06 	0.096000	0.142000	0.019521	0.012438
		B	s3	120	1:40:15 PM	0.0000000400	+8.98842089079124E-13	+1.58347422935173E-14	+6.53448666345067E-02	+2.16577014923096E+01	+4.94776305983189E+06	+0.00000000000000E+00	+4.94776440418244E+06	+4.94773668498993E+06	+4.94778943481445E+06 	0	0	0	0
		B	s3	121	1:40:16 PM	0.0000001262	+1.38847097387496E-10	+1.51812010019318E-14	+6.81579271434084E-02	+2.16050014495850E+01	+4.94776289611109E+06	+0.00000000000000E+00	+4.94776396492005E+06	+4.94773767135620E+06	+4.94778812099457E+06 	0	0	0	0
		B	s3	122	1:40:18 PM	0.0000003847	+1.08741888294476E-10	+1.54682760279040E-14	+6.68929811173731E-02	+2.18661727905273E+01	+4.94776312464552E+06	+0.00000000000000E+00	+4.94776436901093E+06	+4.94773711219788E+06	+4.94778913722992E+06 	0	0	0	0
		B	s3	123	1:40:21 PM	0.0000008155	+7.21089729365710E-11	+1.54411091102006E-14	+6.70106743495021E-02	+2.20014629364014E+01	+4.94776303396956E+06	+0.00000000000000E+00	+4.94776426536560E+06	+4.94773690654755E+06	+4.94778916152954E+06 	0	0	0	0
		B	s3	124	1:40:23 PM	0.0000014187	+1.07307969736531E-10	+1.54311870027795E-14	+6.70537607863170E-02	+2.20819053649902E+01	+4.94776306324695E+06	+0.00000000000000E+00	+4.94776443641663E+06	+4.94773685714722E+06	+4.94778926948548E+06 	0	0	0	0
		B	s3	125	1:40:25 PM	0.0000021943	+6.97781950310230E-11	+1.54261145482021E-14	+6.70758087532586E-02	+2.21537475585938E+01	+4.94776309359246E+06	+0.00000000000000E+00	+4.94776428367615E+06	+4.94773681087494E+06	+4.94778937644959E+06 	0	0	0	0
		B	s3	126	1:40:27 PM	0.0000031421	+7.35658541190559E-11	+1.54508119933548E-14	+6.69685899643256E-02	+2.22095069885254E+01	+4.94776313242550E+06	+0.00000000000000E+00	+4.94776440540314E+06	+4.94773674137116E+06	+4.94778952362061E+06 	0	0	0	0
		B	s3	127	1:40:30 PM	0.0000042624	+3.73832491249645E-11	+1.54357283653721E-14	+6.70340290120583E-02	+2.21535091400146E+01	+4.94776320398971E+06	+0.00000000000000E+00	+4.94776451915741E+06	+4.94773690517426E+06	+4.94778950294495E+06 	0	0	0	0
		B	s3	128	1:40:32 PM	0.0000055549	+1.09670522465292E-10	+1.54023019636574E-14	+6.71795088506410E-02	+2.20886650085449E+01	+4.94776316090341E+06	+0.00000000000000E+00	+4.94776448673249E+06	+4.94773699584961E+06	+4.94778932609558E+06 	0	0	0	0
		B	s3	129	1:40:34 PM	0.0000070198	+1.08440495032111E-10	+1.54479501301311E-14	+6.69809944326780E-02	+2.21555042266846E+01	+4.94776320734652E+06	+0.00000000000000E+00	+4.94776450965881E+06	+4.94773688533783E+06	+4.94778952949524E+06 	0	0	0	0
		B	s3	130	1:40:36 PM	0.0000086571	+1.14156881546699E-10	+1.54334443850638E-14	+6.70439491500002E-02	+2.21342582702637E+01	+4.94776320997893E+06	+0.00000000000000E+00	+4.94776446533203E+06	+4.94773693790436E+06	+4.94778948219300E+06 	0	0	0	0
		B	s3	131	1:40:39 PM	0.0000104666	+7.57255479287494E-11	+1.54231201914269E-14	+6.70888282777269E-02	+2.21208381652832E+01	+4.94776320646958E+06	+0.00000000000000E+00	+4.94776445629120E+06	+4.94773696788788E+06	+4.94778944519043E+06 	0	0	0	0
		B	s3	132	1:40:40 PM	0.0000124486	+1.04309914213399E-10	+1.54425637384489E-14	+6.70043566687595E-02	+2.21161441802979E+01	+4.94776323855104E+06	+0.00000000000000E+00	+4.94776449829102E+06	+4.94773697246552E+06	+4.94778950477600E+06 	0	0	0	0
		B	s3	133	1:40:42 PM	0.0000146028	+7.10029104163694E-11	+1.54336349663271E-14	+6.70431225108557E-02	+2.20507469177246E+01	+4.94776316389791E+06	+0.00000000000000E+00	+4.94776445301056E+06	+4.94773699062348E+06	+4.94778933731079E+06 	0	0	0	0
		B	s3	134	1:40:44 PM	0.0000169294	+1.06541106227557E-10	+1.54162229875839E-14	+6.71188461520698E-02	+2.20604019165039E+01	+4.94776311819793E+06	+0.00000000000000E+00	+4.94776441207886E+06	+4.94773696300507E+06	+4.94778927352905E+06 	0	0	0	0
		B	s3	135	1:40:46 PM	0.0000194284	+3.28085132804689E-11	+1.54017696411391E-14	+6.71818301111931E-02	+2.20594615936279E+01	+4.94776318396345E+06	+0.00000000000000E+00	+4.94776445594788E+06	+4.94773705440521E+06	+4.94778931365967E+06 	0	0	0	0
		B	s3	136	1:40:49 PM	0.0000220997	+1.10153811531251E-10	+1.54256388996457E-14	+6.70778761103055E-02	+2.20874996185303E+01	+4.94776312756276E+06	+0.00000000000000E+00	+4.94776438201904E+06	+4.94773692424774E+06	+4.94778933101654E+06 	0	0	0	0
		B	s3	137	1:40:51 PM	0.0000249433	+1.07235102404289E-10	+1.54317854866119E-14	+6.70511574826851E-02	+2.20215206146240E+01	+4.94776316612970E+06	+0.00000000000000E+00	+4.94776432880402E+06	+4.94773703067780E+06	+4.94778930171967E+06 	0	0	0	0
		B	s3	138	1:40:53 PM	0.0000279593	+1.09422007622228E-10	+1.54117953520907E-14	+6.71381286019320E-02	+2.20479602813721E+01	+4.94776311966670E+06	+0.00000000000000E+00	+4.94776436668396E+06	+4.94773698673248E+06	+4.94778925273895E+06 	0	0	0	0
		B	s3	139	1:40:55 PM	0.0000311476	+6.71692505019493E-11	+1.54107072091191E-14	+6.71428680974806E-02	+2.20666236877441E+01	+4.94776316008332E+06	+0.00000000000000E+00	+4.94776438713074E+06	+4.94773700687409E+06	+4.94778931343079E+06 	0	0	0	0
		B	s3	140	1:40:57 PM	0.0000345083	+1.03359405568584E-10	+1.54247041377951E-14	+6.70819421050247E-02	+2.20241546630859E+01	+4.94776309187667E+06	+0.00000000000000E+00	+4.94776446117401E+06	+4.94773696529389E+06	+4.94778921859741E+06 	0	0	0	0
		B	s3	141	1:40:59 PM	0.0000380413	+1.02606442657545E-10	+1.54120247084102E-14	+6.71371288491158E-02	+2.20009498596191E+01	+4.94776314276499E+06	+0.00000000000000E+00	+4.94776433158875E+06	+4.94773706516266E+06	+4.94778922050476E+06 	0	0	0	0
		B	s3	142	1:41:01 PM	0.0000417466	+1.02054747174670E-10	+1.54527455661712E-14	+6.69602122705391E-02	+2.20186786651611E+01	+4.94776306004280E+06	+0.00000000000000E+00	+4.94776431785584E+06	+4.94773689247132E+06	+4.94778922775269E+06 	0	0	0	0
		B	s3	143	1:41:03 PM	0.0000456243	+1.35038768757809E-10	+1.54280590179499E-14	+6.70673549171097E-02	+2.19887104034424E+01	+4.94776309216296E+06	+0.00000000000000E+00	+4.94776440685272E+06	+4.94773700195313E+06	+4.94778918251038E+06 	0	0	0	0
		B	s3	144	1:41:04 PM	0.0000496743	+1.02044561215633E-10	+1.54383791743373E-14	+6.70225226399966E-02	+2.19983329772949E+01	+4.94776307328006E+06	+0.00000000000000E+00	+4.94776436740875E+06	+4.94773695419312E+06	+4.94778919250488E+06 	0	0	0	0
		B	s3	145	1:41:07 PM	0.0000538967	+6.91550190017451E-11	+1.54248284694523E-14	+6.70814027313051E-02	+2.19748420715332E+01	+4.94776304247665E+06	+0.00000000000000E+00	+4.94776436801911E+06	+4.94773697418213E+06	+4.94778911090851E+06 	0	0	0	0
		B	s3	146	1:41:08 PM	0.0000582914	+3.24943682473552E-11	+1.54164718365457E-14	+6.71177650360368E-02	+2.19692993164062E+01	+4.94776303341685E+06	+0.00000000000000E+00	+4.94776432758331E+06	+4.94773698581696E+06	+4.94778908115387E+06 	0	0	0	0
		B	s3	147	1:41:11 PM	0.0000628584	+6.72533963024621E-11	+1.54250153056001E-14	+6.70805901087939E-02	+2.19902038574219E+01	+4.94776304602422E+06	+0.00000000000000E+00	+4.94776431720734E+06	+4.94773695919037E+06	+4.94778913299561E+06 	0	0	0	0
		B	s3	148	1:41:13 PM	0.0000675978	+9.91761603387735E-11	+1.54201857447811E-14	+6.71015997000749E-02	+2.19610004425049E+01	+4.94776304121792E+06	+0.00000000000000E+00	+4.94776424358368E+06	+4.94773699718476E+06	+4.94778908538818E+06 	0	0	0	0
		B	s3	149	1:41:15 PM	0.0000725095	+1.01476782938827E-10	+1.54355349290401E-14	+6.70348710614139E-02	+2.19832820892334E+01	+4.94776313067230E+06	+0.00000000000000E+00	+4.94776433341980E+06	+4.94773703426361E+06	+4.94778922721863E+06 	0	0	0	0
		B	s3	150	1:41:17 PM	0.0000775936	+6.69814312591981E-11	+1.54285474984238E-14	+6.70652332888519E-02	+2.19706382751465E+01	+4.94776302653121E+06	+0.00000000000000E+00	+4.94776428512574E+06	+4.94773695693970E+06	+4.94778909626007E+06 	0	0	0	0
		B	s3	151	1:41:20 PM	0.0000828500	+6.83867644187149E-11	+1.54558673975427E-14	+6.69466894260661E-02	+2.19375476837158E+01	+4.94776298544688E+06	+0.00000000000000E+00	+4.94776434978485E+06	+4.94773690902710E+06	+4.94778906200409E+06 	0	0	0	0
		B	s3	152	1:41:22 PM	0.0000882787	+1.01400055740753E-10	+1.54409022803388E-14	+6.70115726014369E-02	+2.19682693481445E+01	+4.94776301003255E+06	+0.00000000000000E+00	+4.94776433032990E+06	+4.94773692237854E+06	+4.94778909782410E+06 	0	0	0	0
		B	s3	153	1:41:24 PM	0.0000938798	+6.67569266605628E-11	+1.54547430376929E-14	+6.69515586156667E-02	+2.19600849151611E+01	+4.94776303349286E+06	+0.00000000000000E+00	+4.94776434288025E+06	+4.94773693218231E+06	+4.94778913494110E+06 	0	0	0	0
		B	s3	154	1:41:26 PM	0.0000996533	+1.35684660955335E-10	+1.54443450887184E-14	+6.69966322304003E-02	+2.19621028900146E+01	+4.94776309668340E+06	+0.00000000000000E+00	+4.94776426834107E+06	+4.94773701053620E+06	+4.94778918296814E+06 	0	0	0	0
		B	s3	155	1:41:28 PM	0.0001055990	+1.04993700252722E-10	+1.54749113427202E-14	+6.68643014540848E-02	+2.19519462585449E+01	+4.94776302723663E+06	+0.00000000000000E+00	+4.94776440731049E+06	+4.94773690155030E+06	+4.94778915306092E+06 	0	0	0	0
		B	s3	156	1:41:30 PM	0.0001117172	+1.02419927375100E-10	+1.54494299020671E-14	+6.69745840315101E-02	+2.19408130645752E+01	+4.94776301714705E+06	+0.00000000000000E+00	+4.94776433940888E+06	+4.94773694770813E+06	+4.94778908672333E+06 	0	0	0	0
		B	s3	157	1:41:32 PM	0.0001180076	+1.01906455595983E-10	+1.54294976195716E-14	+6.70611026572363E-02	+2.19527454376221E+01	+4.94776305874643E+06	+0.00000000000000E+00	+4.94776431259155E+06	+4.94773700878144E+06	+4.94778910884857E+06 	0	0	0	0
		B	s3	158	1:41:34 PM	0.0001244704	+1.36909655258467E-10	+1.54322478867360E-14	+6.70491510777014E-02	+2.19475955963135E+01	+4.94776306780634E+06	+0.00000000000000E+00	+4.94776434116364E+06	+4.94773701931000E+06	+4.94778911643982E+06 	0	0	0	0
		B	s3	159	1:41:36 PM	0.0001311055	+6.79101554996032E-11	+1.54220013965489E-14	+6.70936989046656E-02	+2.19556808471680E+01	+4.94776307215514E+06	+0.00000000000000E+00	+4.94776437721253E+06	+4.94773703136444E+06	+4.94778911308289E+06 	0	0	0	0
		B	s3	160	1:41:39 PM	0.0001379130	+7.00861628053164E-11	+1.54376045805187E-14	+6.70258860748141E-02	+2.19396266937256E+01	+4.94776305380641E+06	+0.00000000000000E+00	+4.94776433975220E+06	+4.94773700572968E+06	+4.94778910202027E+06 	0	0	0	0
		B	s3	161	1:41:41 PM	0.0001448928	+1.02487017195270E-10	+1.54608193263357E-14	+6.69252451147363E-02	+2.18919582366943E+01	+4.94776306048222E+06	+0.00000000000000E+00	+4.94776430706024E+06	+4.94773702991486E+06	+4.94778909118653E+06 	0	0	0	0
		B	s3	162	1:41:43 PM	0.0001520450	+1.02227088400176E-10	+1.54390193697033E-14	+6.70197450392231E-02	+2.19188060760498E+01	+4.94776301571677E+06	+0.00000000000000E+00	+4.94776435211182E+06	+4.94773698997498E+06	+4.94778904159546E+06 	0	0	0	0
		B	s3	163	1:41:45 PM	0.0001593695	+6.72989622660094E-11	+1.54332429832758E-14	+6.70448285028710E-02	+2.19039497375488E+01	+4.94776304621542E+06	+0.00000000000000E+00	+4.94776431678772E+06	+4.94773704784393E+06	+4.94778904472351E+06 	0	0	0	0
		B	s3	164	1:41:48 PM	0.0001668664	+1.01357448054019E-10	+1.54339090650452E-14	+6.70419359441122E-02	+2.18992767333984E+01	+4.94776301310387E+06	+0.00000000000000E+00	+4.94776433898926E+06	+4.94773701915741E+06	+4.94778900718689E+06 	0	0	0	0
		B	s3	165	1:41:50 PM	0.0001745355	+6.54610076351234E-11	+1.54265603600138E-14	+6.70738715979517E-02	+2.19115734100342E+01	+4.94776304686393E+06	+0.00000000000000E+00	+4.94776426830292E+06	+4.94773705070496E+06	+4.94778904315949E+06 	0	0	0	0
		B	s3	166	1:41:52 PM	0.0001823771	+6.43427919880082E-11	+1.54609169254815E-14	+6.69248238897248E-02	+2.19069309234619E+01	+4.94776301428614E+06	+0.00000000000000E+00	+4.94776429637909E+06	+4.94773696575165E+06	+4.94778906295776E+06 	0	0	0	0
		B	s3	167	1:41:54 PM	0.0001903909	+6.44770780543870E-11	+1.54615158648159E-14	+6.69222309335166E-02	+2.18855667114258E+01	+4.94776303131889E+06	+0.00000000000000E+00	+4.94776430500031E+06	+4.94773700717926E+06	+4.94778905559540E+06 	0	0	0	0
		B	s3	168	1:41:56 PM	0.0001985772	+6.19494029405127E-11	+1.54523696011929E-14	+6.69618427718652E-02	+2.18771266937256E+01	+4.94776301123464E+06	+0.00000000000000E+00	+4.94776421798706E+06	+4.94773701251984E+06	+4.94778901008606E+06 	0	0	0	0
		B	s3	169	1:41:58 PM	0.0002069357	+6.70930471141149E-11	+1.54451938412481E-14	+6.69929529107304E-02	+2.19079723358154E+01	+4.94776301119637E+06	+0.00000000000000E+00	+4.94776431732178E+06	+4.94773698791504E+06	+4.94778903461457E+06 	0	0	0	0
		B	s3	170	1:42:00 PM	0.0002154666	+1.00180507632085E-10	+1.54406054664921E-14	+6.70128615214552E-02	+2.18849449157715E+01	+4.94776298195690E+06	+0.00000000000000E+00	+4.94776427688599E+06	+4.94773699375153E+06	+4.94778897029877E+06 	0	0	0	0
		B	s3	171	1:42:02 PM	0.0002241698	+9.94716438970010E-11	+1.54406783825101E-14	+6.70125452096206E-02	+2.18820629119873E+01	+4.94776297659726E+06	+0.00000000000000E+00	+4.94776425857544E+06	+4.94773699169159E+06	+4.94778896163941E+06 	0	0	0	0
		B	s3	172	1:42:03 PM	0.0002330454	+6.32138815645006E-11	+1.54249444760752E-14	+6.70809003221248E-02	+2.18753299713135E+01	+4.94776296536316E+06	+0.00000000000000E+00	+4.94776423782349E+06	+4.94773701492310E+06	+4.94778891593933E+06 	0	0	0	0
		B	s3	173	1:42:05 PM	0.0002420933	+6.35524660134416E-11	+1.54475600555624E-14	+6.69826928965501E-02	+2.19178943634033E+01	+4.94776294544998E+06	+0.00000000000000E+00	+4.94776422996521E+06	+4.94773690639496E+06	+4.94778898464203E+06 	0	0	0	0
		B	s3	174	1:42:07 PM	0.0002513136	+9.94982914817978E-11	+1.54506359192143E-14	+6.69693573944551E-02	+2.19359226226807E+01	+4.94776297499467E+06	+0.00000000000000E+00	+4.94776425453186E+06	+4.94773690933228E+06	+4.94778904079437E+06 	0	0	0	0
		B	s3	175	1:42:09 PM	0.0002607062	+9.63929015115009E-11	+1.54430089428647E-14	+6.70024336325571E-02	+2.19985485076904E+01	+4.94776292015807E+06	+0.00000000000000E+00	+4.94776422718048E+06	+4.94773679298401E+06	+4.94778904747010E+06 	0	0	0	0
		B	s3	176	1:42:11 PM	0.0002702711	+9.89712124130349E-11	+1.54584013935513E-14	+6.69357158868721E-02	+2.20202655792236E+01	+4.94776296328295E+06	+0.00000000000000E+00	+4.94776422405243E+06	+4.94773678424835E+06	+4.94778914245606E+06 	0	0	0	0
		B	s3	177	1:42:13 PM	0.0002800084	+6.64395161383118E-11	+1.54577887139482E-14	+6.69383688824994E-02	+2.20425090789795E+01	+4.94776296496128E+06	+0.00000000000000E+00	+4.94776431404114E+06	+4.94773676052094E+06	+4.94778916954041E+06 	0	0	0	0
		B	s3	178	1:42:14 PM	0.0002899180	+9.74730250453059E-11	+1.54436949053969E-14	+6.69994560809982E-02	+2.20081214904785E+01	+4.94776297571907E+06	+0.00000000000000E+00	+4.94776429729462E+06	+4.94773683601380E+06	+4.94778911556244E+06 	0	0	0	0
		B	s3	179	1:42:16 PM	0.0003000000	+9.79749399965540E-11	+1.54723434739011E-14	+6.68754003750700E-02	+2.20160675048828E+01	+4.94776296133735E+06	+0.00000000000000E+00	+4.94776430076599E+06	+4.94773676368714E+06	+4.94778915912628E+06 	0	0	0	0

