	10/06/22	Test 002 N (today) Location 07 Ramp 02	Tip H10	Box 5b Xtal 1		DLC	50 uN	2.6%		Points/Segment: 59	
		Seg 	ID Tag	Number	Time	Power	C0	C1	L1	R1	fs	fa	fr	f1	f2	Ch1 (Pk-Pk)	Ch2 (Pk-Pk)	Ch1 (RMS)	Ch2 (RMS)	
						uW	F	F	H	Ohms	Hz	Hz	Hz	Hz	Hz	V	V	V	V	
		B	s1	0	1:06:47 PM	0.0000000400	+1.33182964447174E-10	+1.55011732214207E-14	+6.67509717675938E-02	+1.96111145019531E+01	+4.94776484651764E+06	+0.00000000000000E+00	+4.94776615245819E+06	+4.94774146709442E+06	+4.94778822605133E+06 	0	0	0	0
		B	s1	1	1:06:49 PM	0.0000001262	-9.19127728462280E-11	+1.54503022667306E-14	+6.69707512878856E-02	+1.98017559051514E+01	+4.94776490781912E+06	+0.00000000000000E+00	+4.94776582588196E+06	+4.94774137859345E+06	+4.94778843715668E+06 	0	0	0	0
		B	s1	2	1:06:51 PM	0.0000003847	+9.82936726120946E-11	+1.53669689687577E-14	+6.73339317504306E-02	+1.99354305267334E+01	+4.94776469425314E+06	+0.00000000000000E+00	+4.94776574291229E+06	+4.94774113395691E+06	+4.94778825466156E+06 	0	0	0	0
		B	s1	3	1:06:53 PM	0.0000008155	+6.36967733309825E-11	+1.53175970290994E-14	+6.75509639548018E-02	+1.98625335693359E+01	+4.94776468221854E+06	+0.00000000000000E+00	+4.94776588069916E+06	+4.94774128349304E+06	+4.94778808105469E+06 	0	0	0	0
		B	s1	4	1:06:56 PM	0.0000014187	+5.37635460466413E-11	+1.53104023222001E-14	+6.75827083494918E-02	+1.98734874725342E+01	+4.94776465814779E+06	+0.00000000000000E+00	+4.94776576244354E+06	+4.94774125751496E+06	+4.94778805889130E+06 	0	0	0	0
		B	s1	5	1:06:58 PM	0.0000021943	+1.40231132414103E-10	+1.53157013926235E-14	+6.75593254286054E-02	+1.99171657562256E+01	+4.94776465887230E+06	+0.00000000000000E+00	+4.94776575794220E+06	+4.94774119869232E+06	+4.94778811916351E+06 	0	0	0	0
		B	s1	6	1:07:00 PM	0.0000031421	+6.68673839435499E-12	+1.53597044129183E-14	+6.73657812511569E-02	+1.99034442901611E+01	+4.94776457994597E+06	+0.00000000000000E+00	+4.94776572402954E+06	+4.94774106857300E+06	+4.94778809143067E+06 	0	0	0	0
		B	s1	7	1:07:02 PM	0.0000042624	+5.23568213645486E-11	+1.53147435760260E-14	+6.75635520116923E-02	+1.98922100067139E+01	+4.94776461202796E+06	+0.00000000000000E+00	+4.94776569797516E+06	+4.94774118270874E+06	+4.94778804145813E+06 	0	0	0	0
		B	s1	8	1:07:05 PM	0.0000055549	+5.07669190280326E-11	+1.53174978463160E-14	+6.75514042554404E-02	+1.98862533569336E+01	+4.94776457603631E+06	+0.00000000000000E+00	+4.94776573780060E+06	+4.94774114952088E+06	+4.94778800266266E+06 	0	0	0	0
		B	s1	9	1:07:07 PM	0.0000070198	+9.05527200323249E-11	+1.53333612927177E-14	+6.74815165255306E-02	+1.98650970458984E+01	+4.94776461364923E+06	+0.00000000000000E+00	+4.94776567501068E+06	+4.94774118782044E+06	+4.94778803958893E+06 	0	0	0	0
		B	s1	10	1:07:09 PM	0.0000086571	+9.27115090542767E-11	+1.53314180045528E-14	+6.74900713295822E-02	+1.98888225555420E+01	+4.94776456285641E+06	+0.00000000000000E+00	+4.94776570178986E+06	+4.94774111202240E+06	+4.94778801380158E+06 	0	0	0	0
		B	s1	11	1:07:11 PM	0.0000104666	+4.80986188756401E-11	+1.53089291853995E-14	+6.75892153227542E-02	+1.98147315979004E+01	+4.94776452373727E+06	+0.00000000000000E+00	+4.94776562000275E+06	+4.94774119453430E+06	+4.94778785305023E+06 	0	0	0	0
		B	s1	12	1:07:14 PM	0.0000124486	+4.28790743149602E-11	+1.52619349772720E-14	+6.77973348427824E-02	+1.98522148132324E+01	+4.94776451194998E+06	+0.00000000000000E+00	+4.94776568836212E+06	+4.94774121036530E+06	+4.94778781364441E+06 	0	0	0	0
		B	s1	13	1:07:15 PM	0.0000146028	+8.53861388167191E-11	+1.53533093964212E-14	+6.73938422153256E-02	+1.99118480682373E+01	+4.94776452404158E+06	+0.00000000000000E+00	+4.94776563007355E+06	+4.94774101253510E+06	+4.94778803565979E+06 	0	0	0	0
		B	s1	14	1:07:17 PM	0.0000169294	+1.01557614377881E-12	+1.53372168198424E-14	+6.74645557324616E-02	+1.99340343475342E+01	+4.94776450496809E+06	+0.00000000000000E+00	+4.94776563922882E+06	+4.94774099193573E+06	+4.94778801811219E+06 	0	0	0	0
		B	s1	15	1:07:19 PM	0.0000194284	+8.43643208121005E-11	+1.53357847610613E-14	+6.74708562307615E-02	+1.99662017822266E+01	+4.94776448135494E+06	+0.00000000000000E+00	+4.94776568042755E+06	+4.94774093257904E+06	+4.94778803024292E+06 	0	0	0	0
		B	s1	16	1:07:21 PM	0.0000220997	+1.24977469853855E-10	+1.53202376654773E-14	+6.75393256355491E-02	+1.99559650421143E+01	+4.94776450119154E+06	+0.00000000000000E+00	+4.94776571949005E+06	+4.94774098834992E+06	+4.94778801414490E+06 	0	0	0	0
		B	s1	17	1:07:24 PM	0.0000249433	+6.12804862184547E-12	+1.53143361360117E-14	+6.75653522653776E-02	+1.99625377655029E+01	+4.94776451257842E+06	+0.00000000000000E+00	+4.94776571094513E+06	+4.94774100105286E+06	+4.94778802421570E+06 	0	0	0	0
		B	s1	18	1:07:26 PM	0.0000279593	+7.51367647001540E-12	+1.53263126997055E-14	+6.75125543717709E-02	+1.99593982696533E+01	+4.94776450369010E+06	+0.00000000000000E+00	+4.94776575176239E+06	+4.94774097747803E+06	+4.94778803001404E+06 	0	0	0	0
		B	s1	19	1:07:28 PM	0.0000311476	+9.19541748393739E-11	+1.53113817706379E-14	+6.75783896431264E-02	+1.99344806671143E+01	+4.94776449457322E+06	+0.00000000000000E+00	+4.94776569522858E+06	+4.94774102062226E+06	+4.94778796863556E+06 	0	0	0	0
		B	s1	20	1:07:30 PM	0.0000345083	+9.03115453094430E-11	+1.53325141995966E-14	+6.74852466617474E-02	+1.99044170379639E+01	+4.94776454374469E+06	+0.00000000000000E+00	+4.94776569461823E+06	+4.94774107284546E+06	+4.94778801475525E+06 	0	0	0	0
		B	s1	21	1:07:32 PM	0.0000380413	+8.89597555840264E-11	+1.53202805095806E-14	+6.75391358911958E-02	+1.99060173034668E+01	+4.94776453293010E+06	+0.00000000000000E+00	+4.94776568859101E+06	+4.94774107887268E+06	+4.94778798709870E+06 	0	0	0	0
		B	s1	22	1:07:34 PM	0.0000417466	+5.02224011214227E-11	+1.53267044811202E-14	+6.75108278857653E-02	+1.99171886444092E+01	+4.94776453041229E+06	+0.00000000000000E+00	+4.94776568630219E+06	+4.94774105335236E+06	+4.94778800758362E+06 	0	0	0	0
		B	s1	23	1:07:37 PM	0.0000456243	+9.27007022829261E-11	+1.52992709119407E-14	+6.76318834193305E-02	+1.98875102996826E+01	+4.94776453415106E+06	+0.00000000000000E+00	+4.94776572200775E+06	+4.94774113403321E+06	+4.94778793437958E+06 	0	0	0	0
		B	s1	24	1:07:39 PM	0.0000496743	+9.06503616066865E-11	+1.53258352823316E-14	+6.75146564295166E-02	+1.98802413940430E+01	+4.94776454164679E+06	+0.00000000000000E+00	+4.94776571342468E+06	+4.94774110946655E+06	+4.94778797393799E+06 	0	0	0	0
		B	s1	25	1:07:41 PM	0.0000538967	+4.31798291689495E-11	+1.53249759947841E-14	+6.75184431515325E-02	+1.98467407226563E+01	+4.94776450119212E+06	+0.00000000000000E+00	+4.94776566669464E+06	+4.94774110980988E+06	+4.94778789268494E+06 	0	0	0	0
		B	s1	26	1:07:43 PM	0.0000582914	+9.01584005795470E-11	+1.53328844640027E-14	+6.74836170160314E-02	+1.98585014343262E+01	+4.94776454322995E+06	+0.00000000000000E+00	+4.94776567512512E+06	+4.94774112590790E+06	+4.94778796066284E+06 	0	0	0	0
		B	s1	27	1:07:46 PM	0.0000628584	+9.34466464124782E-11	+1.53320746346852E-14	+6.74871818873274E-02	+1.98398647308350E+01	+4.94776452730370E+06	+0.00000000000000E+00	+4.94776573715210E+06	+4.94774113319397E+06	+4.94778792152405E+06 	0	0	0	0
		B	s1	28	1:07:48 PM	0.0000675978	+9.22333892454997E-11	+1.53028796427746E-14	+6.76159345995310E-02	+1.98526763916016E+01	+4.94776452842918E+06	+0.00000000000000E+00	+4.94776571887970E+06	+4.94774116378784E+06	+4.94778789318085E+06 	0	0	0	0
		B	s1	29	1:07:50 PM	0.0000725095	+8.88434594200810E-11	+1.53316822967549E-14	+6.74889092930450E-02	+1.98160114288330E+01	+4.94776451235023E+06	+0.00000000000000E+00	+4.94776566196442E+06	+4.94774114696503E+06	+4.94778787784577E+06 	0	0	0	0
		B	s1	30	1:07:52 PM	0.0000775936	+3.97625847018497E-12	+1.53251892636505E-14	+6.75175027788860E-02	+1.98120918273926E+01	+4.94776452942106E+06	+0.00000000000000E+00	+4.94776568294525E+06	+4.94774117855072E+06	+4.94778788040161E+06 	0	0	0	0
		B	s1	31	1:07:53 PM	0.0000828500	+6.50775363604401E-12	+1.53322738437392E-14	+6.74863049524357E-02	+1.98307266235352E+01	+4.94776453052717E+06	+0.00000000000000E+00	+4.94776571113587E+06	+4.94774114688874E+06	+4.94778791427612E+06 	0	0	0	0
		B	s1	32	1:07:55 PM	0.0000882787	+8.91475769861010E-11	+1.53246629266066E-14	+6.75198222335306E-02	+1.97838687896729E+01	+4.94776451053847E+06	+0.00000000000000E+00	+4.94776568305969E+06	+4.94774119373322E+06	+4.94778782745362E+06 	0	0	0	0
		B	s1	33	1:07:57 PM	0.0000938798	+9.04491346400471E-11	+1.53400358640906E-14	+6.74521570255171E-02	+1.97669200897217E+01	+4.94776453136671E+06	+0.00000000000000E+00	+4.94776563385010E+06	+4.94774121116638E+06	+4.94778785167694E+06 	0	0	0	0
		B	s1	34	1:07:58 PM	0.0000996533	+8.91777522673734E-11	+1.53370661674515E-14	+6.74652185644483E-02	+1.97596225738525E+01	+4.94776449970478E+06	+0.00000000000000E+00	+4.94776566730499E+06	+4.94774119262695E+06	+4.94778780689240E+06 	0	0	0	0
		B	s1	35	1:08:01 PM	0.0001055990	+8.96187169431387E-11	+1.53194905602762E-14	+6.75426186899661E-02	+1.97649860382080E+01	+4.94776452764753E+06	+0.00000000000000E+00	+4.94776562156677E+06	+4.94774124095917E+06	+4.94778781444550E+06 	0	0	0	0
		B	s1	36	1:08:03 PM	0.0001117172	+4.53936951615908E-11	+1.53152121700567E-14	+6.75614886845703E-02	+1.97535858154297E+01	+4.94776446956886E+06	+0.00000000000000E+00	+4.94776566127777E+06	+4.94774120281220E+06	+4.94778773643494E+06 	0	0	0	0
		B	s1	37	1:08:05 PM	0.0001180076	+4.30139409642994E-11	+1.53637607770195E-14	+6.73479969817690E-02	+1.97484703063965E+01	+4.94776451568823E+06	+0.00000000000000E+00	+4.94776565704346E+06	+4.94774118122101E+06	+4.94778785026551E+06 	0	0	0	0
		B	s1	38	1:08:07 PM	0.0001244704	+8.90679344107310E-11	+1.53712529951398E-14	+6.73151712512507E-02	+1.97595291137695E+01	+4.94776448394984E+06	+0.00000000000000E+00	+4.94776567714691E+06	+4.94774112503052E+06	+4.94778784297943E+06 	0	0	0	0
		B	s1	39	1:08:09 PM	0.0001311055	+1.32725531470377E-10	+1.53876767293791E-14	+6.72433230044284E-02	+1.97620506286621E+01	+4.94776451051907E+06	+0.00000000000000E+00	+4.94776571743012E+06	+4.94774112365723E+06	+4.94778789749146E+06 	0	0	0	0
		B	s1	40	1:08:10 PM	0.0001379130	+9.14201675040971E-11	+1.53412253553754E-14	+6.74469274473739E-02	+1.97100028991699E+01	+4.94776451793928E+06	+0.00000000000000E+00	+4.94776566482544E+06	+4.94774126308441E+06	+4.94778777290344E+06 	0	0	0	0
		B	s1	41	1:08:12 PM	0.0001448928	+4.90850498412227E-11	+1.53457039468230E-14	+6.74272431113725E-02	+1.97157573699951E+01	+4.94776452453864E+06	+0.00000000000000E+00	+4.94776570953369E+06	+4.94774125610352E+06	+4.94778779308319E+06 	0	0	0	0
		B	s1	42	1:08:15 PM	0.0001520450	+4.94379988647856E-11	+1.53496857770449E-14	+6.74097522995511E-02	+1.97168312072754E+01	+4.94776451170215E+06	+0.00000000000000E+00	+4.94776568050385E+06	+4.94774123596192E+06	+4.94778778755188E+06 	0	0	0	0
		B	s1	43	1:08:16 PM	0.0001593695	+9.34725521518760E-11	+1.53466035252136E-14	+6.74232901239944E-02	+1.97187385559082E+01	+4.94776454567204E+06	+0.00000000000000E+00	+4.94776571796417E+06	+4.94774127235413E+06	+4.94778781909943E+06 	0	0	0	0
		B	s1	44	1:08:18 PM	0.0001668664	+9.14829368582653E-11	+1.53488968987715E-14	+6.74132168708117E-02	+1.97143383026123E+01	+4.94776451347600E+06	+0.00000000000000E+00	+4.94776568584442E+06	+4.94774124187470E+06	+4.94778778518677E+06 	0	0	0	0
		B	s1	45	1:08:20 PM	0.0001745355	+4.58313906059152E-11	+1.53380060267964E-14	+6.74610836305205E-02	+1.96850833892822E+01	+4.94776453275954E+06	+0.00000000000000E+00	+4.94776565536499E+06	+4.94774131217957E+06	+4.94778775344849E+06 	0	0	0	0
		B	s1	46	1:08:23 PM	0.0001823771	+5.20492371033270E-11	+1.53556458109600E-14	+6.73835879221872E-02	+1.97152671813965E+01	+4.94776452724701E+06	+0.00000000000000E+00	+4.94776570072174E+06	+4.94774124431610E+06	+4.94778781028748E+06 	0	0	0	0
		B	s1	47	1:08:25 PM	0.0001903909	+4.79150295883846E-11	+1.53560020548416E-14	+6.73820252348207E-02	+1.96970767974854E+01	+4.94776450725809E+06	+0.00000000000000E+00	+4.94776566120148E+06	+4.94774124526978E+06	+4.94778776935578E+06 	0	0	0	0
		B	s1	48	1:08:27 PM	0.0001985772	+4.67733567197790E-11	+1.53541571004753E-14	+6.73901215686749E-02	+1.96914157867432E+01	+4.94776451772948E+06	+0.00000000000000E+00	+4.94776568237305E+06	+4.94774126522064E+06	+4.94778777034760E+06 	0	0	0	0
		B	s1	49	1:08:29 PM	0.0002069357	+4.78667409453134E-11	+1.53545992736880E-14	+6.73881804388613E-02	+1.97069358825684E+01	+4.94776453485738E+06	+0.00000000000000E+00	+4.94776572162628E+06	+4.94774126335144E+06	+4.94778780647278E+06 	0	0	0	0
		B	s1	50	1:08:30 PM	0.0002154666	+9.15262706276264E-11	+1.53590029190532E-14	+6.73688593962896E-02	+1.96857681274414E+01	+4.94776453079482E+06	+0.00000000000000E+00	+4.94776572418213E+06	+4.94774127761841E+06	+4.94778778408051E+06 	0	0	0	0
		B	s1	51	1:08:32 PM	0.0002241698	+9.04160835248039E-11	+1.53271541236035E-14	+6.75088472324203E-02	+1.96958007812500E+01	+4.94776453529633E+06	+0.00000000000000E+00	+4.94776567699433E+06	+4.94774131851196E+06	+4.94778775218964E+06 	0	0	0	0
		B	s1	52	1:08:34 PM	0.0002330454	+8.97599086348394E-11	+1.53367994783853E-14	+6.74663911701813E-02	+1.96737117767334E+01	+4.94776451935095E+06	+0.00000000000000E+00	+4.94776565773010E+06	+4.94774131401062E+06	+4.94778772480011E+06 	0	0	0	0
		B	s1	53	1:08:36 PM	0.0002420933	+1.32898358173304E-10	+1.53659272606613E-14	+6.73385011692977E-02	+1.96903095245361E+01	+4.94776452436698E+06	+0.00000000000000E+00	+4.94776573505402E+06	+4.94774125534058E+06	+4.94778779350281E+06 	0	0	0	0
		B	s1	54	1:08:38 PM	0.0002513136	+4.82189896994578E-11	+1.53559760967084E-14	+6.73821387375317E-02	+1.97089805603027E+01	+4.94776452200183E+06	+0.00000000000000E+00	+4.94776567356110E+06	+4.94774124599457E+06	+4.94778779811859E+06 	0	0	0	0
		B	s1	55	1:08:39 PM	0.0002607062	+4.57480927858359E-11	+1.53691944910870E-14	+6.73241861995508E-02	+1.97025184631348E+01	+4.94776452234510E+06	+0.00000000000000E+00	+4.94776573314667E+06	+4.94774123394013E+06	+4.94778781085968E+06 	0	0	0	0
		B	s1	56	1:08:42 PM	0.0002702711	+4.65776719430833E-11	+1.53742027048938E-14	+6.73022556651470E-02	+1.96898899078369E+01	+4.94776449978120E+06	+0.00000000000000E+00	+4.94776571495056E+06	+4.94774121871948E+06	+4.94778778095246E+06 	0	0	0	0
		B	s1	57	1:08:44 PM	0.0002800084	+4.78652137934824E-11	+1.53613763560981E-14	+6.73584523109424E-02	+1.96793689727783E+01	+4.94776446243546E+06	+0.00000000000000E+00	+4.94776566429138E+06	+4.94774121322632E+06	+4.94778771175385E+06 	0	0	0	0
		B	s1	58	1:08:46 PM	0.0002899180	+4.70820993117444E-11	+1.53492462766854E-14	+6.74116831885801E-02	+1.96992187500000E+01	+4.94776448520918E+06	+0.00000000000000E+00	+4.94776565757752E+06	+4.94774123092652E+06	+4.94778773960114E+06 	0	0	0	0
		B	s1	59	1:08:48 PM	0.0003000000	+9.13421878434736E-11	+1.53811416612419E-14	+6.72718939095911E-02	+1.96834259033203E+01	+4.94776447838073E+06	+0.00000000000000E+00	+4.94776571475983E+06	+4.94774119445801E+06	+4.94778776241303E+06 	0	0	0	0
		T	s2 	60	1:13:30 PM	0.0003000000	+4.46212120252446E-11	+1.53447250277678E-14	+6.74315455992395E-02	+2.02734832763672E+01	+4.94776448944030E+06	+0.00000000000000E+00	+4.94776570610047E+06	+4.94774056430817E+06	+4.94778841468811E+06 	0.448000	0.114000	0.135535	0.029255
		T	s2 	61	1:13:35 PM	0.0002899180	+5.51942160149895E-11	+1.53662826507263E-14	+6.73369424573599E-02	+2.03235759735107E+01	+4.94776457260025E+06	+0.00000000000000E+00	+4.94776581638336E+06	+4.94774055465698E+06	+4.94778859066010E+06 	0.424000	0.134000	0.133824	0.029930
		T	s2 	62	1:13:40 PM	0.0002800084	+9.19764689634601E-11	+1.53669840788212E-14	+6.73338679952509E-02	+2.03167896270752E+01	+4.94776460412875E+06	+0.00000000000000E+00	+4.94776579814911E+06	+4.94774059310913E+06	+4.94778861526489E+06 	0.432000	0.128000	0.130671	0.028799
		T	s2 	63	1:13:45 PM	0.0002702711	+9.29438624764675E-11	+1.53693847988569E-14	+6.73233514999121E-02	+2.03313503265381E+01	+4.94776456180458E+06	+0.00000000000000E+00	+4.94776577945709E+06	+4.94774052982330E+06	+4.94778859390259E+06 	0.424000	0.120000	0.128593	0.028761
		T	s2 	64	1:13:51 PM	0.0002607062	+5.27962260417889E-11	+1.53639211739280E-14	+6.73472939619768E-02	+2.03383064270020E+01	+4.94776451265221E+06	+0.00000000000000E+00	+4.94776579566956E+06	+4.94774048099518E+06	+4.94778854442597E+06 	0.408000	0.114000	0.127191	0.027528
		T	s2 	65	1:13:56 PM	0.0002513136	+9.32394497762703E-11	+1.53741720821131E-14	+6.73023884353010E-02	+2.03488616943359E+01	+4.94776454700342E+06	+0.00000000000000E+00	+4.94776580440521E+06	+4.94774048683167E+06	+4.94778860729218E+06 	0.408000	0.144000	0.124289	0.027808
		T	s2 	66	1:14:02 PM	0.0002420933	+4.81899906250083E-11	+1.53667451512678E-14	+6.73349176202752E-02	+2.03477706909180E+01	+4.94776450513718E+06	+0.00000000000000E+00	+4.94776572681427E+06	+4.94774045787811E+06	+4.94778855251312E+06 	0.392000	0.122000	0.121788	0.027125
		T	s2 	67	1:14:07 PM	0.0002330454	+4.87759334651696E-11	+1.53465728671749E-14	+6.74234264419502E-02	+2.03915176391602E+01	+4.94776448602545E+06	+0.00000000000000E+00	+4.94776571022034E+06	+4.94774041870117E+06	+4.94778855346680E+06 	0.384000	0.144000	0.120008	0.026715
		T	s2 	68	1:14:12 PM	0.0002241698	+8.76498481490466E-11	+1.53398131218373E-14	+6.74531385111983E-02	+2.03883781433105E+01	+4.94776445638532E+06	+0.00000000000000E+00	+4.94776568000794E+06	+4.94774040336609E+06	+4.94778850952149E+06 	0.376000	0.122000	0.116820	0.025958
		T	s2 	69	1:14:18 PM	0.0002154666	+4.85368954317968E-11	+1.53416616996960E-14	+6.74450092479303E-02	+2.03923225402832E+01	+4.94776451383463E+06	+0.00000000000000E+00	+4.94776574878693E+06	+4.94774045326233E+06	+4.94778857452393E+06 	0.376000	0.118000	0.114979	0.025746
		T	s2 	70	1:14:23 PM	0.0002069357	+5.05106479259810E-11	+1.53306836081310E-14	+6.74933038092845E-02	+2.04319667816162E+01	+4.94776458280421E+06	+0.00000000000000E+00	+4.94776575408936E+06	+4.94774049270630E+06	+4.94778867301941E+06 	0.392000	0.120000	0.112439	0.025066
		T	s2 	71	1:14:29 PM	0.0001985772	+4.77551364916882E-11	+1.53348535587525E-14	+6.74749516982436E-02	+2.04331874847412E+01	+4.94776454261633E+06	+0.00000000000000E+00	+4.94776574939728E+06	+4.94774044452667E+06	+4.94778864082337E+06 	0.376000	0.116000	0.111665	0.025045
		T	s2 	72	1:14:34 PM	0.0001903909	+4.99638558298333E-11	+1.53427002028566E-14	+6.74404403947792E-02	+2.04164485931396E+01	+4.94776464937068E+06	+0.00000000000000E+00	+4.94776579929352E+06	+4.94774055870056E+06	+4.94778874015808E+06 	0.344000	0.106000	0.107680	0.025032
		T	s2 	73	1:14:40 PM	0.0001823771	+9.43060533960514E-11	+1.53338737350240E-14	+6.74792600963525E-02	+2.04448757171631E+01	+4.94776466007080E+06	+0.00000000000000E+00	+4.94776581493378E+06	+4.94774054973602E+06	+4.94778877052307E+06 	0.352000	0.104000	0.105185	0.023915
		T	s2 	74	1:14:46 PM	0.0001745355	+5.07239212688401E-11	+1.53599008664916E-14	+6.73649178979252E-02	+2.04416046142578E+01	+4.94776464395353E+06	+0.00000000000000E+00	+4.94776583072663E+06	+4.94774049655915E+06	+4.94778879146576E+06 	0.344000	0.120000	0.103097	0.024474
		T	s2 	75	1:14:51 PM	0.0001668664	+5.30491707694685E-11	+1.53393591219068E-14	+6.74551308926086E-02	+2.04715824127197E+01	+4.94776460429973E+06	+0.00000000000000E+00	+4.94776582603455E+06	+4.94774045383454E+06	+4.94778875488281E+06 	0.360000	0.132000	0.100985	0.023858
		T	s2 	76	1:14:57 PM	0.0001593695	+5.48743625461330E-11	+1.53116094203558E-14	+6.75773813989137E-02	+2.04663925170898E+01	+4.94776462282033E+06	+0.00000000000000E+00	+4.94776584674835E+06	+4.94774052215576E+06	+4.94778872360230E+06 	0.336000	0.126000	0.099210	0.023519
		T	s2 	77	1:15:02 PM	0.0001520450	+9.47504484831347E-11	+1.53202795012218E-14	+6.75391364962859E-02	+2.04994888305664E+01	+4.94776467359370E+06	+0.00000000000000E+00	+4.94776583820343E+06	+4.94774052028656E+06	+4.94778882701874E+06 	0.328000	0.110000	0.097289	0.022999
		T	s2 	78	1:15:08 PM	0.0001448928	+5.76084426977062E-11	+1.53544967221886E-14	+6.73886269012139E-02	+2.05145053863525E+01	+4.94776466768057E+06	+0.00000000000000E+00	+4.94776586097717E+06	+4.94774044269562E+06	+4.94778889278412E+06 	0.344000	0.132000	0.095391	0.022907
		T	s2 	79	1:15:13 PM	0.0001379130	+5.21684003763459E-11	+1.53452707945443E-14	+6.74291418434073E-02	+2.04228706359863E+01	+4.94776469119877E+06	+0.00000000000000E+00	+4.94776581336975E+06	+4.94774058891297E+06	+4.94778879360199E+06 	0.312000	0.114000	0.093046	0.021149
		T	s2 	80	1:15:18 PM	0.0001311055	+9.34244893636123E-11	+1.53588556734733E-14	+6.73695007593453E-02	+2.04409122467041E+01	+4.94776469615767E+06	+0.00000000000000E+00	+4.94776588874817E+06	+4.94774055122376E+06	+4.94778884120941E+06 	0.304000	0.112000	0.089677	0.021468
		T	s2 	81	1:15:23 PM	0.0001244704	+9.84310447031330E-11	+1.53213149310210E-14	+6.75345718245428E-02	+2.04600639343262E+01	+4.94776468492357E+06	+0.00000000000000E+00	+4.94776587574005E+06	+4.94774057643891E+06	+4.94778879352570E+06 	0.296000	0.112000	0.087039	0.020912
		T	s2 	82	1:15:29 PM	0.0001180076	+6.06032423400334E-11	+1.53352637971741E-14	+6.74731415031110E-02	+2.04964065551758E+01	+4.94776473150070E+06	+0.00000000000000E+00	+4.94776591037750E+06	+4.94774055820465E+06	+4.94778890491486E+06 	0.320000	0.092000	0.086013	0.020814
		T	s2 	83	1:15:35 PM	0.0001117172	+1.78349672718848E-11	+1.53259665681647E-14	+6.75140726025384E-02	+2.05142612457275E+01	+4.94776474246793E+06	+0.00000000000000E+00	+4.94776589832306E+06	+4.94774056278229E+06	+4.94778892227173E+06 	0.288000	0.106000	0.082802	0.020849
		T	s2 	84	1:15:40 PM	0.0001055990	+5.64182743051586E-11	+1.53264664804237E-14	+6.75118693267910E-02	+2.05410518646240E+01	+4.94776478387631E+06	+0.00000000000000E+00	+4.94776591869355E+06	+4.94774057182312E+06	+4.94778899604798E+06 	0.280000	0.120000	0.080572	0.020316
		T	s2 	85	1:15:46 PM	0.0000996533	+9.75784420624465E-11	+1.53446424052164E-14	+6.74319018541942E-02	+2.05359058380127E+01	+4.94776473991181E+06	+0.00000000000000E+00	+4.94776595378876E+06	+4.94774050521851E+06	+4.94778897472382E+06 	0.264000	0.100000	0.079328	0.019306
		T	s2 	86	1:15:51 PM	0.0000938798	+6.02232486671952E-11	+1.53159928281393E-14	+6.75580372249195E-02	+2.05864639282227E+01	+4.94776475673456E+06	+0.00000000000000E+00	+4.94776591930390E+06	+4.94774050773621E+06	+4.94778900585175E+06 	0.264000	0.112000	0.077192	0.019131
		T	s2 	87	1:15:57 PM	0.0000882787	+1.01553021105598E-10	+1.53361764918693E-14	+6.74691236289160E-02	+2.06087894439697E+01	+4.94776481864681E+06	+0.00000000000000E+00	+4.94776598068238E+06	+4.94774051136017E+06	+4.94778912605286E+06 	0.264000	0.112000	0.074304	0.018806
		T	s2 	88	1:16:02 PM	0.0000828500	+1.03513780682779E-10	+1.53163316753987E-14	+6.75565418893059E-02	+2.06350708007812E+01	+4.94776478351345E+06	+0.00000000000000E+00	+4.94776596290589E+06	+4.94774047672272E+06	+4.94778909042359E+06 	0.256000	0.090000	0.073392	0.018271
		T	s2 	89	1:16:07 PM	0.0000775936	+6.14227055373212E-11	+1.53218890779146E-14	+6.75320372808039E-02	+2.06272945404053E+01	+4.94776482654323E+06	+0.00000000000000E+00	+4.94776593799591E+06	+4.94774052009583E+06	+4.94778913311005E+06 	0.264000	0.086000	0.070768	0.018390
		T	s2 	90	1:16:13 PM	0.0000725095	+2.75917162074828E-11	+1.53664199148135E-14	+6.73363348436334E-02	+2.06605300903320E+01	+4.94776479711230E+06	+0.00000000000000E+00	+4.94776605171204E+06	+4.94774038074494E+06	+4.94778921360016E+06 	0.248000	0.100000	0.068215	0.019758
		T	s2 	91	1:16:18 PM	0.0000675978	+2.95288322084716E-11	+1.53426406905706E-14	+6.74406958698882E-02	+2.06845493316650E+01	+4.94776487380684E+06	+0.00000000000000E+00	+4.94776606826782E+06	+4.94774046688080E+06	+4.94778928085327E+06 	0.232000	0.094000	0.065378	0.018222
		T	s2 	92	1:16:23 PM	0.0000628584	-1.05336300327861E-11	+1.53536649916841E-14	+6.73922713766196E-02	+2.07339210510254E+01	+4.94776489032410E+06	+0.00000000000000E+00	+4.94776610126496E+06	+4.94774040756226E+06	+4.94778937320709E+06 	0.216000	0.124000	0.063572	0.017518
		T	s2 	93	1:16:29 PM	0.0000582914	+3.02657191031557E-11	+1.53340330413772E-14	+6.74785513914317E-02	+2.07304801940918E+01	+4.94776494083087E+06	+0.00000000000000E+00	+4.94776610851288E+06	+4.94774049343109E+06	+4.94778938835144E+06 	0.224000	0.162000	0.060880	0.017432
		T	s2 	94	1:16:35 PM	0.0000538967	+2.81606681397482E-11	+1.53005524031199E-14	+6.76262078287547E-02	+2.07358551025391E+01	+4.94776494062129E+06	+0.00000000000000E+00	+4.94776610149384E+06	+4.94774054027558E+06	+4.94778934108734E+06 	0.216000	0.116000	0.058256	0.017128
		T	s2 	95	1:16:40 PM	0.0000496743	+2.82702239316333E-11	+1.53532069284091E-14	+6.73942796691115E-02	+2.07780399322510E+01	+4.94776497686026E+06	+0.00000000000000E+00	+4.94776613018036E+06	+4.94774044273377E+06	+4.94778951110840E+06 	0.192000	0.096000	0.056114	0.015942
		T	s2 	96	1:16:46 PM	0.0000456243	+7.16097267565152E-11	+1.53216079333157E-14	+6.75332730939614E-02	+2.07526817321777E+01	+4.94776494996704E+06	+0.00000000000000E+00	+4.94776614181519E+06	+4.94774049621582E+06	+4.94778940383911E+06 	0.224000	0.116000	0.053874	0.016618
		T	s2 	97	1:16:51 PM	0.0000417466	+6.82336218134249E-11	+1.53199884343880E-14	+6.75404107845696E-02	+2.07766323089600E+01	+4.94776499951983E+06	+0.00000000000000E+00	+4.94776615898132E+06	+4.94774052013397E+06	+4.94778947902680E+06 	0.216000	0.076000	0.051722	0.014822
		T	s2 	98	1:16:57 PM	0.0000380413	+7.50340471969665E-11	+1.53126173648817E-14	+6.75729223444739E-02	+2.07733039855957E+01	+4.94776501861247E+06	+0.00000000000000E+00	+4.94776617736817E+06	+4.94774055492401E+06	+4.94778948242188E+06 	0.200000	0.098000	0.050458	0.015509
		T	s2 	99	1:17:03 PM	0.0000345083	+7.60336888064717E-11	+1.53557299687709E-14	+6.73832040092765E-02	+2.08176345825195E+01	+4.94776506377788E+06	+0.00000000000000E+00	+4.94776623691559E+06	+4.94774047885895E+06	+4.94778964881897E+06 	0.192000	0.074000	0.047115	0.015742
		T	s2 	100	1:17:08 PM	0.0000311476	+3.85040829920125E-11	+1.52823705490653E-14	+6.77066603430275E-02	+2.08252582550049E+01	+4.94776509532596E+06	+0.00000000000000E+00	+4.94776628288269E+06	+4.94774061889649E+06	+4.94778957187653E+06 	0.184000	0.070000	0.046259	0.014312
		T	s2 	101	1:17:14 PM	0.0000279593	+4.49616618637302E-11	+1.53069851770177E-14	+6.75977802826391E-02	+2.08334083557129E+01	+4.94776521777751E+06	+0.00000000000000E+00	+4.94776635044098E+06	+4.94774069232941E+06	+4.94778974334717E+06 	0.176000	0.118000	0.045229	0.014361
		T	s2 	102	1:17:19 PM	0.0000249433	+1.30785573007199E-10	+1.53262263995266E-14	+6.75129134512893E-02	+2.08700542449951E+01	+4.94776527597034E+06	+0.00000000000000E+00	+4.94776640960694E+06	+4.94774067649841E+06	+4.94778987556458E+06 	0.184000	0.078000	0.041297	0.013399
		T	s2 	103	1:17:25 PM	0.0000220997	+4.87421704301629E-11	+1.53097209388898E-14	+6.75856987946421E-02	+2.09099197387695E+01	+4.94776529614999E+06	+0.00000000000000E+00	+4.94776647987366E+06	+4.94774067623139E+06	+4.94778991619110E+06 	0.152000	0.078000	0.039158	0.014199
		T	s2 	104	1:17:31 PM	0.0000194284	+9.87728577286601E-11	+1.53567444945673E-14	+6.73787436443541E-02	+2.09496364593506E+01	+4.94776538579476E+06	+0.00000000000000E+00	+4.94776658790589E+06	+4.94774064334870E+06	+4.94779012836456E+06 	0.168000	0.080000	0.039132	0.012974
		T	s2 	105	1:17:36 PM	0.0000169294	+1.38584624728126E-10	+1.53406890401577E-14	+6.74492601264920E-02	+2.09682960510254E+01	+4.94776544538036E+06	+0.00000000000000E+00	+4.94776665054321E+06	+4.94774070678711E+06	+4.94779018409729E+06 	0.152000	0.076000	0.034513	0.013506
		T	s2 	106	1:17:42 PM	0.0000146028	+6.72938141017908E-11	+1.53186519853392E-14	+6.75462906103229E-02	+2.08905715942383E+01	+4.94776546170789E+06	+0.00000000000000E+00	+4.94776670383454E+06	+4.94774085021973E+06	+4.94779007331848E+06 	0.144000	0.110000	0.034603	0.013251
		T	s2 	107	1:17:48 PM	0.0000124486	+1.06302979171888E-10	+1.53148985296716E-14	+6.75628435874517E-02	+2.09239006042480E+01	+4.94776552110256E+06	+0.00000000000000E+00	+4.94776670967102E+06	+4.94774087638855E+06	+4.94779016593933E+06 	0.152000	0.092000	0.030422	0.012322
		T	s2 	108	1:17:53 PM	0.0000104666	+7.52329510563589E-11	+1.53368925695534E-14	+6.74659518567151E-02	+2.09080429077148E+01	+4.94776561240726E+06	+0.00000000000000E+00	+4.94776673515320E+06	+4.94774095100403E+06	+4.94779027393341E+06 	0.136000	0.122000	0.031532	0.013359
		T	s2 	109	1:17:59 PM	0.0000086571	+8.31226865729793E-11	+1.53039173095460E-14	+6.76113155677127E-02	+2.08248424530029E+01	+4.94776578715929E+06	+0.00000000000000E+00	+4.94776694377899E+06	+4.94774127670288E+06	+4.94779029773712E+06 	0.144000	0.068000	0.026790	0.013153
		T	s2 	110	1:18:05 PM	0.0000070198	+8.77125104894748E-11	+1.53232350906013E-14	+6.75260774868591E-02	+2.08371086120605E+01	+4.94776584109889E+06	+0.00000000000000E+00	+4.94776706005097E+06	+4.94774128524780E+06	+4.94779039707184E+06 	0.120000	0.088000	0.024973	0.013228
		T	s2 	111	1:18:10 PM	0.0000055549	+9.09030537353806E-11	+1.53291721708261E-14	+6.74999223360570E-02	+2.08002719879150E+01	+4.94776591060284E+06	+0.00000000000000E+00	+4.94776707801819E+06	+4.94774138866425E+06	+4.94779043266297E+06 	0.120000	0.070000	0.023398	0.013788
		T	s2 	112	1:18:16 PM	0.0000042624	+9.91335602309832E-11	+1.53224951651347E-14	+6.75293331659040E-02	+2.08158416748047E+01	+4.94776603030800E+06	+0.00000000000000E+00	+4.94776724628449E+06	+4.94774150070191E+06	+4.94779056003571E+06 	0.128000	0.078000	0.021302	0.012422
		T	s2 	113	1:18:22 PM	0.0000031421	+2.88319184778139E-11	+1.52833732918489E-14	+6.77021908180410E-02	+2.07981147766113E+01	+4.94776609244983E+06	+0.00000000000000E+00	+4.94776727741242E+06	+4.94774164630890E+06	+4.94779053871155E+06 	0.104000	0.092000	0.019647	0.013659
		T	s2 	114	1:18:27 PM	0.0000021943	+6.48504096841865E-11	+1.53795391275675E-14	+6.72788575077399E-02	+2.08073444366455E+01	+4.94776617242415E+06	+0.00000000000000E+00	+4.94776740749359E+06	+4.94774156154633E+06	+4.94779078342438E+06 	0.112000	0.076000	0.020136	0.012650
		T	s2 	115	1:18:32 PM	0.0000014187	+1.03291979726265E-10	+1.53709291097321E-14	+6.73165421688236E-02	+2.07603816986084E+01	+4.94776622958773E+06	+0.00000000000000E+00	+4.94776741539002E+06	+4.94774168800354E+06	+4.94779077129364E+06 	0.104000	0.106000	0.018492	0.012932
		T	s2 	116	1:18:37 PM	0.0000008155	+4.09639073910589E-11	+1.53423667887296E-14	+6.74418599927223E-02	+2.07377166748047E+01	+4.94776633638053E+06	+0.00000000000000E+00	+4.94776742671967E+06	+4.94774186714173E+06	+4.94779080574036E+06 	0.088000	0.092000	0.023219	0.014228
		T	s2 	117	1:18:43 PM	0.0000003847	-4.72036120733110E-12	+1.53863485749083E-14	+6.72490795986538E-02	+2.07894954681396E+01	+4.94776627153003E+06	+0.00000000000000E+00	+4.94776742950440E+06	+4.94774167087555E+06	+4.94779087230683E+06 	0.104000	0.156000	0.015395	0.012408
		T	s2 	118	1:18:48 PM	0.0000001262	+2.52407814629941E-10	+1.53187632423643E-14	+6.75457769141909E-02	+2.08683300018311E+01	+4.94776630853267E+06	+0.00000000000000E+00	+4.94776734607697E+06	+4.94774172306061E+06	+4.94779089412689E+06 	0.096000	0.076000	0.017815	0.012982
		T	s2 	119	1:18:54 PM	0.0000000400	+1.68712815268503E-10	+1.50525277742805E-14	+6.87404603422143E-02	+2.06107959747314E+01	+4.94776649036377E+06	+0.00000000000000E+00	+4.94776748432160E+06	+4.94774263031006E+06	+4.94779035053253E+06 	0.088000	0.094000	0.016931	0.013247
		B	s3	120	1:21:49 PM	0.0000000400	+1.82291101606542E-10	+1.53521032936063E-14	+6.73991588796699E-02	+2.06583690643311E+01	+4.94776371574112E+06	+0.00000000000000E+00	+4.94776433921814E+06	+4.94773932468415E+06	+4.94778810691834E+06 	0	0	0	0
		B	s3	121	1:21:51 PM	0.0000001262	+9.64820727605352E-11	+1.54174295297356E-14	+6.71135698240955E-02	+2.07170562744141E+01	+4.94776399253470E+06	+0.00000000000000E+00	+4.94776556850434E+06	+4.94773942810059E+06	+4.94778855709076E+06 	0	0	0	0
		B	s3	122	1:21:53 PM	0.0000003847	+1.25090402842630E-10	+1.53127227586639E-14	+6.75724867380520E-02	+2.07793731689453E+01	+4.94776393926291E+06	+0.00000000000000E+00	+4.94776519176483E+06	+4.94773946826935E+06	+4.94778841037750E+06 	0	0	0	0
		B	s3	123	1:21:55 PM	0.0000008155	+5.37904788284177E-11	+1.54212691360436E-14	+6.70968620299610E-02	+2.08084716796875E+01	+4.94776391053721E+06	+0.00000000000000E+00	+4.94776518234253E+06	+4.94773923156738E+06	+4.94778858963013E+06 	0	0	0	0
		B	s3	124	1:21:57 PM	0.0000014187	+1.24315934580334E-10	+1.53339395256369E-14	+6.74789937458757E-02	+2.06548748016357E+01	+4.94776381059373E+06	+0.00000000000000E+00	+4.94776506416321E+06	+4.94773945251465E+06	+4.94778816879273E+06 	0	0	0	0
		B	s3	125	1:22:00 PM	0.0000021943	+9.23952408398598E-11	+1.53279689125138E-14	+6.75052757679111E-02	+2.07685909271240E+01	+4.94776390849732E+06	+0.00000000000000E+00	+4.94776513130188E+06	+4.94773942584992E+06	+4.94778839126587E+06 	0	0	0	0
		B	s3	126	1:22:02 PM	0.0000031421	+4.49679990015437E-11	+1.53619379784954E-14	+6.73560059487702E-02	+2.07028255462646E+01	+4.94776386674558E+06	+0.00000000000000E+00	+4.94776512413025E+06	+4.94773940753937E+06	+4.94778832607269E+06 	0	0	0	0
		B	s3	127	1:22:04 PM	0.0000042624	+8.34337264586721E-11	+1.53488353695044E-14	+6.74135043049990E-02	+2.07610549926758E+01	+4.94776388253818E+06	+0.00000000000000E+00	+4.94776498332977E+06	+4.94773937545777E+06	+4.94778838973999E+06 	0	0	0	0
		B	s3	128	1:22:06 PM	0.0000055549	+1.63270695220595E-10	+1.53652610789411E-14	+6.73414399806032E-02	+2.07703037261963E+01	+4.94776381684891E+06	+0.00000000000000E+00	+4.94776509601593E+06	+4.94773927261353E+06	+4.94778836120606E+06 	0	0	0	0
		B	s3	129	1:22:09 PM	0.0000070198	+4.10686194574716E-11	+1.53310932280793E-14	+6.74915200749995E-02	+2.06865005493164E+01	+4.94776386552521E+06	+0.00000000000000E+00	+4.94776506912232E+06	+4.94773947467804E+06	+4.94778825649262E+06 	0	0	0	0
		B	s3	130	1:22:11 PM	0.0000086571	+4.39594629850656E-11	+1.53649714499118E-14	+6.73427088325963E-02	+2.07141208648682E+01	+4.94776383636142E+06	+0.00000000000000E+00	+4.94776507713318E+06	+4.94773935897827E+06	+4.94778831386566E+06 	0	0	0	0
		B	s3	131	1:22:13 PM	0.0000104666	+8.07703654999595E-11	+1.53468844298405E-14	+6.74220753840811E-02	+2.07169113159180E+01	+4.94776383548417E+06	+0.00000000000000E+00	+4.94776509494782E+06	+4.94773938362122E+06	+4.94778828746796E+06 	0	0	0	0
		B	s3	132	1:22:15 PM	0.0000124486	+1.17755440444340E-10	+1.53763649341569E-14	+6.72928107886514E-02	+2.07653694152832E+01	+4.94776379438029E+06	+0.00000000000000E+00	+4.94776493274689E+06	+4.94773923824311E+06	+4.94778835063935E+06 	0	0	0	0
		B	s3	133	1:22:17 PM	0.0000146028	+1.20274443578107E-10	+1.53413668648810E-14	+6.74463261271284E-02	+2.08045616149902E+01	+4.94776375451675E+06	+0.00000000000000E+00	+4.94776500614166E+06	+4.94773920803070E+06	+4.94778830112457E+06 	0	0	0	0
		B	s3	134	1:22:19 PM	0.0000169294	+3.62655007198948E-11	+1.53376554226151E-14	+6.74626463110159E-02	+2.07986488342285E+01	+4.94776377791998E+06	+0.00000000000000E+00	+4.94776502380371E+06	+4.94773924434662E+06	+4.94778831161499E+06 	0	0	0	0
		B	s3	135	1:22:21 PM	0.0000194284	+1.55863094375156E-10	+1.53180100821939E-14	+6.75491644121201E-02	+2.08577194213867E+01	+4.94776387715914E+06	+0.00000000000000E+00	+4.94776503356934E+06	+4.94773930541992E+06	+4.94778844902039E+06 	0	0	0	0
		B	s3	136	1:22:23 PM	0.0000220997	+8.07506089935850E-11	+1.53179499858206E-14	+6.75494317773206E-02	+2.08680667877197E+01	+4.94776379102322E+06	+0.00000000000000E+00	+4.94776502548218E+06	+4.94773920719147E+06	+4.94778837497711E+06 	0	0	0	0
		B	s3	137	1:22:25 PM	0.0000249433	+7.74919687476619E-11	+1.53474795939537E-14	+6.74194618352284E-02	+2.08688468933105E+01	+4.94776379767962E+06	+0.00000000000000E+00	+4.94776505668640E+06	+4.94773916553498E+06	+4.94778842994690E+06 	0	0	0	0
		B	s3	138	1:22:27 PM	0.0000279593	+8.30702484216149E-11	+1.53326184637444E-14	+6.74848075827638E-02	+2.08133907318115E+01	+4.94776381677263E+06	+0.00000000000000E+00	+4.94776502677918E+06	+4.94773927387238E+06	+4.94778835979462E+06 	0	0	0	0
		B	s3	139	1:22:29 PM	0.0000311476	+7.95145753930803E-11	+1.53409955133188E-14	+6.74479564405325E-02	+2.08011684417725E+01	+4.94776383979433E+06	+0.00000000000000E+00	+4.94776502052307E+06	+4.94773929790497E+06	+4.94778838180542E+06 	0	0	0	0
		B	s3	140	1:22:31 PM	0.0000345083	+7.95203128300215E-11	+1.53692196353138E-14	+6.73240954778700E-02	+2.07597904205322E+01	+4.94776380868549E+06	+0.00000000000000E+00	+4.94776500434876E+06	+4.94773927055359E+06	+4.94778834693909E+06 	0	0	0	0
		B	s3	141	1:22:33 PM	0.0000380413	+4.35748337314377E-11	+1.53282152933509E-14	+6.75041931896341E-02	+2.08011188507080E+01	+4.94776381761197E+06	+0.00000000000000E+00	+4.94776508804322E+06	+4.94773929622650E+06	+4.94778833911896E+06 	0	0	0	0
		B	s3	142	1:22:36 PM	0.0000417466	+7.85901575843522E-11	+1.53398374095606E-14	+6.74530493097618E-02	+2.07623043060303E+01	+4.94776381097453E+06	+0.00000000000000E+00	+4.94776505611420E+06	+4.94773931678772E+06	+4.94778830528259E+06 	0	0	0	0
		B	s3	143	1:22:38 PM	0.0000456243	+7.65957778084961E-11	+1.53445877071281E-14	+6.74321670421862E-02	+2.07722492218018E+01	+4.94776382945664E+06	+0.00000000000000E+00	+4.94776496097565E+06	+4.94773931594849E+06	+4.94778834308624E+06 	0	0	0	0
		B	s3	144	1:22:40 PM	0.0000496743	+4.07160417573739E-11	+1.53643412176049E-14	+6.73454720776467E-02	+2.07315483093262E+01	+4.94776380315439E+06	+0.00000000000000E+00	+4.94776504611969E+06	+4.94773930618286E+06	+4.94778830024719E+06 	0	0	0	0
		B	s3	145	1:22:42 PM	0.0000538967	+7.77673861621030E-11	+1.53272129611813E-14	+6.75086073441372E-02	+2.07398109436035E+01	+4.94776382941882E+06	+0.00000000000000E+00	+4.94776495910645E+06	+4.94773938190460E+06	+4.94778827705384E+06 	0	0	0	0
		B	s3	146	1:22:45 PM	0.0000582914	+7.87003364278611E-11	+1.53181356370623E-14	+6.75486146018432E-02	+2.07395057678223E+01	+4.94776373595881E+06	+0.00000000000000E+00	+4.94776502716065E+06	+4.94773930328369E+06	+4.94778816875458E+06 	0	0	0	0
		B	s3	147	1:22:46 PM	0.0000628584	+1.18215062077965E-10	+1.53648969792924E-14	+6.73430364967975E-02	+2.07454223632813E+01	+4.94776378980286E+06	+0.00000000000000E+00	+4.94776500778198E+06	+4.94773927555084E+06	+4.94778830417633E+06 	0	0	0	0
		B	s3	148	1:22:48 PM	0.0000675978	+8.05917196305290E-11	+1.53197973274091E-14	+6.75412860205799E-02	+2.07538166046143E+01	+4.94776380170502E+06	+0.00000000000000E+00	+4.94776499210358E+06	+4.94773934951782E+06	+4.94778825401306E+06 	0	0	0	0
		B	s3	149	1:22:50 PM	0.0000725095	+4.08678276920780E-11	+1.53356716643456E-14	+6.74713739988643E-02	+2.07399997711182E+01	+4.94776374116573E+06	+0.00000000000000E+00	+4.94776500896454E+06	+4.94773927993775E+06	+4.94778820251465E+06 	0	0	0	0
		B	s3	150	1:22:52 PM	0.0000775936	+3.89505482252813E-11	+1.53454044748473E-14	+6.74285791605798E-02	+2.07290592193603E+01	+4.94776378421458E+06	+0.00000000000000E+00	+4.94776497913361E+06	+4.94773932037354E+06	+4.94778824817658E+06 	0	0	0	0
		B	s3	151	1:22:54 PM	0.0000828500	+3.67749198240623E-11	+1.53397897786344E-14	+6.74532598994693E-02	+2.07047481536865E+01	+4.94776376901319E+06	+0.00000000000000E+00	+4.94776497863770E+06	+4.94773934280396E+06	+4.94778819534302E+06 	0	0	0	0
		B	s3	152	1:22:56 PM	0.0000882787	+3.65217645006955E-11	+1.53500369730041E-14	+6.74082307384990E-02	+2.06920089721680E+01	+4.94776375137021E+06	+0.00000000000000E+00	+4.94776499580383E+06	+4.94773932388306E+06	+4.94778817897797E+06 	0	0	0	0
		B	s3	153	1:22:58 PM	0.0000938798	+7.57067637573811E-11	+1.53435666789578E-14	+6.74366569007912E-02	+2.06911983489990E+01	+4.94776373309787E+06	+0.00000000000000E+00	+4.94776501091004E+06	+4.94773931686402E+06	+4.94778814945221E+06 	0	0	0	0
		B	s3	154	1:23:00 PM	0.0000996533	+7.86390723956616E-11	+1.53173677154626E-14	+6.75520008553384E-02	+2.06688995361328E+01	+4.94776374444693E+06	+0.00000000000000E+00	+4.94776493846894E+06	+4.94773939617157E+06	+4.94778809284210E+06 	0	0	0	0
		B	s3	155	1:23:02 PM	0.0001055990	+7.60595103294381E-11	+1.53422516939531E-14	+6.74424366086761E-02	+2.06872978210449E+01	+4.94776374375998E+06	+0.00000000000000E+00	+4.94776497505188E+06	+4.94773933422089E+06	+4.94778815341950E+06 	0	0	0	0
		B	s3	156	1:23:04 PM	0.0001117172	+8.07429327683794E-11	+1.53850914941756E-14	+6.72546426111326E-02	+2.06413002014160E+01	+4.94776376126937E+06	+0.00000000000000E+00	+4.94776505146027E+06	+4.94773933799744E+06	+4.94778818466187E+06 	0	0	0	0
		B	s3	157	1:23:06 PM	0.0001180076	+8.20974182910555E-11	+1.53604000817411E-14	+6.73627512150803E-02	+2.06646957397461E+01	+4.94776381078420E+06	+0.00000000000000E+00	+4.94776502143860E+06	+4.94773939907074E+06	+4.94778822261810E+06 	0	0	0	0
		B	s3	158	1:23:09 PM	0.0001244704	+3.94171424947695E-11	+1.53530037224729E-14	+6.73952043131574E-02	+2.06621322631836E+01	+4.94776377868360E+06	+0.00000000000000E+00	+4.94776501842499E+06	+4.94773938175202E+06	+4.94778817573548E+06 	0	0	0	0
		B	s3	159	1:23:11 PM	0.0001311055	+3.93127350122562E-11	+1.53408064665507E-14	+6.74487876599169E-02	+2.06606960296631E+01	+4.94776383798317E+06	+0.00000000000000E+00	+4.94776499835968E+06	+4.94773946212769E+06	+4.94778821395874E+06 	0	0	0	0
		B	s3	160	1:23:13 PM	0.0001379130	+3.99927572722081E-11	+1.53634753242550E-14	+6.73492684507176E-02	+2.06519718170166E+01	+4.94776377568904E+06	+0.00000000000000E+00	+4.94776499954224E+06	+4.94773937412262E+06	+4.94778817737580E+06 	0	0	0	0
		B	s3	161	1:23:15 PM	0.0001448928	+7.93715044703007E-11	+1.53404908519046E-14	+6.74501761421548E-02	+2.06496429443359E+01	+4.94776380887710E+06	+0.00000000000000E+00	+4.94776503143311E+06	+4.94773944656372E+06	+4.94778817131043E+06 	0	0	0	0
		B	s3	162	1:23:17 PM	0.0001520450	+7.88264434854158E-11	+1.53729891977336E-14	+6.73075879214911E-02	+2.06452083587646E+01	+4.94776378024756E+06	+0.00000000000000E+00	+4.94776500022888E+06	+4.94773937156677E+06	+4.94778818904877E+06 	0	0	0	0
		B	s3	163	1:23:19 PM	0.0001593695	+7.57926749818776E-11	+1.53564203648962E-14	+6.73802098833719E-02	+2.06638660430908E+01	+4.94776376781167E+06	+0.00000000000000E+00	+4.94776500820160E+06	+4.94773936340332E+06	+4.94778817234039E+06 	0	0	0	0
		B	s3	164	1:23:22 PM	0.0001668664	+7.69326854140035E-11	+1.53575118419381E-14	+6.73754213615890E-02	+2.06157112121582E+01	+4.94776375783651E+06	+0.00000000000000E+00	+4.94776495719910E+06	+4.94773940856934E+06	+4.94778810722351E+06 	0	0	0	0
		B	s3	165	1:23:24 PM	0.0001745355	+3.95161196557922E-11	+1.53410920723022E-14	+6.74475336421510E-02	+2.06344299316406E+01	+4.94776377639503E+06	+0.00000000000000E+00	+4.94776495468140E+06	+4.94773943107605E+06	+4.94778812183380E+06 	0	0	0	0
		B	s3	166	1:23:26 PM	0.0001823771	+8.02610080037444E-11	+1.53634317431543E-14	+6.73494605898354E-02	+2.06455898284912E+01	+4.94776373561568E+06	+0.00000000000000E+00	+4.94776499256134E+06	+4.94773934165955E+06	+4.94778812969208E+06 	0	0	0	0
		B	s3	167	1:23:28 PM	0.0001903909	+3.81561361587344E-11	+1.53601348412095E-14	+6.73639157919448E-02	+2.06104469299316E+01	+4.94776376123160E+06	+0.00000000000000E+00	+4.94776495429993E+06	+4.94773941402436E+06	+4.94778810855866E+06 	0	0	0	0
		B	s3	168	1:23:30 PM	0.0001985772	+1.16355322150336E-10	+1.53532934627418E-14	+6.73939336627607E-02	+2.06223125457764E+01	+4.94776373460500E+06	+0.00000000000000E+00	+4.94776494430542E+06	+4.94773938423157E+06	+4.94778808509827E+06 	0	0	0	0
		B	s3	169	1:23:32 PM	0.0002069357	+3.78714539927373E-11	+1.53585516876843E-14	+6.73708604515642E-02	+2.06158981323242E+01	+4.94776373136250E+06	+0.00000000000000E+00	+4.94776497993469E+06	+4.94773938022614E+06	+4.94778808261871E+06 	0	0	0	0
		B	s3	170	1:23:34 PM	0.0002154666	+7.68063834011937E-11	+1.53614724974777E-14	+6.73580507606994E-02	+2.06105575561523E+01	+4.94776372716634E+06	+0.00000000000000E+00	+4.94776493762970E+06	+4.94773937770844E+06	+4.94778807674408E+06 	0	0	0	0
		B	s3	171	1:23:37 PM	0.0002241698	+7.38720523313346E-11	+1.53832420418195E-14	+6.72627290735235E-02	+2.06240005493164E+01	+4.94776373317424E+06	+0.00000000000000E+00	+4.94776493991852E+06	+4.94773933330536E+06	+4.94778813316345E+06 	0	0	0	0
		B	s3	172	1:23:39 PM	0.0002330454	+3.91185151123777E-11	+1.53759577548939E-14	+6.72945946503007E-02	+2.06695785522461E+01	+4.94776372661276E+06	+0.00000000000000E+00	+4.94776497776032E+06	+4.94773928440094E+06	+4.94778816894532E+06 	0	0	0	0
		B	s3	173	1:23:41 PM	0.0002420933	+7.88177118164835E-11	+1.53845899632144E-14	+6.72568363724244E-02	+2.06539993286133E+01	+4.94776371385262E+06	+0.00000000000000E+00	+4.94776501636505E+06	+4.94773927635193E+06	+4.94778815147400E+06 	0	0	0	0
		B	s3	174	1:23:42 PM	0.0002513136	+7.61960063767147E-11	+1.53458654536306E-14	+6.74265554365122E-02	+2.06599140167236E+01	+4.94776371883107E+06	+0.00000000000000E+00	+4.94776494689942E+06	+4.94773933586121E+06	+4.94778810192108E+06 	0	0	0	0
		B	s3	175	1:23:44 PM	0.0002607062	+3.55578695204296E-11	+1.53758678502655E-14	+6.72949886682703E-02	+2.06314563751221E+01	+4.94776370683377E+06	+0.00000000000000E+00	+4.94776491428376E+06	+4.94773930984497E+06	+4.94778810394287E+06 	0	0	0	0
		B	s3	176	1:23:46 PM	0.0002702711	+7.85562389033492E-11	+1.53696802778136E-14	+6.73220796192859E-02	+2.06482334136963E+01	+4.94776373878181E+06	+0.00000000000000E+00	+4.94776500759125E+06	+4.94773933177948E+06	+4.94778814590454E+06 	0	0	0	0
		B	s3	177	1:23:47 PM	0.0002800084	+3.62183850555241E-11	+1.53577395726863E-14	+6.73744240370691E-02	+2.06380786895752E+01	+4.94776369374946E+06	+0.00000000000000E+00	+4.94776495819092E+06	+4.94773931770325E+06	+4.94778806991577E+06 	0	0	0	0
		B	s3	178	1:23:49 PM	0.0002899180	+7.71670166191642E-11	+1.53667886449605E-14	+6.73347483267999E-02	+2.07165946960449E+01	+4.94776372296952E+06	+0.00000000000000E+00	+4.94776494190216E+06	+4.94773923976898E+06	+4.94778820629120E+06 	0	0	0	0
		B	s3	179	1:23:51 PM	0.0003000000	+1.15932489190782E-10	+1.53695500695768E-14	+6.73226503924570E-02	+2.07161159515381E+01	+4.94776372291228E+06	+0.00000000000000E+00	+4.94776495918274E+06	+4.94773923587799E+06	+4.94778821006775E+06 	0	0	0	0

