	10/06/22	Test 004 N (today) Location 07 Ramp 02	Tip H10	Box 5b Xtal 1		DLC	100 uN	2.6%		Points/Segment: 59	
		Seg 	ID Tag	Number	Time	Power	C0	C1	L1	R1	fs	fa	fr	f1	f2	Ch1 (Pk-Pk)	Ch2 (Pk-Pk)	Ch1 (RMS)	Ch2 (RMS)	
						uW	F	F	H	Ohms	Hz	Hz	Hz	Hz	Hz	V	V	V	V	
		B	s1	0	1:53:10 PM	0.0000000400	+8.62854998129525E-11	+1.53479837900563E-14	+6.74172781754576E-02	+2.22002925872803E+01	+4.94776265518879E+06	+0.00000000000000E+00	+4.94776501892090E+06	+4.94773645065308E+06	+4.94778885986328E+06 	0	0	0	0
		B	s1	1	1:53:12 PM	0.0000002124	+7.24308568921796E-11	+1.56792580423074E-14	+6.59928657612522E-02	+2.28102741241455E+01	+4.94776294540389E+06	+0.00000000000000E+00	+4.94776402050019E+06	+4.94773543972016E+06	+4.94779045124054E+06 	0	0	0	0
		B	s1	2	1:53:14 PM	0.0000007294	+1.14038165185333E-10	+1.55259591482856E-14	+6.66444613148743E-02	+2.28863506317139E+01	+4.94776291524970E+06	+0.00000000000000E+00	+4.94776427967072E+06	+4.94773558765412E+06	+4.94779024299622E+06 	0	0	0	0
		B	s1	3	1:53:16 PM	0.0000015912	+8.17223085404899E-11	+1.55160963400768E-14	+6.66868250750535E-02	+2.30547428131104E+01	+4.94776287067394E+06	+0.00000000000000E+00	+4.94776420116425E+06	+4.94773535949707E+06	+4.94779038200379E+06 	0	0	0	0
		B	s1	4	1:53:18 PM	0.0000027976	+9.16934342365010E-11	+1.55640244726822E-14	+6.64814652485347E-02	+2.30980930328369E+01	+4.94776299110317E+06	+0.00000000000000E+00	+4.94776428421021E+06	+4.94773534305573E+06	+4.94779063930512E+06 	0	0	0	0
		B	s1	5	1:53:20 PM	0.0000043488	+5.96120418212586E-11	+1.55344756888226E-14	+6.66079201388922E-02	+2.30177574157715E+01	+4.94776307723986E+06	+0.00000000000000E+00	+4.94776432384491E+06	+4.94773557765961E+06	+4.94779057697296E+06 	0	0	0	0
		B	s1	6	1:53:23 PM	0.0000062447	+3.33864465292636E-11	+1.55554382280597E-14	+6.65181580337621E-02	+2.30147666931152E+01	+4.94776311965911E+06	+0.00000000000000E+00	+4.94776431102753E+06	+4.94773558654785E+06	+4.94779065292359E+06 	0	0	0	0
		B	s1	7	1:53:25 PM	0.0000084853	+6.08604288296276E-11	+1.55107948692295E-14	+6.67096128233404E-02	+2.29651184082031E+01	+4.94776306713150E+06	+0.00000000000000E+00	+4.94776433437348E+06	+4.94773567226410E+06	+4.94779046215058E+06 	0	0	0	0
		B	s1	8	1:53:27 PM	0.0000110706	+6.06803109219232E-11	+1.55150927664015E-14	+6.66911338167426E-02	+2.29195461273193E+01	+4.94776304906916E+06	+0.00000000000000E+00	+4.94776430213928E+06	+4.94773570098877E+06	+4.94779039730072E+06 	0	0	0	0
		B	s1	9	1:53:29 PM	0.0000140006	+8.92729787360371E-11	+1.55297848287808E-14	+6.66280425960123E-02	+2.29071102142334E+01	+4.94776296009129E+06	+0.00000000000000E+00	+4.94776427421570E+06	+4.94773560096741E+06	+4.94779031936646E+06 	0	0	0	0
		B	s1	10	1:53:32 PM	0.0000172753	+1.86808568125814E-10	+1.55440942542361E-14	+6.65667046590087E-02	+2.29573726654053E+01	+4.94776304058093E+06	+0.00000000000000E+00	+4.94776423122406E+06	+4.94773559616089E+06	+4.94779048515320E+06 	0	0	0	0
		B	s1	11	1:53:34 PM	0.0000208947	+1.17494067868456E-10	+1.54817619190465E-14	+6.68347136911699E-02	+2.29208641052246E+01	+4.94776305521114E+06	+0.00000000000000E+00	+4.94776426643372E+06	+4.94773576431275E+06	+4.94779034626007E+06 	0	0	0	0
		B	s1	12	1:53:36 PM	0.0000248588	+8.81304448477312E-11	+1.55018196941535E-14	+6.67482397480312E-02	+2.29372997283936E+01	+4.94776293045117E+06	+0.00000000000000E+00	+4.94776430160523E+06	+4.94773558460236E+06	+4.94779027645111E+06 	0	0	0	0
		B	s1	13	1:53:38 PM	0.0000291676	+5.89911617836707E-11	+1.55331196602207E-14	+6.66137376299041E-02	+2.29084987640381E+01	+4.94776297792496E+06	+0.00000000000000E+00	+4.94776428344727E+06	+4.94773561126709E+06	+4.94779034473419E+06 	0	0	0	0
		B	s1	14	1:53:41 PM	0.0000338211	+9.23728723351074E-11	+1.54955193119816E-14	+6.67753781170538E-02	+2.28951053619385E+01	+4.94776296941864E+06	+0.00000000000000E+00	+4.94776427696228E+06	+4.94773568496704E+06	+4.94779025402069E+06 	0	0	0	0
		B	s1	15	1:53:43 PM	0.0000388194	+5.67570516427656E-11	+1.55250573641550E-14	+6.66483314095062E-02	+2.29429836273193E+01	+4.94776295225190E+06	+0.00000000000000E+00	+4.94776426300049E+06	+4.94773555862427E+06	+4.94779034603119E+06 	0	0	0	0
		B	s1	16	1:53:45 PM	0.0000441623	+8.72953685052081E-11	+1.55215942126926E-14	+6.66632026782614E-02	+2.28784542083740E+01	+4.94776292228791E+06	+0.00000000000000E+00	+4.94776422664643E+06	+4.94773561180115E+06	+4.94779023292542E+06 	0	0	0	0
		B	s1	17	1:53:47 PM	0.0000498500	+9.07472077171142E-11	+1.54935180169101E-14	+6.67840047463267E-02	+2.28674736022949E+01	+4.94776292255528E+06	+0.00000000000000E+00	+4.94776426021576E+06	+4.94773567455292E+06	+4.94779017070770E+06 	0	0	0	0
		B	s1	18	1:53:50 PM	0.0000558823	+8.75392036086988E-11	+1.54995721938684E-14	+6.67579191256999E-02	+2.28729743957520E+01	+4.94776290767787E+06	+0.00000000000000E+00	+4.94776420715332E+06	+4.94773564247132E+06	+4.94779017303467E+06 	0	0	0	0
		B	s1	19	1:53:52 PM	0.0000622594	+8.68205592398756E-11	+1.55015300781535E-14	+6.67494885606185E-02	+2.28695259094238E+01	+4.94776286554454E+06	+0.00000000000000E+00	+4.94776417366028E+06	+4.94773560100556E+06	+4.94779013023377E+06 	0	0	0	0
		B	s1	20	1:53:54 PM	0.0000689811	+5.13965060520117E-11	+1.55055387374464E-14	+6.67322328883664E-02	+2.28802642822266E+01	+4.94776282379257E+06	+0.00000000000000E+00	+4.94776409481049E+06	+4.94773553939820E+06	+4.94779010833740E+06 	0	0	0	0
		B	s1	21	1:53:56 PM	0.0000760476	+1.14764698371508E-10	+1.54914150611709E-14	+6.67930727898080E-02	+2.28326206207275E+01	+4.94776284361037E+06	+0.00000000000000E+00	+4.94776409614563E+06	+4.94773564083100E+06	+4.94779004653931E+06 	0	0	0	0
		B	s1	22	1:53:58 PM	0.0000834587	+5.30551327889786E-11	+1.54805505379654E-14	+6.68399499577005E-02	+2.28207054138184E+01	+4.94776282095125E+06	+0.00000000000000E+00	+4.94776412414551E+06	+4.94773565143585E+06	+4.94778999061585E+06 	0	0	0	0
		B	s1	23	1:54:00 PM	0.0000912146	+1.19870108643629E-10	+1.55545024574287E-14	+6.65221669024074E-02	+2.28717937469482E+01	+4.94776285614078E+06	+0.00000000000000E+00	+4.94776421737671E+06	+4.94773549571991E+06	+4.94779021671295E+06 	0	0	0	0
		B	s1	24	1:54:03 PM	0.0000993152	+1.20803214033067E-10	+1.55559084562000E-14	+6.65161534519957E-02	+2.28248310089111E+01	+4.94776289104556E+06	+0.00000000000000E+00	+4.94776419704437E+06	+4.94773558433533E+06	+4.94779019790650E+06 	0	0	0	0
		B	s1	25	1:54:05 PM	0.0001077605	+1.21628119345744E-10	+1.55293495455329E-14	+6.66299115023711E-02	+2.28176651000977E+01	+4.94776291029101E+06	+0.00000000000000E+00	+4.94776423297882E+06	+4.94773565876007E+06	+4.94779016197205E+06 	0	0	0	0
		B	s1	26	1:54:07 PM	0.0001165505	+5.75462820553311E-11	+1.55293840633627E-14	+6.66297640125165E-02	+2.28061161041260E+01	+4.94776288759364E+06	+0.00000000000000E+00	+4.94776421371460E+06	+4.94773564979553E+06	+4.94779012554169E+06 	0	0	0	0
		B	s1	27	1:54:09 PM	0.0001256852	+5.53128041679273E-11	+1.55059724391216E-14	+6.67303640124781E-02	+2.28115520477295E+01	+4.94776291191252E+06	+0.00000000000000E+00	+4.94776419094086E+06	+4.94773570869446E+06	+4.94779011528015E+06 	0	0	0	0
		B	s1	28	1:54:12 PM	0.0001351646	+8.68472359999926E-11	+1.55129054787710E-14	+6.67005409235388E-02	+2.27734756469727E+01	+4.94776290832689E+06	+0.00000000000000E+00	+4.94776418972015E+06	+4.94773573837280E+06	+4.94779007843018E+06 	0	0	0	0
		B	s1	29	1:54:14 PM	0.0001449887	+8.80312700995726E-11	+1.55038763320794E-14	+6.67393867225600E-02	+2.27412929534912E+01	+4.94776288084229E+06	+0.00000000000000E+00	+4.94776419593811E+06	+4.94773576507568E+06	+4.94778999675751E+06 	0	0	0	0
		B	s1	30	1:54:16 PM	0.0001551575	+8.54259516131323E-11	+1.55153519130718E-14	+6.66900249770220E-02	+2.27856140136719E+01	+4.94776286079566E+06	+0.00000000000000E+00	+4.94776414627075E+06	+4.94773567207337E+06	+4.94779004966736E+06 	0	0	0	0
		B	s1	31	1:54:18 PM	0.0001656710	+5.64053546301103E-11	+1.55317373082858E-14	+6.66196700195615E-02	+2.27827014923096E+01	+4.94776284238961E+06	+0.00000000000000E+00	+4.94776417896271E+06	+4.94773562843323E+06	+4.94779005649567E+06 	0	0	0	0
		B	s1	32	1:54:20 PM	0.0001765292	+8.43581694420806E-11	+1.55273686969631E-14	+6.66384126161091E-02	+2.27354125976563E+01	+4.94776287164869E+06	+0.00000000000000E+00	+4.94776414733887E+06	+4.94773572181702E+06	+4.94779002162934E+06 	0	0	0	0
		B	s1	33	1:54:22 PM	0.0001877322	+5.24760313841860E-11	+1.55165985200867E-14	+6.66846676782080E-02	+2.27517051696777E+01	+4.94776283880414E+06	+0.00000000000000E+00	+4.94776413959503E+06	+4.94773568836212E+06	+4.94778998939514E+06 	0	0	0	0
		B	s1	34	1:54:24 PM	0.0001992798	+1.18048497183148E-10	+1.54921848219669E-14	+6.67897550562648E-02	+2.27573032379150E+01	+4.94776280595980E+06	+0.00000000000000E+00	+4.94776412471771E+06	+4.94773569156647E+06	+4.94778992050171E+06 	0	0	0	0
		B	s1	35	1:54:26 PM	0.0002111721	+1.14898731495958E-10	+1.54889886555828E-14	+6.68035378776393E-02	+2.28625373840332E+01	+4.94776278015271E+06	+0.00000000000000E+00	+4.94776411849976E+06	+4.94773554599762E+06	+4.94779001445770E+06 	0	0	0	0
		B	s1	36	1:54:28 PM	0.0002234092	+5.04252974878201E-11	+1.55044437599033E-14	+6.67369467810221E-02	+2.28785533905029E+01	+4.94776278556933E+06	+0.00000000000000E+00	+4.94776410011292E+06	+4.94773550514221E+06	+4.94779006614685E+06 	0	0	0	0
		B	s1	37	1:54:31 PM	0.0002359909	+7.89082670045624E-11	+1.55235449974042E-14	+6.66548292744590E-02	+2.28704681396484E+01	+4.94776277729130E+06	+0.00000000000000E+00	+4.94776410022736E+06	+4.94773547290802E+06	+4.94779008182526E+06 	0	0	0	0
		B	s1	38	1:54:33 PM	0.0002489174	+8.40607040310013E-11	+1.55196720823194E-14	+6.66714628511718E-02	+2.28817844390869E+01	+4.94776277929398E+06	+0.00000000000000E+00	+4.94776409889221E+06	+4.94773546821594E+06	+4.94779009052277E+06 	0	0	0	0
		B	s1	39	1:54:35 PM	0.0002621886	+1.15196138703482E-10	+1.55193098955677E-14	+6.66730189535240E-02	+2.28840923309326E+01	+4.94776277423949E+06	+0.00000000000000E+00	+4.94776415691376E+06	+4.94773546104431E+06	+4.94779008758545E+06 	0	0	0	0
		B	s1	40	1:54:37 PM	0.0002758044	+1.14641017912797E-10	+1.55337137436866E-14	+6.66111944753385E-02	+2.28965759277344E+01	+4.94776281179497E+06	+0.00000000000000E+00	+4.94776413852692E+06	+4.94773545833588E+06	+4.94779016540528E+06 	0	0	0	0
		B	s1	41	1:54:40 PM	0.0002897650	+8.36260822102376E-11	+1.55251925837356E-14	+6.66477554693719E-02	+2.28896064758301E+01	+4.94776278350911E+06	+0.00000000000000E+00	+4.94776413852692E+06	+4.94773545337677E+06	+4.94779011379242E+06 	0	0	0	0
		B	s1	42	1:54:42 PM	0.0003040703	+8.61711258511960E-11	+1.55344717639111E-14	+6.66079449622346E-02	+2.28759498596191E+01	+4.94776278032384E+06	+0.00000000000000E+00	+4.94776416297913E+06	+4.94773545017243E+06	+4.94779011062622E+06 	0	0	0	0
		B	s1	43	1:54:44 PM	0.0003187203	+8.28432072248444E-11	+1.55297832211619E-14	+6.66280540595012E-02	+2.28610095977783E+01	+4.94776279054738E+06	+0.00000000000000E+00	+4.94776415512085E+06	+4.94773548648834E+06	+4.94779009475708E+06 	0	0	0	0
		B	s1	44	1:54:46 PM	0.0003337150	+1.16264841680596E-10	+1.55281371740830E-14	+6.66351170822684E-02	+2.29118423461914E+01	+4.94776278415744E+06	+0.00000000000000E+00	+4.94776416580200E+06	+4.94773542228699E+06	+4.94779014617920E+06 	0	0	0	0
		B	s1	45	1:54:47 PM	0.0003490544	+8.38671606544904E-11	+1.55405994226034E-14	+6.65816809167772E-02	+2.29032993316650E+01	+4.94776280006466E+06	+0.00000000000000E+00	+4.94776415664673E+06	+4.94773542644501E+06	+4.94779017383576E+06 	0	0	0	0
		B	s1	46	1:54:49 PM	0.0003647385	+5.60653741555651E-11	+1.55454613852817E-14	+6.65608570658019E-02	+2.29053573608398E+01	+4.94776279701284E+06	+0.00000000000000E+00	+4.94776415523529E+06	+4.94773541236878E+06	+4.94779018180847E+06 	0	0	0	0
		B	s1	47	1:54:51 PM	0.0003807673	+8.58182138987283E-11	+1.55368069873766E-14	+6.65979330207529E-02	+2.28688240051270E+01	+4.94776280223930E+06	+0.00000000000000E+00	+4.94776415199280E+06	+4.94773547649384E+06	+4.94779012813568E+06 	0	0	0	0
		B	s1	48	1:54:54 PM	0.0003971408	+8.63213047106231E-11	+1.55411926997795E-14	+6.65791395684598E-02	+2.29032230377197E+01	+4.94776278617916E+06	+0.00000000000000E+00	+4.94776416553497E+06	+4.94773541160584E+06	+4.94779016090393E+06 	0	0	0	0
		B	s1	49	1:54:56 PM	0.0004138590	+5.43397950416523E-11	+1.55509984636068E-14	+6.65371568801875E-02	+2.28989238739014E+01	+4.94776281822255E+06	+0.00000000000000E+00	+4.94776416347504E+06	+4.94773543151856E+06	+4.94779020507813E+06 	0	0	0	0
		B	s1	50	1:54:58 PM	0.0004309219	+8.73451229666692E-11	+1.55534682142705E-14	+6.65265914405225E-02	+2.29134654998779E+01	+4.94776281593361E+06	+0.00000000000000E+00	+4.94776418476105E+06	+4.94773540748596E+06	+4.94779022453308E+06 	0	0	0	0
		B	s1	51	1:55:00 PM	0.0004483296	+1.16122870164464E-10	+1.55503750971265E-14	+6.65398238967721E-02	+2.28914527893066E+01	+4.94776282760676E+06	+0.00000000000000E+00	+4.94776416610718E+06	+4.94773545093537E+06	+4.94779020442963E+06 	0	0	0	0
		B	s1	52	1:55:03 PM	0.0004660819	+5.46469122102573E-11	+1.55483574344435E-14	+6.65484588089499E-02	+2.28771648406982E+01	+4.94776281856604E+06	+0.00000000000000E+00	+4.94776417762757E+06	+4.94773546253204E+06	+4.94779017475128E+06 	0	0	0	0
		B	s1	53	1:55:05 PM	0.0004841789	+5.35222249513127E-11	+1.55632118361252E-14	+6.64849406588517E-02	+2.28938293457031E+01	+4.94776283981365E+06	+0.00000000000000E+00	+4.94776418617249E+06	+4.94773543769837E+06	+4.94779024208069E+06 	0	0	0	0
		B	s1	54	1:55:07 PM	0.0005026207	+5.64314894678304E-11	+1.55604243799622E-14	+6.64968512772162E-02	+2.29007358551025E+01	+4.94776281490366E+06	+0.00000000000000E+00	+4.94776421062470E+06	+4.94773540943146E+06	+4.94779022052765E+06 	0	0	0	0
		B	s1	55	1:55:09 PM	0.0005214071	+5.60453508680349E-11	+1.55678087787215E-14	+6.64653093786817E-02	+2.29015026092529E+01	+4.94776281246217E+06	+0.00000000000000E+00	+4.94776423419953E+06	+4.94773539306641E+06	+4.94779023200989E+06 	0	0	0	0
		B	s1	56	1:55:12 PM	0.0005405383	+5.39204478818872E-11	+1.55790271824429E-14	+6.64174472945366E-02	+2.28956451416016E+01	+4.94776283645655E+06	+0.00000000000000E+00	+4.94776422752381E+06	+4.94773540431977E+06	+4.94779026874542E+06 	0	0	0	0
		B	s1	57	1:55:13 PM	0.0005600142	+8.75317826586803E-11	+1.55726116651464E-14	+6.64448093697200E-02	+2.29006023406982E+01	+4.94776284437207E+06	+0.00000000000000E+00	+4.94776425075531E+06	+4.94773541759491E+06	+4.94779027130127E+06 	0	0	0	0
		B	s1	58	1:55:15 PM	0.0005798347	+8.71588890406444E-11	+1.55662239554922E-14	+6.64720752669641E-02	+2.28765258789062E+01	+4.94776285175374E+06	+0.00000000000000E+00	+4.94776421379090E+06	+4.94773546504974E+06	+4.94779023860932E+06 	0	0	0	0
		B	s1	59	1:55:17 PM	0.0006000000	+5.56060703663432E-11	+1.55750251128224E-14	+6.64345134671720E-02	+2.28929615020752E+01	+4.94776283927948E+06	+0.00000000000000E+00	+4.94776420028687E+06	+4.94773541740418E+06	+4.94779026130676E+06 	0	0	0	0
		B	s1	60	1:58:20 PM	0.0006000000	+9.57774519956238E-11	+1.56078457872940E-14	+6.62948080774842E-02	+2.31855297088623E+01	+4.94776301772874E+06	+0.00000000000000E+00	+4.94776444709778E+06	+4.94773518688202E+06	+4.94779084873200E+06 	0	0	0	0
		B	s1	61	1:58:25 PM	0.0005798347	+6.36937539472924E-11	+1.55936372121302E-14	+6.63552142535700E-02	+2.31895904541016E+01	+4.94776302434735E+06	+0.00000000000000E+00	+4.94776442619324E+06	+4.94773521396637E+06	+4.94779083488465E+06 	0	0	0	0
		T	s2 	62	1:58:32 PM	0.0005600142	+9.69228097696458E-11	+1.56087921125631E-14	+6.62907885550262E-02	+2.31875400543213E+01	+4.94776302594939E+06	+0.00000000000000E+00	+4.94776441688538E+06	+4.94773519100189E+06	+4.94779086105347E+06 	0.584000	0.178000	0.195029	0.037203
		T	s2 	63	1:58:38 PM	0.0005405383	+7.01033572026864E-11	+1.56179303194369E-14	+6.62519976904632E-02	+2.32417297363281E+01	+4.94776315524809E+06	+0.00000000000000E+00	+4.94776453922272E+06	+4.94773523891449E+06	+4.94779107173920E+06 	0.568000	0.188000	0.191787	0.037919
		T	s2 	64	1:58:43 PM	0.0005214071	+1.05297019569149E-10	+1.56130825799510E-14	+6.62725662759026E-02	+2.32892761230469E+01	+4.94776323510850E+06	+0.00000000000000E+00	+4.94776462985993E+06	+4.94773527034760E+06	+4.94779120002747E+06 	0.576000	0.192000	0.189339	0.037750
		T	s2 	65	1:58:49 PM	0.0005026207	+7.44800021752079E-11	+1.56219695862486E-14	+6.62348639297350E-02	+2.32959823608398E+01	+4.94776328338336E+06	+0.00000000000000E+00	+4.94776459697724E+06	+4.94773529464722E+06	+4.94779127227783E+06 	0.568000	0.186000	0.185735	0.036499
		T	s2 	66	1:58:54 PM	0.0004841789	+7.28557746007970E-11	+1.56011322818120E-14	+6.63233287224973E-02	+2.32833175659180E+01	+4.94776329555254E+06	+0.00000000000000E+00	+4.94776459701538E+06	+4.94773535934448E+06	+4.94779123191834E+06 	0.560000	0.138000	0.182386	0.034835
		T	s2 	67	1:58:59 PM	0.0004660819	+1.02505886624938E-10	+1.56025620877431E-14	+6.63172519718451E-02	+2.32870655059814E+01	+4.94776325584150E+06	+0.00000000000000E+00	+4.94776460281372E+06	+4.94773531257630E+06	+4.94779119926453E+06 	0.544000	0.132000	0.178339	0.034669
		T	s2 	68	1:59:04 PM	0.0004483296	+8.09997222354319E-11	+1.56194832083791E-14	+6.62454034613049E-02	+2.33688220977783E+01	+4.94776343368196E+06	+0.00000000000000E+00	+4.94776474761963E+06	+4.94773536190033E+06	+4.94779150562287E+06 	0.544000	0.190000	0.174977	0.036132
		T	s2 	69	1:59:10 PM	0.0004309219	+8.83269350223281E-11	+1.56009892627044E-14	+6.63239297173710E-02	+2.34462165832520E+01	+4.94776355708708E+06	+0.00000000000000E+00	+4.94776492645264E+06	+4.94773542568207E+06	+4.94779168865204E+06 	0.520000	0.162000	0.171288	0.035023
		T	s2 	70	1:59:15 PM	0.0004138590	+5.89138397678495E-11	+1.55979059933237E-14	+6.63370372467290E-02	+2.34919357299805E+01	+4.94776366355500E+06	+0.00000000000000E+00	+4.94776500865937E+06	+4.94773548286438E+06	+4.94779184440613E+06 	0.528000	0.134000	0.168114	0.032873
		T	s2 	71	1:59:21 PM	0.0003971408	+5.69863492396036E-11	+1.55999321339799E-14	+6.63284225293840E-02	+2.34870090484619E+01	+4.94776361774050E+06	+0.00000000000000E+00	+4.94776500999451E+06	+4.94773543930054E+06	+4.94779179634094E+06 	0.536000	0.144000	0.164704	0.033163
		T	s2 	72	1:59:26 PM	0.0003807673	+5.90737814186326E-11	+1.56099372837045E-14	+6.62859086861322E-02	+2.35171871185303E+01	+4.94776364793352E+06	+0.00000000000000E+00	+4.94776495693207E+06	+4.94773541519165E+06	+4.94779188083649E+06 	0.496000	0.150000	0.161710	0.032359
		T	s2 	73	1:59:31 PM	0.0003647385	+1.23169125809595E-10	+1.56082905918490E-14	+6.62928996506439E-02	+2.35822238922119E+01	+4.94776373271474E+06	+0.00000000000000E+00	+4.94776505161286E+06	+4.94773542488098E+06	+4.94779204071045E+06 	0.488000	0.134000	0.158204	0.031488
		T	s2 	74	1:59:36 PM	0.0003490544	+9.61563438634384E-11	+1.55966376970737E-14	+6.63424273958734E-02	+2.36159820556641E+01	+4.94776382329461E+06	+0.00000000000000E+00	+4.94776517433167E+06	+4.94773549610138E+06	+4.94779215065003E+06 	0.488000	0.239992	0.154510	0.032334
		T	s2 	75	1:59:42 PM	0.0003337150	+9.92513988452083E-11	+1.55931983295643E-14	+6.63570603743951E-02	+2.36232585906982E+01	+4.94776382581230E+06	+0.00000000000000E+00	+4.94776515312195E+06	+4.94773549613953E+06	+4.94779215564728E+06 	0.464000	0.130000	0.151466	0.030122
		T	s2 	76	1:59:47 PM	0.0003187203	+6.71698331018529E-11	+1.56101632811522E-14	+6.62849441994595E-02	+2.36488857269287E+01	+4.94776382808169E+06	+0.00000000000000E+00	+4.94776517139435E+06	+4.94773543682099E+06	+4.94779221950531E+06 	0.456000	0.120000	0.147610	0.029029
		T	s2 	77	1:59:52 PM	0.0003040703	+9.76079392156944E-11	+1.55871933665107E-14	+6.63826251752838E-02	+2.36442451477051E+01	+4.94776379760253E+06	+0.00000000000000E+00	+4.94776510852814E+06	+4.94773545368195E+06	+4.94779214168549E+06 	0.448000	0.154000	0.144835	0.029129
		T	s2 	78	1:59:57 PM	0.0002897650	+6.87040967169734E-11	+1.55958413846116E-14	+6.63458145843942E-02	+2.36516475677490E+01	+4.94776383105728E+06	+0.00000000000000E+00	+4.94776515926361E+06	+4.94773546253204E+06	+4.94779219974518E+06 	0.456000	0.164000	0.140580	0.030434
		T	s2 	79	2:00:03 PM	0.0002758044	+7.00313809326714E-11	+1.55793462771408E-14	+6.64160595909887E-02	+2.36604042053223E+01	+4.94776385510906E+06	+0.00000000000000E+00	+4.94776517482758E+06	+4.94773550609589E+06	+4.94779220428467E+06 	0.432000	0.144000	0.137141	0.027302
		T	s2 	80	2:00:08 PM	0.0002621886	+6.89824055943191E-11	+1.55966172362353E-14	+6.63425142765426E-02	+2.36814308166504E+01	+4.94776382897806E+06	+0.00000000000000E+00	+4.94776520935059E+06	+4.94773542331696E+06	+4.94779223480225E+06 	0.432000	0.140000	0.133716	0.028222
		T	s2 	81	2:00:13 PM	0.0002489174	+9.67385153325953E-11	+1.55923661913961E-14	+6.63606013760533E-02	+2.36339035034180E+01	+4.94776383931626E+06	+0.00000000000000E+00	+4.94776517181397E+06	+4.94773549839020E+06	+4.94779218040467E+06 	0.416000	0.112000	0.130583	0.026601
		T	s2 	82	2:00:19 PM	0.0002359909	+9.53888436462972E-11	+1.55791364986846E-14	+6.64169528052244E-02	+2.36399002075195E+01	+4.94776389611720E+06	+0.00000000000000E+00	+4.94776508838654E+06	+4.94773557205200E+06	+4.94779222034455E+06 	0.424000	0.170000	0.127328	0.026646
		T	s2 	83	2:00:24 PM	0.0002234092	+9.65308029554083E-11	+1.55832709368522E-14	+6.63993340248121E-02	+2.36553211212158E+01	+4.94776380393489E+06	+0.00000000000000E+00	+4.94776509609223E+06	+4.94773545387268E+06	+4.94779215415955E+06 	0.432000	0.142000	0.124041	0.024519
		T	s2 	84	2:00:30 PM	0.0002111721	+9.67602575422203E-11	+1.55669049229525E-14	+6.64691413077817E-02	+2.36270904541016E+01	+4.94776382565996E+06	+0.00000000000000E+00	+4.94776517383576E+06	+4.94773553916931E+06	+4.94779211231232E+06 	0.400000	0.126000	0.120375	0.025697
		T	s2 	85	2:00:35 PM	0.0001992798	+9.92075621118021E-11	+1.55665524509870E-14	+6.64706452286138E-02	+2.36737003326416E+01	+4.94776386785019E+06	+0.00000000000000E+00	+4.94776514705658E+06	+4.94773552619934E+06	+4.94779220966339E+06 	0.368000	0.200000	0.116529	0.025146
		T	s2 	86	2:00:41 PM	0.0001877322	+9.67258565862999E-11	+1.55547632322038E-14	+6.65210231128752E-02	+2.36529941558838E+01	+4.94776391786114E+06	+0.00000000000000E+00	+4.94776518970490E+06	+4.94773562244415E+06	+4.94779221343994E+06 	0.400000	0.124000	0.112815	0.023311
		T	s2 	87	2:00:46 PM	0.0001765292	+7.08703579911335E-11	+1.55481045212500E-14	+6.65495110166267E-02	+2.36621665954590E+01	+4.94776394502179E+06	+0.00000000000000E+00	+4.94776523097992E+06	+4.94773565074921E+06	+4.94779223945618E+06 	0.352000	0.122000	0.110812	0.024139
		T	s2 	88	2:00:52 PM	0.0001656710	+1.02548531655919E-10	+1.55410949300316E-14	+6.65795262812922E-02	+2.36781368255615E+01	+4.94776398038400E+06	+0.00000000000000E+00	+4.94776521671295E+06	+4.94773567977905E+06	+4.94779228115082E+06 	0.352000	0.138000	0.106458	0.022381
		T	s2 	89	2:00:57 PM	0.0001551575	+4.31567280887207E-11	+1.55537724593053E-14	+6.65252569629625E-02	+2.36681804656982E+01	+4.94776404908663E+06	+0.00000000000000E+00	+4.94776530067444E+06	+4.94773573730469E+06	+4.94779236103058E+06 	0.336000	0.098000	0.102792	0.023572
		T	s2 	90	2:01:02 PM	0.0001449887	+7.18588540722456E-11	+1.55491497387348E-14	+6.65450336488077E-02	+2.36647853851318E+01	+4.94776408978952E+06	+0.00000000000000E+00	+4.94776532756806E+06	+4.94773579048157E+06	+4.94779238925934E+06 	0.352000	0.120000	0.100090	0.022181
		T	s2 	91	2:01:08 PM	0.0001351646	+7.75338144877372E-11	+1.55667875658619E-14	+6.64696338389255E-02	+2.36849384307861E+01	+4.94776414483528E+06	+0.00000000000000E+00	+4.94776534259796E+06	+4.94773578929901E+06	+4.94779250053406E+06 	0.328000	0.116000	0.096542	0.023732
		T	s2 	92	2:01:14 PM	0.0001256852	+1.09623376915473E-10	+1.55493159876997E-14	+6.65443207189299E-02	+2.35994892120361E+01	+4.94776414365349E+06	+0.00000000000000E+00	+4.94776543441773E+06	+4.94773592212677E+06	+4.94779236534119E+06 	0.336000	0.166000	0.093105	0.022121
		T	s2 	93	2:01:19 PM	0.0001165505	+8.31629013750451E-11	+1.55901747686890E-14	+6.63699190338896E-02	+2.36224117279053E+01	+4.94776422236919E+06	+0.00000000000000E+00	+4.94776549385071E+06	+4.94773589920044E+06	+4.94779254570008E+06 	0.304000	0.156000	0.089357	0.019429
		T	s2 	94	2:01:24 PM	0.0001077605	+5.48558339168393E-11	+1.55825163623199E-14	+6.64025372502221E-02	+2.36387481689453E+01	+4.94776425565239E+06	+0.00000000000000E+00	+4.94776552543640E+06	+4.94773592681885E+06	+4.94779258464813E+06 	0.296000	0.118000	0.086164	0.021502
		T	s2 	95	2:01:30 PM	0.0000993152	+5.34579604959450E-11	+1.55643171056811E-14	+6.64801795878796E-02	+2.36339778900146E+01	+4.94776431985397E+06	+0.00000000000000E+00	+4.94776555164337E+06	+4.94773602981568E+06	+4.94779261005402E+06 	0.304000	0.172000	0.082418	0.018977
		T	s2 	96	2:01:36 PM	0.0000912146	+1.15400011974434E-10	+1.55734175445244E-14	+6.64413324077897E-02	+2.36257572174072E+01	+4.94776428290859E+06	+0.00000000000000E+00	+4.94776564796448E+06	+4.94773598617554E+06	+4.94779257980347E+06 	0.264000	0.078000	0.079279	0.018558
		T	s2 	97	2:01:41 PM	0.0000834587	+9.13036714208290E-11	+1.55714577895880E-14	+6.64496919885875E-02	+2.36726722717285E+01	+4.94776437345013E+06	+0.00000000000000E+00	+4.94776565757752E+06	+4.94773602409363E+06	+4.94779272296906E+06 	0.288000	0.090000	0.076848	0.019086
		T	s2 	98	2:01:46 PM	0.0000760476	+6.83736597448701E-11	+1.55984314328982E-14	+6.63347809438422E-02	+2.37242221832275E+01	+4.94776447329919E+06	+0.00000000000000E+00	+4.94776577461243E+06	+4.94773601299286E+06	+4.94779293376923E+06 	0.264000	0.086000	0.073502	0.017544
		T	s2 	99	2:01:52 PM	0.0000689811	+7.03096122661996E-11	+1.56029896029827E-14	+6.63153997754627E-02	+2.37369842529297E+01	+4.94776456643489E+06	+0.00000000000000E+00	+4.94776581939697E+06	+4.94773608249664E+06	+4.94779305053711E+06 	0.240000	0.126000	0.069858	0.018787
		T	s2 	100	2:01:57 PM	0.0000622594	+1.31269471027734E-10	+1.55719219612214E-14	+6.64477054596657E-02	+2.37427577972412E+01	+4.94776458865579E+06	+0.00000000000000E+00	+4.94776589828491E+06	+4.94773615451813E+06	+4.94779302295685E+06 	0.240000	0.084000	0.066824	0.017379
		T	s2 	101	2:02:03 PM	0.0000558823	+9.78035554747110E-11	+1.55857233128068E-14	+6.63888643061390E-02	+2.37627391815186E+01	+4.94776462163356E+06	+0.00000000000000E+00	+4.94776588153839E+06	+4.94773613834381E+06	+4.94779310508728E+06 	0.216000	0.104000	0.062645	0.018883
		T	s2 	102	2:02:09 PM	0.0000498500	+7.26856833496844E-11	+1.55950209079033E-14	+6.63492825077823E-02	+2.37555370330811E+01	+4.94776467469595E+06	+0.00000000000000E+00	+4.94776584663391E+06	+4.94773618305207E+06	+4.94779316650391E+06 	0.208000	0.088000	0.060738	0.016620
		T	s2 	103	2:02:14 PM	0.0000441623	+4.57181410602225E-11	+1.55394819114718E-14	+6.65864188796679E-02	+2.37325210571289E+01	+4.94776466561771E+06	+0.00000000000000E+00	+4.94776593154907E+06	+4.94773630294800E+06	+4.94779302845001E+06 	0.216000	0.092000	0.056734	0.016704
		T	s2 	104	2:02:20 PM	0.0000388194	+7.74307187181852E-11	+1.55929766277019E-14	+6.63579770179615E-02	+2.37603359222412E+01	+4.94776482587239E+06	+0.00000000000000E+00	+4.94776602306366E+06	+4.94773633220673E+06	+4.94779331970215E+06 	0.200000	0.108000	0.053266	0.015146
		T	s2 	105	2:02:25 PM	0.0000338211	+8.54027141305597E-11	+1.55698671652232E-14	+6.64564665448863E-02	+2.37408866882324E+01	+4.94776489360272E+06	+0.00000000000000E+00	+4.94776612300873E+06	+4.94773646545410E+06	+4.94779332191467E+06 	0.232000	0.108000	0.049614	0.014888
		T	s2 	106	2:02:31 PM	0.0000291676	+8.79496723335681E-11	+1.55873404856671E-14	+6.63819668038512E-02	+2.37622432708740E+01	+4.94776498372461E+06	+0.00000000000000E+00	+4.94776628246308E+06	+4.94773649806977E+06	+4.94779346954346E+06 	0.184000	0.136000	0.045739	0.016272
		T	s2 	107	2:02:36 PM	0.0000248588	+9.26921165189541E-11	+1.55916740441633E-14	+6.63635138494898E-02	+2.37431354522705E+01	+4.94776508489047E+06	+0.00000000000000E+00	+4.94776637557984E+06	+4.94773661422730E+06	+4.94779355571747E+06 	0.176000	0.108000	0.043097	0.014222
		T	s2 	108	2:02:42 PM	0.0000208947	+9.29379720662632E-11	+1.55425909836652E-14	+6.65730860077473E-02	+2.38060836791992E+01	+4.94776515668315E+06	+0.00000000000000E+00	+4.94776654373169E+06	+4.94773670040131E+06	+4.94779361312866E+06 	0.176000	0.146000	0.040248	0.016802
		T	s2 	109	2:02:47 PM	0.0000172753	+7.11481455824618E-11	+1.56118301292402E-14	+6.62778276895874E-02	+2.37811374664307E+01	+4.94776529801713E+06	+0.00000000000000E+00	+4.94776657184601E+06	+4.94773674491883E+06	+4.94779385128021E+06 	0.168000	0.102000	0.037604	0.013669
		T	s2 	110	2:02:53 PM	0.0000140006	+3.98231188286331E-11	+1.56126078083869E-14	+6.62745235296066E-02	+2.37897052764893E+01	+4.94776540242533E+06	+0.00000000000000E+00	+4.94776665664673E+06	+4.94773683761597E+06	+4.94779396739960E+06 	0.160000	0.122000	0.033736	0.014647
		T	s2 	111	2:02:59 PM	0.0000110706	+5.47193547836715E-11	+1.55977530665439E-14	+6.63376391733836E-02	+2.37803859710693E+01	+4.94776547107103E+06	+0.00000000000000E+00	+4.94776679836273E+06	+4.94773694461823E+06	+4.94779399768830E+06 	0.120000	0.088000	0.030655	0.015181
		T	s2 	112	2:03:04 PM	0.0000084853	+8.31729150964434E-11	+1.55869005026369E-14	+6.63838256530451E-02	+2.37857093811035E+01	+4.94776554137597E+06	+0.00000000000000E+00	+4.94776690299988E+06	+4.94773702838898E+06	+4.94779405452728E+06 	0.144000	0.096000	0.032240	0.011716
		T	s2 	113	2:03:10 PM	0.0000062447	+3.15264868935832E-11	+1.56152820313686E-14	+6.62631676962641E-02	+2.38885936737061E+01	+4.94776562163619E+06	+0.00000000000000E+00	+4.94776693572998E+06	+4.94773693317413E+06	+4.94779431026459E+06 	0.160000	0.062000	0.024945	0.014428
		T	s2 	114	2:03:16 PM	0.0000043488	+9.31529314578298E-11	+1.56342769198925E-14	+6.61826580834981E-02	+2.38472118377686E+01	+4.94776573663033E+06	+0.00000000000000E+00	+4.94776704483032E+06	+4.94773706302643E+06	+4.94779441040039E+06 	0.120000	0.094000	0.023163	0.015433
		T	s2 	115	2:03:21 PM	0.0000027976	+3.85272137497351E-11	+1.56133044017437E-14	+6.62715603723147E-02	+2.38700008392334E+01	+4.94776563741011E+06	+0.00000000000000E+00	+4.94776713245392E+06	+4.94773697490692E+06	+4.94779430007935E+06 	0.136000	0.120000	0.018207	0.013183
		T	s2 	116	2:03:27 PM	0.0000015912	+3.47139156040909E-11	+1.56232876662002E-14	+6.62292120629141E-02	+2.38057918548584E+01	+4.94776566922503E+06	+0.00000000000000E+00	+4.94776697059632E+06	+4.94773706554413E+06	+4.94779427307129E+06 	0.152000	0.102000	0.022174	0.012543
		T	s2 	117	2:03:33 PM	0.0000007294	+1.49252559310758E-10	+1.56174058894733E-14	+6.62541534745494E-02	+2.37616539001465E+01	+4.94776572968835E+06	+0.00000000000000E+00	+4.94776706176758E+06	+4.94773718978882E+06	+4.94779426975250E+06 	0.136000	0.070000	0.019796	0.015296
		T	s2 	118	2:03:38 PM	0.0000002124	+1.73326756316414E-10	+1.55544790982228E-14	+6.65221983879121E-02	+2.37061080932617E+01	+4.94776540042380E+06	+0.00000000000000E+00	+4.94776710201264E+06	+4.94773704196930E+06	+4.94779375904083E+06 	0.128000	0.116000	0.014273	0.016067
		T	s2 	119	2:03:43 PM	0.0000000400	+1.01790310231841E-10	+1.57489997287571E-14	+6.57005493861315E-02	+2.32958106994629E+01	+4.94776590234340E+06	+0.00000000000000E+00	+4.94776734016419E+06	+4.94773768619538E+06	+4.94779411865235E+06 	0.104000	0.080000	0.015560	0.015618
		B	s3	120	2:07:04 PM	0.0000000400	+3.35069582581159E-11	+1.54046465786087E-14	+6.71692944798926E-02	+2.27882080078125E+01	+4.94776277523305E+06	+0.00000000000000E+00	+4.94776396423340E+06	+4.94773577743531E+06	+4.94778977317810E+06 	0	0	0	0
		B	s3	121	2:07:06 PM	0.0000002124	-2.20553730028212E-11	+1.56432823533361E-14	+6.61446298878078E-02	+2.37008285522461E+01	+4.94776306430230E+06	+0.00000000000000E+00	+4.94776412708283E+06	+4.94773455032349E+06	+4.94779157844544E+06 	0	0	0	0
		B	s3	122	2:07:08 PM	0.0000007294	+9.65651143116372E-11	+1.55482256154479E-14	+6.65490200122925E-02	+2.37261619567871E+01	+4.94776293006392E+06	+0.00000000000000E+00	+4.94776429141998E+06	+4.94773455905914E+06	+4.94779130123139E+06 	0	0	0	0
		B	s3	123	2:07:10 PM	0.0000015912	+8.85990079195456E-11	+1.56269671805497E-14	+6.62136896401957E-02	+2.38216056823730E+01	+4.94776298440280E+06	+0.00000000000000E+00	+4.94776433101654E+06	+4.94773435501099E+06	+4.94779161396027E+06 	0	0	0	0
		B	s3	124	2:07:12 PM	0.0000027976	+1.16290399090849E-10	+1.56729573291576E-14	+6.60193952383857E-02	+2.38785800933838E+01	+4.94776296155187E+06	+0.00000000000000E+00	+4.94776435039520E+06	+4.94773417922974E+06	+4.94779174404144E+06 	0	0	0	0
		B	s3	125	2:07:14 PM	0.0000043488	+6.01503704992346E-11	+1.56182688708908E-14	+6.62505640876198E-02	+2.38474006652832E+01	+4.94776306124979E+06	+0.00000000000000E+00	+4.94776439064026E+06	+4.94773441680908E+06	+4.94779170585633E+06 	0	0	0	0
		B	s3	126	2:07:16 PM	0.0000062447	+9.02256668666589E-11	+1.56135258717104E-14	+6.62706875557259E-02	+2.38471469879150E+01	+4.94776312838851E+06	+0.00000000000000E+00	+4.94776440746308E+06	+4.94773449295044E+06	+4.94779176399231E+06 	0	0	0	0
		B	s3	127	2:07:17 PM	0.0000084853	+1.22958072682947E-10	+1.56110844660688E-14	+6.62810518061259E-02	+2.38270149230957E+01	+4.94776311988190E+06	+0.00000000000000E+00	+4.94776443470001E+06	+4.94773451309204E+06	+4.94779172683716E+06 	0	0	0	0
		B	s3	128	2:07:20 PM	0.0000110706	+9.55352778868564E-11	+1.56235642623187E-14	+6.62281078600268E-02	+2.38247451782227E+01	+4.94776311778370E+06	+0.00000000000000E+00	+4.94776444953919E+06	+4.94773449085236E+06	+4.94779174488068E+06 	0	0	0	0
		B	s3	129	2:07:22 PM	0.0000140006	+3.00067314864717E-11	+1.55996671782427E-14	+6.63295641889133E-02	+2.37913703918457E+01	+4.94776305489890E+06	+0.00000000000000E+00	+4.94776442436218E+06	+4.94773451179505E+06	+4.94779159816742E+06 	0	0	0	0
		B	s3	130	2:07:24 PM	0.0000172753	+1.49077536489796E-10	+1.56121516499516E-14	+6.62765232129860E-02	+2.37826709747314E+01	+4.94776304101333E+06	+0.00000000000000E+00	+4.94776445915222E+06	+4.94773448551178E+06	+4.94779159667969E+06 	0	0	0	0
		B	s3	131	2:07:26 PM	0.0000208947	+1.18058639851026E-10	+1.56257084946651E-14	+6.62190218280440E-02	+2.37760677337646E+01	+4.94776303944921E+06	+0.00000000000000E+00	+4.94776442699433E+06	+4.94773446708679E+06	+4.94779161197663E+06 	0	0	0	0
		B	s3	132	2:07:28 PM	0.0000248588	+1.17897294741276E-10	+1.55955759858039E-14	+6.63469655920604E-02	+2.37114372253418E+01	+4.94776301211767E+06	+0.00000000000000E+00	+4.94776445018769E+06	+4.94773457237244E+06	+4.94779145202637E+06 	0	0	0	0
		B	s3	133	2:07:30 PM	0.0000291676	+1.19874372929782E-10	+1.56096415359470E-14	+6.62871805724044E-02	+2.36958065032959E+01	+4.94776305074144E+06	+0.00000000000000E+00	+4.94776433998108E+06	+4.94773460411072E+06	+4.94779149753571E+06 	0	0	0	0
		B	s3	134	2:07:32 PM	0.0000338211	+8.64375295152144E-11	+1.55907613122282E-14	+6.63674539427997E-02	+2.37036952972412E+01	+4.94776303601685E+06	+0.00000000000000E+00	+4.94776424293518E+06	+4.94773461433411E+06	+4.94779145786286E+06 	0	0	0	0
		B	s3	135	2:07:34 PM	0.0000388194	+5.60107996958593E-11	+1.56217075079352E-14	+6.62359824748380E-02	+2.37003498077393E+01	+4.94776300876054E+06	+0.00000000000000E+00	+4.94776429641724E+06	+4.94773453468323E+06	+4.94779148300171E+06 	0	0	0	0
		B	s3	136	2:07:37 PM	0.0000441623	+8.58146008220189E-11	+1.55926252675654E-14	+6.63595217222094E-02	+2.37036933898926E+01	+4.94776298383177E+06	+0.00000000000000E+00	+4.94776427570343E+06	+4.94773455875397E+06	+4.94779140907288E+06 	0	0	0	0
		B	s3	137	2:07:39 PM	0.0000498500	+8.33666439170588E-11	+1.55861352900300E-14	+6.63871542616149E-02	+2.36921939849854E+01	+4.94776295348600E+06	+0.00000000000000E+00	+4.94776424701691E+06	+4.94773455402375E+06	+4.94779135311127E+06 	0	0	0	0
		B	s3	138	2:07:41 PM	0.0000558823	+1.15069771765148E-10	+1.56250046012839E-14	+6.62220068495793E-02	+2.36928730010986E+01	+4.94776296809588E+06	+0.00000000000000E+00	+4.94776430194855E+06	+4.94773449699402E+06	+4.94779143936157E+06 	0	0	0	0
		B	s3	139	2:07:43 PM	0.0000622594	+1.43563038687522E-10	+1.55944302097759E-14	+6.63518420285428E-02	+2.37028427124023E+01	+4.94776294879376E+06	+0.00000000000000E+00	+4.94776432743073E+06	+4.94773452144623E+06	+4.94779137630463E+06 	0	0	0	0
		B	s3	140	2:07:44 PM	0.0000689811	+8.42609696852988E-11	+1.55911701907297E-14	+6.63657157447695E-02	+2.36613826751709E+01	+4.94776295070143E+06	+0.00000000000000E+00	+4.94776427696228E+06	+4.94773457901001E+06	+4.94779132255554E+06 	0	0	0	0
		B	s3	141	2:07:47 PM	0.0000760476	+8.27864651065068E-11	+1.56325920744761E-14	+6.61898669622325E-02	+2.36434574127197E+01	+4.94776290126265E+06	+0.00000000000000E+00	+4.94776420116425E+06	+4.94773447574616E+06	+4.94779132694245E+06 	0	0	0	0
		B	s3	142	2:07:49 PM	0.0000834587	+1.13117154878268E-10	+1.56264722493524E-14	+6.62157891444800E-02	+2.36361160278320E+01	+4.94776289683771E+06	+0.00000000000000E+00	+4.94776425930023E+06	+4.94773449127198E+06	+4.94779130256653E+06 	0	0	0	0
		B	s3	143	2:07:51 PM	0.0000912146	+1.11435773861886E-10	+1.56137691364055E-14	+6.62696596956015E-02	+2.36358718872070E+01	+4.94776295493569E+06	+0.00000000000000E+00	+4.94776419479370E+06	+4.94773457275391E+06	+4.94779133728028E+06 	0	0	0	0
		B	s3	144	2:07:53 PM	0.0000993152	+8.38042015937193E-11	+1.56341381080984E-14	+6.61833202681655E-02	+2.36570930480957E+01	+4.94776294946124E+06	+0.00000000000000E+00	+4.94776422561646E+06	+4.94773450473786E+06	+4.94779139434815E+06 	0	0	0	0
		B	s3	145	2:07:55 PM	0.0001077605	+5.39109982519980E-11	+1.56234530296353E-14	+6.62285828383758E-02	+2.36269359588623E+01	+4.94776298850498E+06	+0.00000000000000E+00	+4.94776429897309E+06	+4.94773459945679E+06	+4.94779137771607E+06 	0	0	0	0
		B	s3	146	2:07:57 PM	0.0001165505	+8.75003853695151E-11	+1.56344823279616E-14	+6.61818638098768E-02	+2.36277656555176E+01	+4.94776292401740E+06	+0.00000000000000E+00	+4.94776428161621E+06	+4.94773451393128E+06	+4.94779133426666E+06 	0	0	0	0
		B	s3	147	2:08:00 PM	0.0001256852	+5.30607670653237E-11	+1.56115805752824E-14	+6.62789496350046E-02	+2.35971508026123E+01	+4.94776296584601E+06	+0.00000000000000E+00	+4.94776423454285E+06	+4.94773463413239E+06	+4.94779129772186E+06 	0	0	0	0
		B	s3	148	2:08:02 PM	0.0001351646	+8.30552175334157E-11	+1.56144905161506E-14	+6.62665996705548E-02	+2.35859241485596E+01	+4.94776289550304E+06	+0.00000000000000E+00	+4.94776422275543E+06	+4.94773457199097E+06	+4.94779121917725E+06 	0	0	0	0
		B	s3	149	2:08:04 PM	0.0001449887	+1.10466090598105E-10	+1.56053361980152E-14	+6.63054729007976E-02	+2.35814838409424E+01	+4.94776288524163E+06	+0.00000000000000E+00	+4.94776424289704E+06	+4.94773458366394E+06	+4.94779118698120E+06 	0	0	0	0
		B	s3	150	2:08:06 PM	0.0001551575	+1.14821751438035E-10	+1.56166262650690E-14	+6.62575363317653E-02	+2.36042327880859E+01	+4.94776291930660E+06	+0.00000000000000E+00	+4.94776426002503E+06	+4.94773456993103E+06	+4.94779126884461E+06 	0	0	0	0
		B	s3	151	2:08:08 PM	0.0001656710	+5.12336543296710E-11	+1.56183585912111E-14	+6.62501883940666E-02	+2.35726356506348E+01	+4.94776287881379E+06	+0.00000000000000E+00	+4.94776422348023E+06	+4.94773456424713E+06	+4.94779119354248E+06 	0	0	0	0
		B	s3	152	2:08:10 PM	0.0001765292	+5.14045940018138E-11	+1.56097321545248E-14	+6.62868000759674E-02	+2.35560951232910E+01	+4.94776288959051E+06	+0.00000000000000E+00	+4.94776423923493E+06	+4.94773461051941E+06	+4.94779116882324E+06 	0	0	0	0
		B	s3	153	2:08:12 PM	0.0001877322	+8.24990417841375E-11	+1.56277935822539E-14	+6.62101909014295E-02	+2.35509929656982E+01	+4.94776288508902E+06	+0.00000000000000E+00	+4.94776417778015E+06	+4.94773457942963E+06	+4.94779119091034E+06 	0	0	0	0
		B	s3	154	2:08:14 PM	0.0001992798	+7.99933555277096E-11	+1.56250933679266E-14	+6.62216330016301E-02	+2.35493965148926E+01	+4.94776287988199E+06	+0.00000000000000E+00	+4.94776418552399E+06	+4.94773458103180E+06	+4.94779117889405E+06 	0	0	0	0
		B	s3	155	2:08:16 PM	0.0002111721	+8.03367481758027E-11	+1.56063595159182E-14	+6.63011256966533E-02	+2.35398597717285E+01	+4.94776286719839E+06	+0.00000000000000E+00	+4.94776417343140E+06	+4.94773461372376E+06	+4.94779112083435E+06 	0	0	0	0
		B	s3	156	2:08:18 PM	0.0002234092	+1.09006176039917E-10	+1.55938907115791E-14	+6.63541409595696E-02	+2.35355739593506E+01	+4.94776282308157E+06	+0.00000000000000E+00	+4.94776420906067E+06	+4.94773459732056E+06	+4.94779104900360E+06 	0	0	0	0
		B	s3	157	2:08:20 PM	0.0002359909	+7.85421133276755E-11	+1.56075838641696E-14	+6.62959258645380E-02	+2.36629257202148E+01	+4.94776282212688E+06	+0.00000000000000E+00	+4.94776416263580E+06	+4.94773441871643E+06	+4.94779122570038E+06 	0	0	0	0
		B	s3	158	2:08:22 PM	0.0002489174	+7.68639844323799E-11	+1.56425227586313E-14	+6.61478490184132E-02	+2.36510887145996E+01	+4.94776279601499E+06	+0.00000000000000E+00	+4.94776413711548E+06	+4.94773434326172E+06	+4.94779124893189E+06 	0	0	0	0
		B	s3	159	2:08:24 PM	0.0002621886	+1.08136004138374E-10	+1.56299905726387E-14	+6.62008862401351E-02	+2.37181301116943E+01	+4.94776281005275E+06	+0.00000000000000E+00	+4.94776416034699E+06	+4.94773429950714E+06	+4.94779132076264E+06 	0	0	0	0
		B	s3	160	2:08:27 PM	0.0002758044	+7.84759510202269E-11	+1.56268607071383E-14	+6.62141446538851E-02	+2.36924247741699E+01	+4.94776283990296E+06	+0.00000000000000E+00	+4.94776416114807E+06	+4.94773436595917E+06	+4.94779131401062E+06 	0	0	0	0
		B	s3	161	2:08:29 PM	0.0002897650	+7.91610732999559E-11	+1.56549079474482E-14	+6.60955158738860E-02	+2.36964740753174E+01	+4.94776283656478E+06	+0.00000000000000E+00	+4.94776420036316E+06	+4.94773430664063E+06	+4.94779136665344E+06 	0	0	0	0
		B	s3	162	2:08:31 PM	0.0003040703	+8.10239981427447E-11	+1.56394706223342E-14	+6.61607574610965E-02	+2.37236385345459E+01	+4.94776282241223E+06	+0.00000000000000E+00	+4.94776420852661E+06	+4.94773428794861E+06	+4.94779135704041E+06 	0	0	0	0
		B	s3	163	2:08:33 PM	0.0003187203	+8.04356617001390E-11	+1.56276471712328E-14	+6.62108117242113E-02	+2.37047214508057E+01	+4.94776286572837E+06	+0.00000000000000E+00	+4.94776418430329E+06	+4.94773437557221E+06	+4.94779135604859E+06 	0	0	0	0
		B	s3	164	2:08:36 PM	0.0003337150	+7.97780860905217E-11	+1.56358777772785E-14	+6.61759593968636E-02	+2.37262821197510E+01	+4.94776284570097E+06	+0.00000000000000E+00	+4.94776419673920E+06	+4.94773431461334E+06	+4.94779137695313E+06 	0	0	0	0
		B	s3	165	2:08:38 PM	0.0003490544	+1.13246828971034E-10	+1.56410478475843E-14	+6.61540854361458E-02	+2.37154903411865E+01	+4.94776283925416E+06	+0.00000000000000E+00	+4.94776419071198E+06	+4.94773431171417E+06	+4.94779136695862E+06 	0	0	0	0
		B	s3	166	2:08:40 PM	0.0003647385	+7.99725427010331E-11	+1.56706271352440E-14	+6.60292150849362E-02	+2.37143268585205E+01	+4.94776285357804E+06	+0.00000000000000E+00	+4.94776420707703E+06	+4.94773427349091E+06	+4.94779143383026E+06 	0	0	0	0
		B	s3	167	2:08:42 PM	0.0003807673	+5.34726933842642E-11	+1.56521095117437E-14	+6.61073331767775E-02	+2.37477226257324E+01	+4.94776283257809E+06	+0.00000000000000E+00	+4.94776422851563E+06	+4.94773424606323E+06	+4.94779141925812E+06 	0	0	0	0
		B	s3	168	2:08:44 PM	0.0003971408	+7.95811049074224E-11	+1.56455728888823E-14	+6.61349512399595E-02	+2.37355785369873E+01	+4.94776287629468E+06	+0.00000000000000E+00	+4.94776417598725E+06	+4.94773431632996E+06	+4.94779143642426E+06 	0	0	0	0
		B	s3	169	2:08:46 PM	0.0004138590	+8.14455281806527E-11	+1.56639822391187E-14	+6.60572263300775E-02	+2.37236270904541E+01	+4.94776282878251E+06	+0.00000000000000E+00	+4.94776424945831E+06	+4.94773424961090E+06	+4.94779140811921E+06 	0	0	0	0
		B	s3	170	2:08:48 PM	0.0004309219	+5.27082574421479E-11	+1.56598614891594E-14	+6.60746081584011E-02	+2.37360935211182E+01	+4.94776284859982E+06	+0.00000000000000E+00	+4.94776422809601E+06	+4.94773426193237E+06	+4.94779143543244E+06 	0	0	0	0
		B	s3	171	2:08:51 PM	0.0004483296	+8.00492419531759E-11	+1.56672742735534E-14	+6.60433448440474E-02	+2.37193698883057E+01	+4.94776288230271E+06	+0.00000000000000E+00	+4.94776424156189E+06	+4.94773430225373E+06	+4.94779146251679E+06 	0	0	0	0
		B	s3	172	2:08:53 PM	0.0004660819	+8.18896903727833E-11	+1.56664120141038E-14	+6.60469793684362E-02	+2.37299518585205E+01	+4.94776289794291E+06	+0.00000000000000E+00	+4.94776426792145E+06	+4.94773430671692E+06	+4.94779148933411E+06 	0	0	0	0
		B	s3	173	2:08:55 PM	0.0004841789	+8.17384178486577E-11	+1.56619488194280E-14	+6.60658006485522E-02	+2.37139434814453E+01	+4.94776290416102E+06	+0.00000000000000E+00	+4.94776425601959E+06	+4.94773434036255E+06	+4.94779146812439E+06 	0	0	0	0
		B	s3	174	2:08:57 PM	0.0005026207	+8.47498015842716E-11	+1.56717827257933E-14	+6.60243457880441E-02	+2.37328815460205E+01	+4.94776287228899E+06	+0.00000000000000E+00	+4.94776425262451E+06	+4.94773426773071E+06	+4.94779147701264E+06 	0	0	0	0
		B	s3	175	2:08:59 PM	0.0005214071	+1.13169678921281E-10	+1.56801192363008E-14	+6.59892429640563E-02	+2.37407302856445E+01	+4.94776288140597E+06	+0.00000000000000E+00	+4.94776431015015E+06	+4.94773425216675E+06	+4.94779151081085E+06 	0	0	0	0
		B	s3	176	2:09:01 PM	0.0005405383	+8.67970871567882E-11	+1.56832106362840E-14	+6.59762357984062E-02	+2.37404785156250E+01	+4.94776286938965E+06	+0.00000000000000E+00	+4.94776426582337E+06	+4.94773423480988E+06	+4.94779150413513E+06 	0	0	0	0
		B	s3	177	2:09:03 PM	0.0005600142	+8.43083116180346E-11	+1.56795792370205E-14	+6.59915152652645E-02	+2.37221717834473E+01	+4.94776289435701E+06	+0.00000000000000E+00	+4.94776432785034E+06	+4.94773428848267E+06	+4.94779150039673E+06 	0	0	0	0
		B	s3	178	2:09:05 PM	0.0005798347	+8.38709037107307E-11	+1.56927186956085E-14	+6.59362606692327E-02	+2.37256832122803E+01	+4.94776289925873E+06	+0.00000000000000E+00	+4.94776429809570E+06	+4.94773426517487E+06	+4.94779153350830E+06 	0	0	0	0
		B	s3	179	2:09:07 PM	0.0006000000	+8.28239876895227E-11	+1.57118823496636E-14	+6.58558391955692E-02	+2.37236423492432E+01	+4.94776288262646E+06	+0.00000000000000E+00	+4.94776426780701E+06	+4.94773421604157E+06	+4.94779154937744E+06 	0	0	0	0

