	10/06/22	Test 005 N (today) Location 07 Ramp 02	Tip H10	Box 5b Xtal 1		DLC	100 uN	2.6%		Points/Segment: 59	
		Seg 	ID Tag	Number	Time	Power	C0	C1	L1	R1	fs	fa	fr	f1	f2	Ch1 (Pk-Pk)	Ch2 (Pk-Pk)	Ch1 (RMS)	Ch2 (RMS)	
						uW	F	F	H	Ohms	Hz	Hz	Hz	Hz	Hz	V	V	V	V	
		B	s1	0	2:26:31 PM	0.0000000400	+1.89059683945609E-10	+1.60014432997582E-14	+6.46641053051234E-02	+2.37509059906006E+01	+4.94776331994007E+06	+0.00000000000000E+00	+4.94776451511383E+06	+4.94773409149170E+06	+4.94779254856110E+06 	0	0	0	0
		B	s1	1	2:26:33 PM	0.0000002124	+3.66006781477371E-11	+1.58902614844900E-14	+6.51165553411679E-02	+2.46395416259766E+01	+4.94776313639061E+06	+0.00000000000000E+00	+4.94776466579437E+06	+4.94773302505493E+06	+4.94779324790955E+06 	0	0	0	0
		B	s1	2	2:26:35 PM	0.0000007294	+8.86517208705959E-11	+1.58665183561287E-14	+6.52139936517534E-02	+2.47122840881348E+01	+4.94776328937878E+06	+0.00000000000000E+00	+4.94776457992554E+06	+4.94773313426972E+06	+4.94779344467163E+06 	0	0	0	0
		B	s1	3	2:26:38 PM	0.0000015912	+8.43790567217521E-11	+1.58773638213215E-14	+6.51694455559193E-02	+2.48075084686279E+01	+4.94776336164738E+06	+0.00000000000000E+00	+4.94776452056885E+06	+4.94773306964874E+06	+4.94779365383148E+06 	0	0	0	0
		B	s1	4	2:26:40 PM	0.0000027976	+1.11719714446318E-10	+1.58311786947084E-14	+6.53595693078502E-02	+2.48551921844482E+01	+4.94776330427452E+06	+0.00000000000000E+00	+4.94776467422486E+06	+4.94773304233551E+06	+4.94779356639862E+06 	0	0	0	0
		B	s1	5	2:26:41 PM	0.0000043488	+1.48700098690946E-10	+1.58513114682639E-14	+6.52765513879107E-02	+2.48245449066162E+01	+4.94776347999854E+06	+0.00000000000000E+00	+4.94776469024658E+06	+4.94773321693421E+06	+4.94779374324799E+06 	0	0	0	0
		B	s1	6	2:26:44 PM	0.0000062447	+9.64483141885220E-11	+1.58152157477728E-14	+6.54255367578393E-02	+2.48294391632080E+01	+4.94776340441070E+06	+0.00000000000000E+00	+4.94776475105286E+06	+4.94773320430756E+06	+4.94779360469818E+06 	0	0	0	0
		B	s1	7	2:26:46 PM	0.0000084853	+6.69265506018930E-11	+1.58054201708665E-14	+6.54660846116699E-02	+2.47871150970459E+01	+4.94776341638928E+06	+0.00000000000000E+00	+4.94776478622437E+06	+4.94773328643799E+06	+4.94779354652405E+06 	0	0	0	0
		B	s1	8	2:26:48 PM	0.0000110706	+9.48771419459547E-11	+1.58441616246208E-14	+6.53060096632021E-02	+2.47537269592285E+01	+4.94776342132911E+06	+0.00000000000000E+00	+4.94776470710755E+06	+4.94773325820923E+06	+4.94779358463287E+06 	0	0	0	0
		B	s1	9	2:26:51 PM	0.0000140006	+9.41191932417479E-11	+1.58071102227497E-14	+6.54590865489225E-02	+2.47533531188965E+01	+4.94776336395650E+06	+0.00000000000000E+00	+4.94776472980499E+06	+4.94773327182770E+06	+4.94779345626831E+06 	0	0	0	0
		B	s1	10	2:26:53 PM	0.0000172753	+6.17847614783649E-11	+1.57884392230909E-14	+6.55364974680231E-02	+2.46792354583740E+01	+4.94776333763585E+06	+0.00000000000000E+00	+4.94776465393067E+06	+4.94773337104798E+06	+4.94779330440521E+06 	0	0	0	0
		B	s1	11	2:26:55 PM	0.0000208947	+9.12789530853357E-11	+1.58238195435430E-14	+6.53899654742085E-02	+2.47357254028320E+01	+4.94776332220457E+06	+0.00000000000000E+00	+4.94776461734772E+06	+4.94773321971893E+06	+4.94779342487335E+06 	0	0	0	0
		B	s1	12	2:26:57 PM	0.0000248588	+1.22425616993341E-10	+1.57892925766820E-14	+6.55329543244160E-02	+2.47187557220459E+01	+4.94776338049367E+06	+0.00000000000000E+00	+4.94776460876465E+06	+4.94773336429596E+06	+4.94779339687348E+06 	0	0	0	0
		B	s1	13	2:27:00 PM	0.0000291676	+6.56365196359584E-11	+1.58101518679231E-14	+6.54464938823750E-02	+2.47284183502197E+01	+4.94776333683415E+06	+0.00000000000000E+00	+4.94776467090607E+06	+4.94773326923371E+06	+4.94779340461731E+06 	0	0	0	0
		B	s1	14	2:27:02 PM	0.0000338211	+3.37641359141807E-11	+1.58141899497422E-14	+6.54297839318063E-02	+2.47017173767090E+01	+4.94776327953755E+06	+0.00000000000000E+00	+4.94776462985993E+06	+4.94773323673248E+06	+4.94779332252503E+06 	0	0	0	0
		B	s1	15	2:27:04 PM	0.0000388194	+1.15364062355797E-10	+1.58110924311969E-14	+6.54426009274722E-02	+2.47027759552002E+01	+4.94776332560004E+06	+0.00000000000000E+00	+4.94776466033936E+06	+4.94773328739166E+06	+4.94779336399079E+06 	0	0	0	0
		B	s1	16	2:27:06 PM	0.0000441623	+1.14868425166139E-10	+1.58305873879734E-14	+6.53620115016454E-02	+2.46948680877686E+01	+4.94776327125951E+06	+0.00000000000000E+00	+4.94776460208893E+06	+4.94773320564270E+06	+4.94779333705902E+06 	0	0	0	0
		B	s1	17	2:27:09 PM	0.0000498500	+8.89838200329411E-11	+1.57998135065330E-14	+6.54893203205554E-02	+2.46679840087891E+01	+4.94776324064712E+06	+0.00000000000000E+00	+4.94776459648132E+06	+4.94773326614380E+06	+4.94779321533203E+06 	0	0	0	0
		B	s1	18	2:27:11 PM	0.0000558823	+1.15175868488395E-10	+1.58082074058625E-14	+6.54545461922034E-02	+2.46911258697510E+01	+4.94776325468494E+06	+0.00000000000000E+00	+4.94776455745697E+06	+4.94773323612213E+06	+4.94779327342987E+06 	0	0	0	0
		B	s1	19	2:27:13 PM	0.0000622594	+1.14451764917034E-10	+1.57761048453082E-14	+6.55877401778228E-02	+2.46817741394043E+01	+4.94776319790361E+06	+0.00000000000000E+00	+4.94776450820923E+06	+4.94773325164795E+06	+4.94779314434052E+06 	0	0	0	0
		B	s1	20	2:27:15 PM	0.0000689811	+8.63384849432118E-11	+1.57820313068100E-14	+6.55631092874618E-02	+2.46450519561768E+01	+4.94776325113791E+06	+0.00000000000000E+00	+4.94776454753876E+06	+4.94773333820343E+06	+4.94779316425324E+06 	0	0	0	0
		B	s1	21	2:27:17 PM	0.0000760476	+8.64471425845116E-11	+1.57932984223998E-14	+6.55163363508633E-02	+2.46057682037354E+01	+4.94776323156867E+06	+0.00000000000000E+00	+4.94776449981690E+06	+4.94773334499359E+06	+4.94779311832428E+06 	0	0	0	0
		B	s1	22	2:27:19 PM	0.0000834587	+9.09311284749576E-11	+1.58388476461391E-14	+6.53279248889210E-02	+2.46723442077637E+01	+4.94776323677472E+06	+0.00000000000000E+00	+4.94776456375122E+06	+4.94773318290711E+06	+4.94779329082489E+06 	0	0	0	0
		B	s1	23	2:27:21 PM	0.0000912146	+9.18287344987537E-11	+1.58378016764182E-14	+6.53322392645469E-02	+2.46406040191650E+01	+4.94776323870139E+06	+0.00000000000000E+00	+4.94776457015991E+06	+4.94773322547913E+06	+4.94779325210572E+06 	0	0	0	0
		B	s1	24	2:27:24 PM	0.0000993152	+1.16873970597979E-10	+1.58038895658092E-14	+6.54724276235488E-02	+2.46495532989502E+01	+4.94776331707467E+06	+0.00000000000000E+00	+4.94776458084107E+06	+4.94773335723877E+06	+4.94779327709198E+06 	0	0	0	0
		B	s1	25	2:27:26 PM	0.0001077605	+6.24907724320601E-11	+1.58476721957437E-14	+6.52915466680115E-02	+2.46309528350830E+01	+4.94776328604174E+06	+0.00000000000000E+00	+4.94776457370758E+06	+4.94773326587677E+06	+4.94779330638886E+06 	0	0	0	0
		B	s1	26	2:27:28 PM	0.0001165505	+6.35862469035454E-11	+1.58166384707964E-14	+6.54196552965254E-02	+2.46289482116699E+01	+4.94776326700677E+06	+0.00000000000000E+00	+4.94776462753296E+06	+4.94773330806732E+06	+4.94779322612763E+06 	0	0	0	0
		B	s1	27	2:27:30 PM	0.0001256852	+8.89999288761931E-11	+1.58235503388091E-14	+6.53910786096396E-02	+2.46179389953613E+01	+4.94776329718103E+06	+0.00000000000000E+00	+4.94776452960968E+06	+4.94773333854675E+06	+4.94779325599671E+06 	0	0	0	0
		B	s1	28	2:27:32 PM	0.0001351646	+8.84070106854185E-11	+1.58074969589633E-14	+6.54574883895781E-02	+2.46078281402588E+01	+4.94776323843495E+06	+0.00000000000000E+00	+4.94776460960388E+06	+4.94773332248688E+06	+4.94779315456391E+06 	0	0	0	0
		B	s1	29	2:27:34 PM	0.0001449887	+1.17611639535640E-10	+1.58317684789069E-14	+6.53571348087726E-02	+2.45931606292725E+01	+4.94776329084872E+06	+0.00000000000000E+00	+4.94776454963684E+06	+4.94773334682465E+06	+4.94779323505402E+06 	0	0	0	0
		B	s1	30	2:27:35 PM	0.0001551575	+6.27692577415291E-11	+1.58090374167486E-14	+6.54511097402853E-02	+2.45940723419189E+01	+4.94776325232053E+06	+0.00000000000000E+00	+4.94776448955536E+06	+4.94773335018158E+06	+4.94779315464020E+06 	0	0	0	0
		B	s1	31	2:27:38 PM	0.0001656710	+8.68671750600240E-11	+1.58081815485093E-14	+6.54546542631201E-02	+2.46955280303955E+01	+4.94776321661423E+06	+0.00000000000000E+00	+4.94776446262360E+06	+4.94773319274902E+06	+4.94779324066162E+06 	0	0	0	0
		B	s1	32	2:27:40 PM	0.0001765292	+8.72675328182751E-11	+1.57848888429940E-14	+6.55512419142132E-02	+2.47238311767578E+01	+4.94776319426016E+06	+0.00000000000000E+00	+4.94776449348450E+06	+4.94773318027497E+06	+4.94779320842743E+06 	0	0	0	0
		B	s1	33	2:27:42 PM	0.0001877322	+8.56400021029304E-11	+1.58314883568785E-14	+6.53582931282661E-02	+2.47226791381836E+01	+4.94776321924590E+06	+0.00000000000000E+00	+4.94776447837830E+06	+4.94773311805725E+06	+4.94779332061768E+06 	0	0	0	0
		B	s1	34	2:27:44 PM	0.0001992798	+8.37143385323061E-11	+1.58025973462168E-14	+6.54777844183551E-02	+2.46915740966797E+01	+4.94776320585688E+06	+0.00000000000000E+00	+4.94776448280335E+06	+4.94773319740296E+06	+4.94779321449280E+06 	0	0	0	0
		B	s1	35	2:27:46 PM	0.0002111721	+1.11426871000979E-10	+1.58195434992880E-14	+6.54076438838718E-02	+2.47052421569824E+01	+4.94776319313456E+06	+0.00000000000000E+00	+4.94776447067261E+06	+4.94773313587189E+06	+4.94779325057984E+06 	0	0	0	0
		B	s1	36	2:27:48 PM	0.0002234092	+8.54493134927738E-11	+1.58306387984462E-14	+6.53618019986361E-02	+2.47211551666260E+01	+4.94776316671754E+06	+0.00000000000000E+00	+4.94776444652558E+06	+4.94773306900025E+06	+4.94779326461792E+06 	0	0	0	0
		B	s1	37	2:27:50 PM	0.0002359909	+1.13755229209573E-10	+1.58222666445734E-14	+6.53963870448093E-02	+2.47439384460449E+01	+4.94776317924875E+06	+0.00000000000000E+00	+4.94776450149536E+06	+4.94773306972504E+06	+4.94779328895569E+06 	0	0	0	0
		B	s1	38	2:27:52 PM	0.0002489174	+1.12200489263111E-10	+1.58536822522738E-14	+6.52667979240817E-02	+2.47148513793945E+01	+4.94776317327860E+06	+0.00000000000000E+00	+4.94776447998047E+06	+4.94773303943634E+06	+4.94779330730438E+06 	0	0	0	0
		B	s1	39	2:27:54 PM	0.0002621886	+1.13333526443023E-10	+1.58445191485426E-14	+6.53045419983136E-02	+2.47406330108643E+01	+4.94776319654817E+06	+0.00000000000000E+00	+4.94776451705933E+06	+4.94773304870606E+06	+4.94779334457398E+06 	0	0	0	0
		B	s1	40	2:27:56 PM	0.0002758044	+8.47303538767187E-11	+1.58558943931399E-14	+6.52576923952630E-02	+2.47400894165039E+01	+4.94776316599231E+06	+0.00000000000000E+00	+4.94776449806214E+06	+4.94773299716950E+06	+4.94779333499909E+06 	0	0	0	0
		B	s1	41	2:27:58 PM	0.0002897650	+8.82897634007045E-11	+1.58428874967959E-14	+6.53112672320929E-02	+2.47694797515869E+01	+4.94776321363782E+06	+0.00000000000000E+00	+4.94776455852509E+06	+4.94773303375244E+06	+4.94779339370728E+06 	0	0	0	0
		B	s1	42	2:28:00 PM	0.0003040703	+8.67717371705934E-11	+1.58591248876924E-14	+6.52443988395055E-02	+2.47583503723145E+01	+4.94776318880403E+06	+0.00000000000000E+00	+4.94776450279236E+06	+4.94773299156189E+06	+4.94779338623047E+06 	0	0	0	0
		B	s1	43	2:28:02 PM	0.0003187203	+8.77244056927341E-11	+1.58709705305053E-14	+6.51957020231553E-02	+2.47576541900635E+01	+4.94776319811176E+06	+0.00000000000000E+00	+4.94776454952240E+06	+4.94773297916413E+06	+4.94779341724396E+06 	0	0	0	0
		B	s1	44	2:28:04 PM	0.0003337150	+8.82091839813111E-11	+1.58522696720392E-14	+6.52726124826690E-02	+2.47627830505371E+01	+4.94776322262137E+06	+0.00000000000000E+00	+4.94776452301026E+06	+4.94773303302765E+06	+4.94779341239929E+06 	0	0	0	0
		B	s1	45	2:28:06 PM	0.0003490544	+6.02725218802774E-11	+1.58647168094437E-14	+6.52214009251660E-02	+2.47640209197998E+01	+4.94776322185828E+06	+0.00000000000000E+00	+4.94776453132630E+06	+4.94773300704956E+06	+4.94779343685150E+06 	0	0	0	0
		B	s1	46	2:28:09 PM	0.0003647385	+1.12732009777541E-10	+1.58512631309387E-14	+6.52767585072552E-02	+2.47651538848877E+01	+4.94776317442266E+06	+0.00000000000000E+00	+4.94776457756043E+06	+4.94773298385620E+06	+4.94779336517334E+06 	0	0	0	0
		B	s1	47	2:28:11 PM	0.0003807673	+6.25295574372047E-11	+1.58736607607417E-14	+6.51846520795452E-02	+2.47592544555664E+01	+4.94776322586364E+06	+0.00000000000000E+00	+4.94776455013275E+06	+4.94773299983978E+06	+4.94779345207215E+06 	0	0	0	0
		B	s1	48	2:28:12 PM	0.0003971408	+8.77433388854874E-11	+1.58709714453539E-14	+6.51956979685183E-02	+2.47477455139160E+01	+4.94776320936519E+06	+0.00000000000000E+00	+4.94776459125519E+06	+4.94773300251007E+06	+4.94779341640473E+06 	0	0	0	0
		B	s1	49	2:28:15 PM	0.0004138590	+1.16246774122836E-10	+1.58677806795014E-14	+6.52088073211801E-02	+2.47503929138184E+01	+4.94776322819074E+06	+0.00000000000000E+00	+4.94776457824707E+06	+4.94773302417755E+06	+4.94779343238831E+06 	0	0	0	0
		B	s1	50	2:28:17 PM	0.0004309219	+1.16051276215418E-10	+1.58680114506189E-14	+6.52078588127994E-02	+2.47855739593506E+01	+4.94776323448472E+06	+0.00000000000000E+00	+4.94776461318970E+06	+4.94773298709870E+06	+4.94779348205567E+06 	0	0	0	0
		B	s1	51	2:28:19 PM	0.0004483296	+8.90568271959091E-11	+1.58818201431830E-14	+6.51511623291232E-02	+2.47458000183105E+01	+4.94776325380630E+06	+0.00000000000000E+00	+4.94776460289002E+06	+4.94773302867890E+06	+4.94779347911835E+06 	0	0	0	0
		B	s1	52	2:28:21 PM	0.0004660819	+1.15820839506066E-10	+1.58703231103707E-14	+6.51983600640860E-02	+2.47568664550781E+01	+4.94776325798345E+06	+0.00000000000000E+00	+4.94776459648132E+06	+4.94773304122925E+06	+4.94779347492218E+06 	0	0	0	0
		B	s1	53	2:28:23 PM	0.0004841789	+8.90623093564813E-11	+1.58899955545076E-14	+6.51176418234917E-02	+2.47503147125244E+01	+4.94776326130205E+06	+0.00000000000000E+00	+4.94776462383270E+06	+4.94773301509857E+06	+4.94779350769043E+06 	0	0	0	0
		B	s1	54	2:28:25 PM	0.0005026207	+9.12903005417271E-11	+1.58631451683778E-14	+6.52278613789597E-02	+2.47561397552490E+01	+4.94776327329954E+06	+0.00000000000000E+00	+4.94776463886261E+06	+4.94773307109833E+06	+4.94779347568512E+06 	0	0	0	0
		B	s1	55	2:28:26 PM	0.0005214071	+8.98714945359036E-11	+1.58780712853215E-14	+6.51665443077229E-02	+2.47437858581543E+01	+4.94776326885534E+06	+0.00000000000000E+00	+4.94776459758759E+06	+4.94773305332184E+06	+4.94779348457337E+06 	0	0	0	0
		B	s1	56	2:28:29 PM	0.0005405383	+8.86689544122841E-11	+1.58665585757794E-14	+6.52138287259433E-02	+2.47348861694336E+01	+4.94776327484462E+06	+0.00000000000000E+00	+4.94776461605072E+06	+4.94773309207917E+06	+4.94779345779419E+06 	0	0	0	0
		B	s1	57	2:28:31 PM	0.0005600142	+1.17939538406737E-10	+1.58952967698293E-14	+6.50959261712330E-02	+2.47419204711914E+01	+4.94776319937044E+06	+0.00000000000000E+00	+4.94776458652497E+06	+4.94773295333862E+06	+4.94779344558716E+06 	0	0	0	0
		B	s1	58	2:28:33 PM	0.0005798347	+8.96053868354446E-11	+1.59049694005726E-14	+6.50563373581543E-02	+2.47481422424316E+01	+4.94776322328844E+06	+0.00000000000000E+00	+4.94776454250336E+06	+4.94773295124054E+06	+4.94779349552155E+06 	0	0	0	0
		B	s1	59	2:28:35 PM	0.0006000000	+8.99927054503586E-11	+1.59001281515054E-14	+6.50761462395678E-02	+2.47562236785889E+01	+4.94776319980897E+06	+0.00000000000000E+00	+4.94776458656311E+06	+4.94773292709351E+06	+4.94779347270966E+06 	0	0	0	0
		T	s2 	60	2:33:05 PM	0.0006000000	+7.00517175553162E-11	+1.59665258523667E-14	+6.48054973791161E-02	+2.53809165954590E+01	+4.94776419330318E+06	+0.00000000000000E+00	+4.94776544704437E+06	+4.94773302707672E+06	+4.94779535972595E+06 	0.616000	0.166000	0.208898	0.038168
		T	s2 	61	2:33:11 PM	0.0005798347	+1.03238992219612E-10	+1.59773739766176E-14	+6.47614908222978E-02	+2.54715461730957E+01	+4.94776441117878E+06	+0.00000000000000E+00	+4.94776568065644E+06	+4.94773311241150E+06	+4.94779571014405E+06 	0.608000	0.172000	0.205021	0.038235
		T	s2 	62	2:33:16 PM	0.0005600142	+8.08147076026253E-11	+1.59750996572839E-14	+6.47707088336523E-02	+2.55241050720215E+01	+4.94776448209362E+06	+0.00000000000000E+00	+4.94776574840546E+06	+4.94773312320709E+06	+4.94779584117890E+06 	0.608000	0.144000	0.201412	0.036543
		T	s2 	63	2:33:22 PM	0.0005405383	+8.23096735281380E-11	+1.59975871808144E-14	+6.46796613863233E-02	+2.55279750823975E+01	+4.94776449796245E+06	+0.00000000000000E+00	+4.94776575859070E+06	+4.94773309017182E+06	+4.94779590595246E+06 	0.592000	0.176000	0.198057	0.035942
		T	s2 	64	2:33:28 PM	0.0005214071	+1.07095491524233E-10	+1.59833776068209E-14	+6.47371621694108E-02	+2.55433769226074E+01	+4.94776453073076E+06	+0.00000000000000E+00	+4.94776585063934E+06	+4.94773313190460E+06	+4.94779592975617E+06 	0.592000	0.214000	0.194878	0.035475
		T	s2 	65	2:33:33 PM	0.0005026207	+8.46818726869153E-11	+1.59781097599573E-14	+6.47585040391075E-02	+2.55709514617920E+01	+4.94776458505189E+06	+0.00000000000000E+00	+4.94776587348938E+06	+4.94773316268921E+06	+4.94779600761414E+06 	0.600000	0.188000	0.191020	0.034249
		T	s2 	66	2:33:38 PM	0.0004841789	+8.19741818763783E-11	+1.59881255916086E-14	+6.47179369373348E-02	+2.55301914215088E+01	+4.94776454116400E+06	+0.00000000000000E+00	+4.94776579383850E+06	+4.94773314922333E+06	+4.94779593330384E+06 	0.600000	0.168000	0.187694	0.034262
		T	s2 	67	2:33:44 PM	0.0004660819	+8.35397210221766E-11	+1.59872285832263E-14	+6.47215676110584E-02	+2.55408382415771E+01	+4.94776456058073E+06	+0.00000000000000E+00	+4.94776583511353E+06	+4.94773315731049E+06	+4.94779596405029E+06 	0.584000	0.182000	0.184033	0.033491
		T	s2 	68	2:33:50 PM	0.0004483296	+8.72938327502809E-11	+1.59817703351084E-14	+6.47436697697546E-02	+2.55781135559082E+01	+4.94776464366462E+06	+0.00000000000000E+00	+4.94776591529846E+06	+4.94773320529938E+06	+4.94779608222962E+06 	0.544000	0.154000	0.180237	0.033683
		T	s2 	69	2:33:55 PM	0.0004309219	+1.12422645410034E-10	+1.59986449561687E-14	+6.46753803827146E-02	+2.55756893157959E+01	+4.94776467418200E+06	+0.00000000000000E+00	+4.94776591011048E+06	+4.94773320560455E+06	+4.94779614295960E+06 	0.544000	0.172000	0.177633	0.032768
		T	s2 	70	2:34:00 PM	0.0004138590	+6.19219518228382E-11	+1.59785793464884E-14	+6.47565983348318E-02	+2.55812034606934E+01	+4.94776468242196E+06	+0.00000000000000E+00	+4.94776590034485E+06	+4.94773324653626E+06	+4.94779611850739E+06 	0.576000	0.202000	0.173817	0.031761
		T	s2 	71	2:34:05 PM	0.0003971408	+6.42043717517158E-11	+1.59898477722992E-14	+6.47109616522365E-02	+2.56068210601807E+01	+4.94776472709172E+06	+0.00000000000000E+00	+4.94776597606659E+06	+4.94773323753357E+06	+4.94779621685028E+06 	0.520000	0.140000	0.169645	0.032126
		T	s2 	72	2:34:11 PM	0.0003807673	+8.82153660647985E-11	+1.59617938412692E-14	+6.48246957340193E-02	+2.55890865325928E+01	+4.94776471965355E+06	+0.00000000000000E+00	+4.94776597877503E+06	+4.94773330711365E+06	+4.94779613239288E+06 	0.512000	0.168000	0.165976	0.030394
		T	s2 	73	2:34:16 PM	0.0003647385	+6.43473602322491E-11	+1.59724415393133E-14	+6.47814804317316E-02	+2.56275215148926E+01	+4.94776476771830E+06	+0.00000000000000E+00	+4.94776600517273E+06	+4.94773328701019E+06	+4.94779624862671E+06 	0.512000	0.142000	0.163256	0.030269
		T	s2 	74	2:34:22 PM	0.0003490544	+1.16658389432202E-10	+1.59626948949240E-14	+6.48210354153366E-02	+2.56184196472168E+01	+4.94776476274032E+06	+0.00000000000000E+00	+4.94776601688385E+06	+4.94773331241608E+06	+4.94779621326447E+06 	0.512000	0.168000	0.159006	0.030256
		T	s2 	75	2:34:27 PM	0.0003337150	+8.90970937432557E-11	+1.59627261984205E-14	+6.48209088016475E-02	+2.55933246612549E+01	+4.94776474355258E+06	+0.00000000000000E+00	+4.94776597373962E+06	+4.94773332397461E+06	+4.94779616333008E+06 	0.520000	0.128000	0.155653	0.029158
		T	s2 	76	2:34:32 PM	0.0003187203	+1.15079442680540E-10	+1.59749502458300E-14	+6.47713059347082E-02	+2.56460227966309E+01	+4.94776481400948E+06	+0.00000000000000E+00	+4.94776604598999E+06	+4.94773330562592E+06	+4.94779632259369E+06 	0.472000	0.122000	0.151436	0.028714
		T	s2 	77	2:34:38 PM	0.0003040703	+9.06975781496308E-11	+1.59700375164059E-14	+6.47912315767060E-02	+2.56459922790527E+01	+4.94776479165541E+06	+0.00000000000000E+00	+4.94776604187012E+06	+4.94773329299927E+06	+4.94779629051209E+06 	0.472000	0.148000	0.148253	0.029473
		T	s2 	78	2:34:43 PM	0.0002897650	+9.02183334329341E-11	+1.59328629831374E-14	+6.49424011373728E-02	+2.56275024414063E+01	+4.94776483922530E+06	+0.00000000000000E+00	+4.94776614440918E+06	+4.94773343654633E+06	+4.94779624210358E+06 	0.464000	0.122000	0.144878	0.028746
		T	s2 	79	2:34:48 PM	0.0002758044	+1.20111992517223E-10	+1.59732935206536E-14	+6.47780227072554E-02	+2.56727790832520E+01	+4.94776486009083E+06	+0.00000000000000E+00	+4.94776610118866E+06	+4.94773332210541E+06	+4.94779639827728E+06 	0.456000	0.168000	0.142038	0.027428
		T	s2 	80	2:34:54 PM	0.0002621886	+9.41478637053965E-11	+1.59512189536241E-14	+6.48676666822715E-02	+2.56485099792480E+01	+4.94776489865789E+06	+0.00000000000000E+00	+4.94776610286713E+06	+4.94773343402863E+06	+4.94779636348725E+06 	0.440000	0.154000	0.138369	0.026624
		T	s2 	81	2:35:00 PM	0.0002489174	+9.59418846620991E-11	+1.59668520654931E-14	+6.48041552440820E-02	+2.56313037872314E+01	+4.94776488490584E+06	+0.00000000000000E+00	+4.94776609161377E+06	+4.94773341056824E+06	+4.94779635944367E+06 	0.440000	0.152000	0.135255	0.025342
		T	s2 	82	2:35:05 PM	0.0002359909	+9.58231238186687E-11	+1.59663554755757E-14	+6.48061704192577E-02	+2.56389198303223E+01	+4.94776489945886E+06	+0.00000000000000E+00	+4.94776615303040E+06	+4.94773341674805E+06	+4.94779638237000E+06 	0.416000	0.122000	0.130688	0.025250
		T	s2 	83	2:35:11 PM	0.0002234092	+9.32714897223594E-11	+1.59510765552745E-14	+6.48682445461704E-02	+2.56203479766846E+01	+4.94776494527371E+06	+0.00000000000000E+00	+4.94776612686157E+06	+4.94773351547241E+06	+4.94779637527466E+06 	0.408000	0.108000	0.127492	0.024593
		T	s2 	84	2:35:16 PM	0.0002111721	+9.45303876143492E-11	+1.59508413302970E-14	+6.48692011567217E-02	+2.56409072875977E+01	+4.94776494500652E+06	+0.00000000000000E+00	+4.94776616245270E+06	+4.94773349044800E+06	+4.94779639976502E+06 	0.392000	0.150000	0.123420	0.024196
		T	s2 	85	2:35:21 PM	0.0001992798	+7.26049647890969E-11	+1.59497706403144E-14	+6.48735547731617E-02	+2.56410732269287E+01	+4.94776498235242E+06	+0.00000000000000E+00	+4.94776622585297E+06	+4.94773352970123E+06	+4.94779643520355E+06 	0.408000	0.146000	0.119907	0.024726
		T	s2 	86	2:35:27 PM	0.0001877322	+9.76719126983552E-11	+1.59283016587122E-14	+6.49609937662378E-02	+2.56403045654297E+01	+4.94776501700922E+06	+0.00000000000000E+00	+4.94776627540588E+06	+4.94773360763550E+06	+4.94779642658234E+06 	0.384000	0.120000	0.116940	0.024393
		T	s2 	87	2:35:32 PM	0.0001765292	+5.05751719077650E-11	+1.59493291366137E-14	+6.48753474218447E-02	+2.56507072448730E+01	+4.94776510278235E+06	+0.00000000000000E+00	+4.94776627666474E+06	+4.94773363918305E+06	+4.94779656658173E+06 	0.360000	0.114000	0.112710	0.022900
		T	s2 	88	2:35:38 PM	0.0001656710	+1.00814859535965E-10	+1.59308667813807E-14	+6.49505306359614E-02	+2.56748447418213E+01	+4.94776514567866E+06	+0.00000000000000E+00	+4.94776628849030E+06	+4.94773368892670E+06	+4.94779660263062E+06 	0.360000	0.106000	0.110047	0.022229
		T	s2 	89	2:35:43 PM	0.0001551575	+1.25211499076908E-10	+1.59482558004564E-14	+6.48797119719357E-02	+2.56462593078613E+01	+4.94776516517177E+06	+0.00000000000000E+00	+4.94776636409760E+06	+4.94773370914459E+06	+4.94779662139893E+06 	0.376000	0.122000	0.105968	0.022643
		T	s2 	90	2:35:49 PM	0.0001449887	+7.83197581166739E-11	+1.59306829318468E-14	+6.49512788044663E-02	+2.56463088989258E+01	+4.94776519897021E+06	+0.00000000000000E+00	+4.94776635414124E+06	+4.94773377754212E+06	+4.94779662059784E+06 	0.360000	0.118000	0.102280	0.021077
		T	s2 	91	2:35:55 PM	0.0001351646	+1.05281480994708E-10	+1.59093351421937E-14	+6.50384317452879E-02	+2.56542987823486E+01	+4.94776524892387E+06	+0.00000000000000E+00	+4.94776645549774E+06	+4.94773385982514E+06	+4.94779663822174E+06 	0.376000	0.166000	0.100065	0.020380
		T	s2 	92	2:36:00 PM	0.0001256852	+8.13158815782639E-11	+1.58921623694150E-14	+6.51087087233456E-02	+2.56439418792725E+01	+4.94776533753958E+06	+0.00000000000000E+00	+4.94776651058197E+06	+4.94773399497986E+06	+4.94779668029785E+06 	0.312000	0.100000	0.094743	0.020411
		T	s2 	93	2:36:05 PM	0.0001165505	+5.70605686795993E-11	+1.59232036416186E-14	+6.49817831223462E-02	+2.56283092498779E+01	+4.94776534959376E+06	+0.00000000000000E+00	+4.94776648429871E+06	+4.94773396495819E+06	+4.94779673442841E+06 	0.312000	0.106000	0.091972	0.021010
		T	s2 	94	2:36:11 PM	0.0001077605	+1.10114921580842E-10	+1.59080444531410E-14	+6.50437058543936E-02	+2.56014556884766E+01	+4.94776535323719E+06	+0.00000000000000E+00	+4.94776651412964E+06	+4.94773403133392E+06	+4.94779667533875E+06 	0.360000	0.118000	0.088467	0.020691
		T	s2 	95	2:36:17 PM	0.0000993152	+9.15594994836598E-11	+1.58972730459061E-14	+6.50877746672666E-02	+2.55487861633301E+01	+4.94776544479047E+06	+0.00000000000000E+00	+4.94776665920258E+06	+4.94773420848847E+06	+4.94779668128967E+06 	0.312000	0.104000	0.085202	0.020096
		T	s2 	96	2:36:22 PM	0.0000912146	+9.42266173421097E-11	+1.59462953798349E-14	+6.48876771040883E-02	+2.55324058532715E+01	+4.94776558877574E+06	+0.00000000000000E+00	+4.94776667140961E+06	+4.94773427623749E+06	+4.94779690151215E+06 	0.296000	0.102000	0.081000	0.019196
		T	s2 	97	2:36:28 PM	0.0000834587	+9.66991096000717E-11	+1.59052836258408E-14	+6.50549907366925E-02	+2.55393791198730E+01	+4.94776555690440E+06	+0.00000000000000E+00	+4.94776678016663E+06	+4.94773431636811E+06	+4.94779679763794E+06 	0.280000	0.120000	0.079187	0.017726
		T	s2 	98	2:36:33 PM	0.0000760476	+9.68088660575370E-11	+1.59466665828834E-14	+6.48861651615015E-02	+2.55458545684814E+01	+4.94776564601516E+06	+0.00000000000000E+00	+4.94776672054291E+06	+4.94773431625366E+06	+4.94779697597504E+06 	0.248000	0.090000	0.074659	0.017303
		T	s2 	99	2:36:38 PM	0.0000689811	+1.01468560014026E-10	+1.59250678275617E-14	+6.49741681659841E-02	+2.55308227539063E+01	+4.94776566177024E+06	+0.00000000000000E+00	+4.94776689964295E+06	+4.94773439285279E+06	+4.94779693088532E+06 	0.248000	0.122000	0.070681	0.019201
		T	s2 	100	2:36:44 PM	0.0000622594	+5.24881410717171E-11	+1.59551961658973E-14	+6.48514748798732E-02	+2.56066055297852E+01	+4.94776573762453E+06	+0.00000000000000E+00	+4.94776698822022E+06	+4.94773431655884E+06	+4.94779715888977E+06 	0.240000	0.096000	0.067753	0.016441
		T	s2 	101	2:36:50 PM	0.0000558823	+7.75167800548973E-11	+1.59675988669041E-14	+6.48011005516378E-02	+2.56076831817627E+01	+4.94776579408189E+06	+0.00000000000000E+00	+4.94776704433441E+06	+4.94773434726715E+06	+4.94779724109650E+06 	0.288000	0.098000	0.064018	0.016020
		T	s2 	102	2:36:55 PM	0.0000498500	+1.06213031416221E-10	+1.59130756205931E-14	+6.50231286613579E-02	+2.55803585052490E+01	+4.94776583297362E+06	+0.00000000000000E+00	+4.94776702186585E+06	+4.94773452697754E+06	+4.94779713916779E+06 	0.240000	0.104000	0.061104	0.018084
		T	s2 	103	2:37:00 PM	0.0000441623	+8.37646360775958E-11	+1.59212718075529E-14	+6.49896516399868E-02	+2.56301975250244E+01	+4.94776596456112E+06	+0.00000000000000E+00	+4.94776710674286E+06	+4.94773458141327E+06	+4.94779734790802E+06 	0.232000	0.136000	0.057348	0.015920
		T	s2 	104	2:37:06 PM	0.0000388194	+3.67480500294117E-11	+1.59251589094502E-14	+6.49737886762983E-02	+2.56218547821045E+01	+4.94776596173826E+06	+0.00000000000000E+00	+4.94776715957642E+06	+4.94773458114624E+06	+4.94779734252930E+06 	0.208000	0.082000	0.053791	0.014890
		T	s2 	105	2:37:12 PM	0.0000338211	+9.39091493796245E-11	+1.59456554510504E-14	+6.48902649329236E-02	+2.55848274230957E+01	+4.94776620769089E+06	+0.00000000000000E+00	+4.94776729393005E+06	+4.94773483211517E+06	+4.94779758346558E+06 	0.200000	0.120000	0.051657	0.017063
		T	s2 	106	2:37:17 PM	0.0000291676	+1.21265554825892E-10	+1.59564367842710E-14	+6.48464197021839E-02	+2.56066455841064E+01	+4.94776623179948E+06	+0.00000000000000E+00	+4.94776738426209E+06	+4.94773480823517E+06	+4.94779765556336E+06 	0.200000	0.142000	0.046887	0.014278
		T	s2 	107	2:37:22 PM	0.0000248588	+7.61460110053518E-11	+1.59383072642418E-14	+6.49201780173181E-02	+2.55684261322021E+01	+4.94776635558693E+06	+0.00000000000000E+00	+4.94776737186432E+06	+4.94773501457215E+06	+4.94779769680023E+06 	0.176000	0.080000	0.044705	0.014038
		T	s2 	108	2:37:27 PM	0.0000208947	+5.06151707759613E-11	+1.59477483863497E-14	+6.48817429467985E-02	+2.55621528625488E+01	+4.94776643569550E+06	+0.00000000000000E+00	+4.94776749649048E+06	+4.94773508380890E+06	+4.94779778778076E+06 	0.168000	0.074000	0.041385	0.014382
		T	s2 	109	2:37:33 PM	0.0000172753	+8.77858658486826E-11	+1.59730615200936E-14	+6.47789209196217E-02	+2.56335735321045E+01	+4.94776648908131E+06	+0.00000000000000E+00	+4.94776775814057E+06	+4.94773499969483E+06	+4.94779797866821E+06 	0.184000	0.074000	0.038846	0.013441
		T	s2 	110	2:37:39 PM	0.0000140006	+1.19398081208592E-10	+1.59693982399051E-14	+6.47937748766395E-02	+2.56210327148437E+01	+4.94776671521671E+06	+0.00000000000000E+00	+4.94776798374176E+06	+4.94773524845123E+06	+4.94779818218231E+06 	0.152000	0.074000	0.034611	0.012670
		T	s2 	111	2:37:44 PM	0.0000110706	+9.46339312465247E-11	+1.59780530769159E-14	+6.47586753985750E-02	+2.56578006744385E+01	+4.94776681506602E+06	+0.00000000000000E+00	+4.94776802482605E+06	+4.94773528606415E+06	+4.94779834426880E+06 	0.144000	0.062000	0.033179	0.012742
		T	s2 	112	2:37:50 PM	0.0000084853	+1.00908584138946E-10	+1.59681543745124E-14	+6.47988168470236E-02	+2.56463699340820E+01	+4.94776691550721E+06	+0.00000000000000E+00	+4.94776816177368E+06	+4.94773542007446E+06	+4.94779841114044E+06 	0.168000	0.074000	0.028559	0.012582
		T	s2 	113	2:37:56 PM	0.0000062447	+1.04073826883520E-10	+1.59746854081825E-14	+6.47723226643055E-02	+2.56253890991211E+01	+4.94776699435709E+06	+0.00000000000000E+00	+4.94776824218750E+06	+4.94773551181793E+06	+4.94779847709656E+06 	0.120000	0.072000	0.026163	0.014679
		T	s2 	114	2:38:01 PM	0.0000043488	+1.04145267051231E-10	+1.59588185128715E-14	+6.48367195587857E-02	+2.57447452545166E+01	+4.94776708356305E+06	+0.00000000000000E+00	+4.94776839412689E+06	+4.94773548580170E+06	+4.94779868152619E+06 	0.120000	0.130000	0.028706	0.014157
		T	s2 	115	2:38:07 PM	0.0000027976	+7.86324902942631E-11	+1.59854795278080E-14	+6.47285860669054E-02	+2.56623554229736E+01	+4.94776697112515E+06	+0.00000000000000E+00	+4.94776833229065E+06	+4.94773542186737E+06	+4.94779852058411E+06 	0.096000	0.070000	0.020050	0.012124
		T	s2 	116	2:38:13 PM	0.0000015912	+1.29300379664867E-10	+1.59815365055595E-14	+6.47445543437598E-02	+2.56895427703857E+01	+4.94776703963695E+06	+0.00000000000000E+00	+4.94776830890656E+06	+4.94773546474457E+06	+4.94779861473084E+06 	0.088000	0.102000	0.017623	0.013716
		T	s2 	117	2:38:18 PM	0.0000007294	+9.14134189331593E-11	+1.60221350315610E-14	+6.45804995142685E-02	+2.56319713592529E+01	+4.94776698024206E+06	+0.00000000000000E+00	+4.94776824638367E+06	+4.94773539608002E+06	+4.94779856460571E+06 	0.096000	0.102000	0.022018	0.012959
		T	s2 	118	2:38:23 PM	0.0000002124	+6.64414714227841E-11	+1.59214988700256E-14	+6.49887020771273E-02	+2.55354900360107E+01	+4.94776682946816E+06	+0.00000000000000E+00	+4.94776823932648E+06	+4.94773556182861E+06	+4.94779809730530E+06 	0.088000	0.106000	0.014306	0.014160
		T	s2 	119	2:38:29 PM	0.0000000400	+2.67553081639181E-10	+1.55664300236821E-14	+6.64710729830396E-02	+2.51706562042236E+01	+4.94776740446451E+06	+0.00000000000000E+00	+4.94776828262329E+06	+4.94773727088928E+06	+4.94779753822327E+06 	0.104000	0.138000	0.015847	0.014246
		B	s3	120	2:40:38 PM	0.0000000400	+7.87168014862207E-11	+1.55049809696896E-14	+6.67346015887706E-02	+2.43028621673584E+01	+4.94776400591947E+06	+0.00000000000000E+00	+4.94776484809876E+06	+4.94773502613068E+06	+4.94779298587799E+06 	0	0	0	0
		B	s3	121	2:40:40 PM	0.0000002124	+8.09773002813247E-11	+1.59550828695771E-14	+6.48519862426840E-02	+2.53244037628174E+01	+4.94776379766243E+06	+0.00000000000000E+00	+4.94776491363526E+06	+4.94773272312164E+06	+4.94779487239838E+06 	0	0	0	0
		B	s3	122	2:40:42 PM	0.0000007294	+7.40066160199492E-11	+1.59413556588441E-14	+6.49078329674355E-02	+2.53325366973877E+01	+4.94776371249942E+06	+0.00000000000000E+00	+4.94776484298706E+06	+4.94773265472412E+06	+4.94779477046967E+06 	0	0	0	0
		B	s3	123	2:40:44 PM	0.0000015912	+7.50839612613841E-11	+1.59688824721919E-14	+6.47959451838275E-02	+2.54522037506104E+01	+4.94776375329634E+06	+0.00000000000000E+00	+4.94776499332428E+06	+4.94773249492645E+06	+4.94779501186371E+06 	0	0	0	0
		B	s3	124	2:40:46 PM	0.0000027976	+5.05886595618896E-11	+1.59900452549101E-14	+6.47101886791642E-02	+2.55606365203857E+01	+4.94776372432261E+06	+0.00000000000000E+00	+4.94776494441986E+06	+4.94773229118347E+06	+4.94779515766144E+06 	0	0	0	0
		B	s3	125	2:40:49 PM	0.0000043488	+7.91333094246601E-11	+1.59597703025163E-14	+6.48329390216876E-02	+2.55213718414307E+01	+4.94776379750826E+06	+0.00000000000000E+00	+4.94776507156372E+06	+4.94773247207642E+06	+4.94779512313843E+06 	0	0	0	0
		B	s3	126	2:40:51 PM	0.0000062447	+8.00602880578316E-11	+1.59985732053891E-14	+6.46756916772099E-02	+2.55617523193359E+01	+4.94776386186140E+06	+0.00000000000000E+00	+4.94776511371613E+06	+4.94773241058350E+06	+4.94779531333924E+06 	0	0	0	0
		B	s3	127	2:40:53 PM	0.0000084853	+1.06291271673704E-10	+1.59579977823618E-14	+6.48401390193984E-02	+2.54956569671631E+01	+4.94776384566903E+06	+0.00000000000000E+00	+4.94776511226654E+06	+4.94773255527497E+06	+4.94779513626099E+06 	0	0	0	0
		B	s3	128	2:40:55 PM	0.0000110706	+1.05703010606968E-10	+1.59578027269717E-14	+6.48409311503509E-02	+2.54749565124512E+01	+4.94776386180537E+06	+0.00000000000000E+00	+4.94776513843537E+06	+4.94773259719849E+06	+4.94779512660980E+06 	0	0	0	0
		B	s3	129	2:40:58 PM	0.0000140006	+1.04088095291693E-10	+1.58959647774871E-14	+6.50931762622804E-02	+2.54176044464111E+01	+4.94776374419945E+06	+0.00000000000000E+00	+4.94776507434845E+06	+4.94773267086029E+06	+4.94779481773377E+06 	0	0	0	0
		B	s3	130	2:40:59 PM	0.0000172753	+5.39240136623235E-11	+1.59601968724363E-14	+6.48312062971248E-02	+2.54298019409180E+01	+4.94776379474331E+06	+0.00000000000000E+00	+4.94776496578217E+06	+4.94773258087158E+06	+4.94779500881195E+06 	0	0	0	0
		B	s3	131	2:41:02 PM	0.0000208947	+1.02259673979698E-10	+1.59902594879611E-14	+6.47093198620807E-02	+2.54551677703857E+01	+4.94776379497162E+06	+0.00000000000000E+00	+4.94776495117188E+06	+4.94773249111176E+06	+4.94779509902954E+06 	0	0	0	0
		B	s3	132	2:41:04 PM	0.0000248588	+1.02268721762475E-10	+1.59370223352244E-14	+6.49254800679030E-02	+2.53788261413574E+01	+4.94776377086398E+06	+0.00000000000000E+00	+4.94776505947113E+06	+4.94773266479492E+06	+4.94779487712860E+06 	0	0	0	0
		B	s3	133	2:41:06 PM	0.0000291676	+7.83141107123613E-11	+1.59804293654103E-14	+6.47491246738877E-02	+2.54339675903320E+01	+4.94776380109450E+06	+0.00000000000000E+00	+4.94776499362946E+06	+4.94773254253388E+06	+4.94779505985260E+06 	0	0	0	0
		B	s3	134	2:41:08 PM	0.0000338211	+1.25750919674741E-10	+1.59295514150762E-14	+6.49559308751881E-02	+2.54293556213379E+01	+4.94776373590198E+06	+0.00000000000000E+00	+4.94776495872498E+06	+4.94773258251190E+06	+4.94779488948822E+06 	0	0	0	0
		B	s3	135	2:41:11 PM	0.0000388194	+7.31409822994989E-11	+1.59309307652958E-14	+6.49503068464508E-02	+2.53613185882568E+01	+4.94776373359460E+06	+0.00000000000000E+00	+4.94776498268128E+06	+4.94773266086579E+06	+4.94779480651856E+06 	0	0	0	0
		B	s3	136	2:41:13 PM	0.0000441623	+9.79929826962138E-11	+1.59346983514131E-14	+6.49349512057852E-02	+2.53326148986816E+01	+4.94776368966854E+06	+0.00000000000000E+00	+4.94776491691589E+06	+4.94773264476776E+06	+4.94779473476410E+06 	0	0	0	0
		B	s3	137	2:41:15 PM	0.0000498500	+9.78950737406774E-11	+1.59518338392144E-14	+6.48651992119381E-02	+2.53474426269531E+01	+4.94776364221338E+06	+0.00000000000000E+00	+4.94776488582611E+06	+4.94773254573822E+06	+4.94779473888397E+06 	0	0	0	0
		B	s3	138	2:41:17 PM	0.0000558823	+7.21776635043477E-11	+1.59540781967973E-14	+6.48560715076563E-02	+2.53733024597168E+01	+4.94776374599199E+06	+0.00000000000000E+00	+4.94776493034363E+06	+4.94773261341095E+06	+4.94779487876892E+06 	0	0	0	0
		B	s3	139	2:41:20 PM	0.0000622594	+9.77683218426714E-11	+1.59446338849667E-14	+6.48944896724278E-02	+2.53587951660156E+01	+4.94776364412073E+06	+0.00000000000000E+00	+4.94776489433289E+06	+4.94773254776001E+06	+4.94779474067688E+06 	0	0	0	0
		B	s3	140	2:41:22 PM	0.0000689811	+9.64467139915848E-11	+1.59612004007224E-14	+6.48271337549218E-02	+2.53650112152100E+01	+4.94776365777709E+06	+0.00000000000000E+00	+4.94776492889404E+06	+4.94773252147675E+06	+4.94779479427338E+06 	0	0	0	0
		B	s3	141	2:41:24 PM	0.0000760476	+7.26198661848288E-11	+1.59771437339640E-14	+6.47624444730587E-02	+2.53493862152100E+01	+4.94776363233299E+06	+0.00000000000000E+00	+4.94776492305756E+06	+4.94773248413086E+06	+4.94779478073120E+06 	0	0	0	0
		B	s3	142	2:41:26 PM	0.0000834587	+7.40465215172576E-11	+1.59539324353023E-14	+6.48566677039048E-02	+2.53268070220947E+01	+4.94776360694664E+06	+0.00000000000000E+00	+4.94776493385315E+06	+4.94773253170014E+06	+4.94779468238831E+06 	0	0	0	0
		B	s3	143	2:41:29 PM	0.0000912146	+1.22813234392585E-10	+1.59543289893626E-14	+6.48550533053415E-02	+2.53311042785645E+01	+4.94776369653476E+06	+0.00000000000000E+00	+4.94776501087189E+06	+4.94773261524201E+06	+4.94779477802277E+06 	0	0	0	0
		B	s3	144	2:41:31 PM	0.0000993152	+1.26188157605226E-10	+1.59727672242085E-14	+6.47801890591532E-02	+2.52989292144775E+01	+4.94776364028707E+06	+0.00000000000000E+00	+4.94776496898651E+06	+4.94773256259918E+06	+4.94779471817017E+06 	0	0	0	0
		B	s3	145	2:41:33 PM	0.0001077605	+7.38746144351379E-11	+1.59856764683836E-14	+6.47278745751111E-02	+2.53056640625000E+01	+4.94776368604416E+06	+0.00000000000000E+00	+4.94776493972779E+06	+4.94773257495880E+06	+4.94779479732514E+06 	0	0	0	0
		B	s3	146	2:41:35 PM	0.0001165505	+9.88167500291605E-11	+1.59566638218297E-14	+6.48455637822996E-02	+2.52883396148682E+01	+4.94776368564410E+06	+0.00000000000000E+00	+4.94776493251801E+06	+4.94773265228272E+06	+4.94779471920014E+06 	0	0	0	0
		B	s3	147	2:41:37 PM	0.0001256852	+9.97938337767923E-11	+1.59641886480873E-14	+6.48149977078840E-02	+2.52905254364014E+01	+4.94776371188911E+06	+0.00000000000000E+00	+4.94776493713379E+06	+4.94773266120911E+06	+4.94779476276398E+06 	0	0	0	0
		B	s3	148	2:41:39 PM	0.0001351646	+9.91869098324290E-11	+1.59604756942071E-14	+6.48300766344055E-02	+2.52798137664795E+01	+4.94776368381307E+06	+0.00000000000000E+00	+4.94776490444183E+06	+4.94773265350342E+06	+4.94779471431732E+06 	0	0	0	0
		B	s3	149	2:41:41 PM	0.0001449887	+7.45764008374150E-11	+1.59699414030523E-14	+6.47916508425851E-02	+2.52906246185303E+01	+4.94776367189194E+06	+0.00000000000000E+00	+4.94776488525391E+06	+4.94773260990143E+06	+4.94779473407746E+06 	0	0	0	0
		B	s3	150	2:41:43 PM	0.0001551575	+1.25255859115843E-10	+1.59690686397233E-14	+6.47951914497080E-02	+2.53021945953369E+01	+4.94776369001167E+06	+0.00000000000000E+00	+4.94776489944458E+06	+4.94773261550904E+06	+4.94779476470947E+06 	0	0	0	0
		B	s3	151	2:41:45 PM	0.0001656710	+7.18660803256704E-11	+1.59719481019484E-14	+6.47835110840410E-02	+2.52671527862549E+01	+4.94776364909928E+06	+0.00000000000000E+00	+4.94776488765717E+06	+4.94773261203766E+06	+4.94779468635559E+06 	0	0	0	0
		B	s3	152	2:41:47 PM	0.0001765292	+1.21418801385700E-10	+1.59312424355554E-14	+6.49490395305760E-02	+2.52594184875488E+01	+4.94776360648967E+06	+0.00000000000000E+00	+4.94776495326996E+06	+4.94773265800476E+06	+4.94779455516815E+06 	0	0	0	0
		B	s3	153	2:41:48 PM	0.0001877322	+9.49782837619286E-11	+1.59598012192026E-14	+6.48328184599575E-02	+2.53905601501465E+01	+4.94776360557278E+06	+0.00000000000000E+00	+4.94776480091095E+06	+4.94773244064331E+06	+4.94779477069855E+06 	0	0	0	0
		B	s3	154	2:41:50 PM	0.0001992798	+6.83979304617621E-11	+1.59472949317054E-14	+6.48836626636457E-02	+2.53858852386475E+01	+4.94776358251313E+06	+0.00000000000000E+00	+4.94776480743408E+06	+4.94773244773865E+06	+4.94779471748352E+06 	0	0	0	0
		B	s3	155	2:41:52 PM	0.0002111721	+1.18182262202312E-10	+1.59459758857687E-14	+6.48890287965124E-02	+2.53752002716064E+01	+4.94776362149943E+06	+0.00000000000000E+00	+4.94776484657288E+06	+4.94773250240326E+06	+4.94779474079132E+06 	0	0	0	0
		B	s3	156	2:41:54 PM	0.0002234092	+6.92390210013734E-11	+1.59690853682423E-14	+6.47951266044689E-02	+2.53698196411133E+01	+4.94776357427323E+06	+0.00000000000000E+00	+4.94776482093811E+06	+4.94773241668701E+06	+4.94779473205567E+06 	0	0	0	0
		B	s3	157	2:41:56 PM	0.0002359909	+1.19275293255997E-10	+1.59787218006958E-14	+6.47560511889903E-02	+2.53596420288086E+01	+4.94776352964124E+06	+0.00000000000000E+00	+4.94776479393006E+06	+4.94773236576081E+06	+4.94779469371796E+06 	0	0	0	0
		B	s3	158	2:41:58 PM	0.0002489174	+1.19475261022088E-10	+1.59617992903649E-14	+6.48247034866105E-02	+2.53884696960449E+01	+4.94776357925136E+06	+0.00000000000000E+00	+4.94776485321045E+06	+4.94773241298676E+06	+4.94779474571228E+06 	0	0	0	0
		B	s3	159	2:42:00 PM	0.0002621886	+6.78587191112561E-11	+1.59879599140720E-14	+6.47186342600513E-02	+2.54032211303711E+01	+4.94776352155363E+06	+0.00000000000000E+00	+4.94776481021881E+06	+4.94773228607178E+06	+4.94779475723267E+06 	0	0	0	0
		B	s3	160	2:42:02 PM	0.0002758044	+6.85225034371121E-11	+1.59917760724234E-14	+6.47031897324048E-02	+2.54193668365479E+01	+4.94776354276317E+06	+0.00000000000000E+00	+4.94776482204437E+06	+4.94773227996826E+06	+4.94779480575562E+06 	0	0	0	0
		B	s3	161	2:42:04 PM	0.0002897650	+9.51996880920296E-11	+1.59983327686765E-14	+6.46766710507267E-02	+2.54212417602539E+01	+4.94776357989915E+06	+0.00000000000000E+00	+4.94776484626770E+06	+4.94773230197907E+06	+4.94779485801697E+06 	0	0	0	0
		B	s3	162	2:42:07 PM	0.0003040703	+1.20374462717918E-10	+1.59916770127242E-14	+6.47035900524076E-02	+2.54512233734131E+01	+4.94776356114977E+06	+0.00000000000000E+00	+4.94776490745545E+06	+4.94773225936890E+06	+4.94779486312866E+06 	0	0	0	0
		B	s3	163	2:42:09 PM	0.0003187203	+9.71583274907575E-11	+1.60033001341900E-14	+6.46565951000291E-02	+2.54542789459229E+01	+4.94776360093689E+06	+0.00000000000000E+00	+4.94776487178803E+06	+4.94773227264404E+06	+4.94779492942810E+06 	0	0	0	0
		B	s3	164	2:42:11 PM	0.0003337150	+9.52194531147941E-11	+1.60072328462989E-14	+6.46407110023862E-02	+2.54255447387695E+01	+4.94776356429690E+06	+0.00000000000000E+00	+4.94776487117768E+06	+4.94773226367951E+06	+4.94779486511231E+06 	0	0	0	0
		B	s3	165	2:42:13 PM	0.0003490544	+9.57784373082466E-11	+1.59956032872144E-14	+6.46877075725606E-02	+2.54287891387939E+01	+4.94776357499724E+06	+0.00000000000000E+00	+4.94776485118866E+06	+4.94773229312897E+06	+4.94779485706330E+06 	0	0	0	0
		B	s3	166	2:42:15 PM	0.0003647385	+9.64484380987768E-11	+1.60137886301851E-14	+6.46142477555179E-02	+2.54349746704102E+01	+4.94776357938387E+06	+0.00000000000000E+00	+4.94776488849640E+06	+4.94773225433350E+06	+4.94779490463257E+06 	0	0	0	0
		B	s3	167	2:42:17 PM	0.0003807673	+9.71061408944227E-11	+1.60151404952828E-14	+6.46087930743907E-02	+2.54463310241699E+01	+4.94776359788505E+06	+0.00000000000000E+00	+4.94776487815857E+06	+4.94773225620270E+06	+4.94779493976593E+06 	0	0	0	0
		B	s3	168	2:42:19 PM	0.0003971408	+1.20742756441750E-10	+1.60125103808693E-14	+6.46194050131276E-02	+2.54464836120605E+01	+4.94776360921473E+06	+0.00000000000000E+00	+4.94776488609314E+06	+4.94773227249146E+06	+4.94779494613648E+06 	0	0	0	0
		B	s3	169	2:42:21 PM	0.0004138590	+9.49359245387602E-11	+1.60159640906479E-14	+6.46054721612549E-02	+2.54327125549316E+01	+4.94776354079820E+06	+0.00000000000000E+00	+4.94776486457825E+06	+4.94773221427918E+06	+4.94779486751557E+06 	0	0	0	0
		B	s3	170	2:42:24 PM	0.0004309219	+1.21020055191155E-10	+1.60352202908451E-14	+6.45278886947828E-02	+2.54353771209717E+01	+4.94776356965613E+06	+0.00000000000000E+00	+4.94776486526489E+06	+4.94773220218659E+06	+4.94779493732453E+06 	0	0	0	0
		B	s3	171	2:42:25 PM	0.0004483296	+9.69323778234764E-11	+1.60196919409239E-14	+6.45904369966420E-02	+2.54432659149170E+01	+4.94776358665073E+06	+0.00000000000000E+00	+4.94776491092682E+06	+4.94773223983765E+06	+4.94779493366242E+06 	0	0	0	0
		B	s3	172	2:42:27 PM	0.0004660819	+1.23760153328336E-10	+1.60373506033977E-14	+6.45193162184524E-02	+2.54607925415039E+01	+4.94776360608626E+06	+0.00000000000000E+00	+4.94776494606018E+06	+4.94773220310211E+06	+4.94779500926972E+06 	0	0	0	0
		B	s3	173	2:42:29 PM	0.0004841789	+7.26086698705179E-11	+1.60355415153363E-14	+6.45265952342185E-02	+2.54482917785645E+01	+4.94776360169948E+06	+0.00000000000000E+00	+4.94776491310120E+06	+4.94773221767426E+06	+4.94779498592377E+06 	0	0	0	0
		B	s3	174	2:42:31 PM	0.0005026207	+7.27350022865480E-11	+1.60446664870721E-14	+6.44898974102132E-02	+2.54278831481934E+01	+4.94776360406464E+06	+0.00000000000000E+00	+4.94776489688873E+06	+4.94773222736359E+06	+4.94779498096466E+06 	0	0	0	0
		B	s3	175	2:42:33 PM	0.0005214071	+9.73358283523900E-11	+1.60394707624449E-14	+6.45107883691581E-02	+2.54209518432617E+01	+4.94776358451443E+06	+0.00000000000000E+00	+4.94776495929718E+06	+4.94773222652436E+06	+4.94779494270325E+06 	0	0	0	0
		B	s3	176	2:42:35 PM	0.0005405383	+7.10942459057399E-11	+1.60346541665156E-14	+6.45301663627091E-02	+2.54391517639160E+01	+4.94776359162876E+06	+0.00000000000000E+00	+4.94776490634918E+06	+4.94773222061157E+06	+4.94779496284485E+06 	0	0	0	0
		B	s3	177	2:42:37 PM	0.0005600142	+7.28754073429957E-11	+1.60466261390460E-14	+6.44820215454438E-02	+2.54294452667236E+01	+4.94776361196102E+06	+0.00000000000000E+00	+4.94776491020203E+06	+4.94773222949982E+06	+4.94779499462128E+06 	0	0	0	0
		B	s3	178	2:42:39 PM	0.0005798347	+7.25550976341574E-11	+1.60485980307765E-14	+6.44740988562061E-02	+2.54255790710449E+01	+4.94776360356870E+06	+0.00000000000000E+00	+4.94776493850708E+06	+4.94773222202301E+06	+4.94779498531342E+06 	0	0	0	0
		B	s3	179	2:42:41 PM	0.0006000000	+9.85315819865894E-11	+1.60382189765232E-14	+6.45158223457096E-02	+2.54212036132813E+01	+4.94776362678129E+06	+0.00000000000000E+00	+4.94776499916077E+06	+4.94773227092743E+06	+4.94779498283386E+06 	0	0	0	0

