	10/06/22	Test 007 N (today) Location 07 Ramp 02	Tip H10	Box 5b Xtal 1		DLC	450 uN	2.6%		Points/Segment: 59	
		Seg 	ID Tag	Number	Time	Power	C0	C1	L1	R1	fs	fa	fr	f1	f2	Ch1 (Pk-Pk)	Ch2 (Pk-Pk)	Ch1 (RMS)	Ch2 (RMS)	
						uW	F	F	H	Ohms	Hz	Hz	Hz	Hz	Hz	V	V	V	V	
		B	s1	0	3:16:53 PM	0.0000000400	+7.56104576974736E-11	+1.65254692729962E-14	+6.26135475759583E-02	+2.64632892608643E+01	+4.94776513229383E+06	+0.00000000000000E+00	+4.94776642978668E+06	+4.94773149940491E+06	+4.94779876541138E+06 	0	0	0	0
		B	s1	1	3:16:55 PM	0.0000003847	+7.78216598698313E-11	+1.64930916295241E-14	+6.27364572094912E-02	+2.68997764587402E+01	+4.94776541745819E+06	+0.00000000000000E+00	+4.94776660224915E+06	+4.94773129680634E+06	+4.94779953834534E+06 	0	0	0	0
		B	s1	2	3:16:57 PM	0.0000014189	+9.52426508027861E-11	+1.64243468316742E-14	+6.29990446409099E-02	+2.70785198211670E+01	+4.94776536491015E+06	+0.00000000000000E+00	+4.94776648105622E+06	+4.94773116069794E+06	+4.94779956935883E+06 	0	0	0	0
		B	s1	3	3:16:59 PM	0.0000031425	+1.36806701765785E-10	+1.64935625973632E-14	+6.27346675194444E-02	+2.71185874938965E+01	+4.94776534934484E+06	+0.00000000000000E+00	+4.94776654193878E+06	+4.94773095016480E+06	+4.94779974876404E+06 	0	0	0	0
		B	s1	4	3:17:02 PM	0.0000055555	+5.37406237784286E-11	+1.64932173696777E-14	+6.27359789704092E-02	+2.71296501159668E+01	+4.94776541556789E+06	+0.00000000000000E+00	+4.94776671627045E+06	+4.94773100307465E+06	+4.94779982830048E+06 	0	0	0	0
		B	s1	5	3:17:04 PM	0.0000086579	+7.97719780137316E-11	+1.64778648200554E-14	+6.27944302853690E-02	+2.71462726593018E+01	+4.94776542600116E+06	+0.00000000000000E+00	+4.94776661254883E+06	+4.94773102447510E+06	+4.94779982776642E+06 	0	0	0	0
		B	s1	6	3:17:06 PM	0.0000124498	+9.87825551346339E-11	+1.64828681801178E-14	+6.27753682566781E-02	+2.70996189117432E+01	+4.94776545890327E+06	+0.00000000000000E+00	+4.94776668426514E+06	+4.94773110607147E+06	+4.94779981197357E+06 	0	0	0	0
		B	s1	7	3:17:09 PM	0.0000169311	+7.25904065895666E-11	+1.64818929411537E-14	+6.27790841423742E-02	+2.71096343994141E+01	+4.94776540189254E+06	+0.00000000000000E+00	+4.94776664096832E+06	+4.94773103839874E+06	+4.94779976562500E+06 	0	0	0	0
		B	s1	8	3:17:10 PM	0.0000221019	+1.19554559484246E-10	+1.64483992988433E-14	+6.29069192630106E-02	+2.71297206878662E+01	+4.94776544272918E+06	+0.00000000000000E+00	+4.94776656372071E+06	+4.94773112365723E+06	+4.94779976203919E+06 	0	0	0	0
		B	s1	9	3:17:12 PM	0.0000279621	+7.50131459226858E-11	+1.64769052624256E-14	+6.27980881005067E-02	+2.70846366882324E+01	+4.94776539109724E+06	+0.00000000000000E+00	+4.94776644256592E+06	+4.94773106967926E+06	+4.94779971275330E+06 	0	0	0	0
		B	s1	10	3:17:15 PM	0.0000345117	+1.17383604331037E-10	+1.64757549586766E-14	+6.28024743773787E-02	+2.70614204406738E+01	+4.94776531854192E+06	+0.00000000000000E+00	+4.94776652267456E+06	+4.94773102893830E+06	+4.94779960838318E+06 	0	0	0	0
		B	s1	11	3:17:17 PM	0.0000417508	+9.45262616199649E-11	+1.64720640595972E-14	+6.28165470092242E-02	+2.70634040832520E+01	+4.94776530013604E+06	+0.00000000000000E+00	+4.94776650196076E+06	+4.94773101570130E+06	+4.94779958480835E+06 	0	0	0	0
		B	s1	12	3:17:19 PM	0.0000496793	+7.33886060418902E-11	+1.64715129582695E-14	+6.28186487687924E-02	+2.70556068420410E+01	+4.94776529803803E+06	+0.00000000000000E+00	+4.94776645080567E+06	+4.94773102462769E+06	+4.94779957168579E+06 	0	0	0	0
		B	s1	13	3:17:21 PM	0.0000582972	+1.14416891260449E-10	+1.64802373135573E-14	+6.27853947134579E-02	+2.70608177185059E+01	+4.94776525622878E+06	+0.00000000000000E+00	+4.94776650810242E+06	+4.94773095806122E+06	+4.94779955463410E+06 	0	0	0	0
		B	s1	14	3:17:24 PM	0.0000676045	+6.94169094593272E-11	+1.64705401489063E-14	+6.28223593930935E-02	+2.70631828308105E+01	+4.94776528508708E+06	+0.00000000000000E+00	+4.94776641593933E+06	+4.94773100410462E+06	+4.94779956630707E+06 	0	0	0	0
		B	s1	15	3:17:25 PM	0.0000776013	+7.39480466200493E-11	+1.64725644875132E-14	+6.28146379057509E-02	+2.70799407958984E+01	+4.94776533044366E+06	+0.00000000000000E+00	+4.94776646224976E+06	+4.94773102401734E+06	+4.94779963710785E+06 	0	0	0	0
		B	s1	16	3:17:28 PM	0.0000882876	+7.35343729224238E-11	+1.65047390505183E-14	+6.26921858131206E-02	+2.70769329071045E+01	+4.94776534553035E+06	+0.00000000000000E+00	+4.94776649993897E+06	+4.94773097591400E+06	+4.94779971538544E+06 	0	0	0	0
		B	s1	17	3:17:30 PM	0.0000996632	+1.18680069666620E-10	+1.65344853522412E-14	+6.25794007356183E-02	+2.70151863098145E+01	+4.94776530377860E+06	+0.00000000000000E+00	+4.94776654579163E+06	+4.94773095073700E+06	+4.94779965705872E+06 	0	0	0	0
		B	s1	18	3:17:32 PM	0.0001117283	+9.51414686945329E-11	+1.65045213440566E-14	+6.26930131362774E-02	+2.70246372222900E+01	+4.94776533099681E+06	+0.00000000000000E+00	+4.94776650203705E+06	+4.94773102821350E+06	+4.94779963401795E+06 	0	0	0	0
		B	s1	19	3:17:34 PM	0.0001244828	+9.46682095049378E-11	+1.64955411372167E-14	+6.27271440314460E-02	+2.69851646423340E+01	+4.94776530383665E+06	+0.00000000000000E+00	+4.94776648986817E+06	+4.94773106979370E+06	+4.94779953811646E+06 	0	0	0	0
		B	s1	20	3:17:36 PM	0.0001379268	+9.04784651746685E-11	+1.64725780961009E-14	+6.28145879461283E-02	+2.71087207794189E+01	+4.94776525428297E+06	+0.00000000000000E+00	+4.94776637367249E+06	+4.94773091136933E+06	+4.94779959743500E+06 	0	0	0	0
		B	s1	21	3:17:38 PM	0.0001520602	+9.17074497261164E-11	+1.64834734951330E-14	+6.27730677577285E-02	+2.71661510467529E+01	+4.94776527083809E+06	+0.00000000000000E+00	+4.94776641616821E+06	+4.94773083240509E+06	+4.94779970951080E+06 	0	0	0	0
		B	s1	22	3:17:40 PM	0.0001668830	+8.96621350416960E-11	+1.64821592404316E-14	+6.27780733169363E-02	+2.71398334503174E+01	+4.94776526456317E+06	+0.00000000000000E+00	+4.94776639793396E+06	+4.94773086223603E+06	+4.94779966712952E+06 	0	0	0	0
		B	s1	23	3:17:42 PM	0.0001823953	+6.97040110803291E-11	+1.65044295637921E-14	+6.26933633185118E-02	+2.71501102447510E+01	+4.94776526984611E+06	+0.00000000000000E+00	+4.94776641746521E+06	+4.94773080799103E+06	+4.94779973194123E+06 	0	0	0	0
		B	s1	24	3:17:44 PM	0.0001985970	+1.16003895472812E-10	+1.65059180887927E-14	+6.26877100454788E-02	+2.71473464965820E+01	+4.94776525029579E+06	+0.00000000000000E+00	+4.94776643341065E+06	+4.94773078884125E+06	+4.94779971199036E+06 	0	0	0	0
		B	s1	25	3:17:46 PM	0.0002154881	+7.04114671238196E-11	+1.65338884330802E-14	+6.25816618597826E-02	+2.71207714080811E+01	+4.94776523126028E+06	+0.00000000000000E+00	+4.94776645793915E+06	+4.94773074520111E+06	+4.94779971755982E+06 	0	0	0	0
		B	s1	26	3:17:48 PM	0.0002330687	+1.14150805668286E-10	+1.65103253962063E-14	+6.26709762749495E-02	+2.71230506896973E+01	+4.94776524070198E+06	+0.00000000000000E+00	+4.94776638397217E+06	+4.94773080089569E+06	+4.94779968074799E+06 	0	0	0	0
		B	s1	27	3:17:51 PM	0.0002513387	+7.07662205151044E-11	+1.65514398048566E-14	+6.25152986792792E-02	+2.71369037628174E+01	+4.94776526036602E+06	+0.00000000000000E+00	+4.94776648242951E+06	+4.94773071716309E+06	+4.94779980381012E+06 	0	0	0	0
		B	s1	28	3:17:53 PM	0.0002702982	+1.12787901341955E-10	+1.65459647148246E-14	+6.25359853582899E-02	+2.71571102142334E+01	+4.94776525039049E+06	+0.00000000000000E+00	+4.94776644840241E+06	+4.94773069290161E+06	+4.94779980812073E+06 	0	0	0	0
		B	s1	29	3:17:55 PM	0.0002899470	+9.38635268288638E-11	+1.65468830083754E-14	+6.25325149920934E-02	+2.71623477935791E+01	+4.94776524405803E+06	+0.00000000000000E+00	+4.94776647983551E+06	+4.94773067798615E+06	+4.94779981037140E+06 	0	0	0	0
		B	s1	30	3:17:57 PM	0.0003102853	+9.59152439594734E-11	+1.65450862251520E-14	+6.25393044388040E-02	+2.72033557891846E+01	+4.94776530476860E+06	+0.00000000000000E+00	+4.94776654071808E+06	+4.94773069026947E+06	+4.94779991950989E+06 	0	0	0	0
		B	s1	31	3:17:59 PM	0.0003313131	+9.55340892077065E-11	+1.65546230033959E-14	+6.25032760948376E-02	+2.71891822814941E+01	+4.94776533387473E+06	+0.00000000000000E+00	+4.94776655708313E+06	+4.94773071746826E+06	+4.94779995052338E+06 	0	0	0	0
		B	s1	32	3:18:01 PM	0.0003530302	+1.17544276584326E-10	+1.65781082549133E-14	+6.24147323463216E-02	+2.71852226257324E+01	+4.94776529248495E+06	+0.00000000000000E+00	+4.94776652442932E+06	+4.94773063201905E+06	+4.94779995319367E+06 	0	0	0	0
		B	s1	33	3:18:03 PM	0.0003754369	+7.49657383051077E-11	+1.65721811629068E-14	+6.24370539077463E-02	+2.71797103881836E+01	+4.94776534245762E+06	+0.00000000000000E+00	+4.94776663619995E+06	+4.94773070140839E+06	+4.94779998374939E+06 	0	0	0	0
		B	s1	34	3:18:05 PM	0.0003985329	+9.56113578652038E-11	+1.66001007953169E-14	+6.23320412452397E-02	+2.71714515686035E+01	+4.94776534529924E+06	+0.00000000000000E+00	+4.94776660316467E+06	+4.94773065643311E+06	+4.94780003440857E+06 	0	0	0	0
		B	s1	35	3:18:07 PM	0.0004223184	+1.18213796104288E-10	+1.65852024468087E-14	+6.23880330308658E-02	+2.71879787445068E+01	+4.94776536771065E+06	+0.00000000000000E+00	+4.94776665508270E+06	+4.94773068889618E+06	+4.94780004676819E+06 	0	0	0	0
		B	s1	36	3:18:09 PM	0.0004467933	+5.55894335973404E-11	+1.65741945054794E-14	+6.24294677480681E-02	+2.71919250488281E+01	+4.94776540774603E+06	+0.00000000000000E+00	+4.94776663169861E+06	+4.94773074691773E+06	+4.94780006881714E+06 	0	0	0	0
		B	s1	37	3:18:10 PM	0.0004719576	+7.69896104393427E-11	+1.65924304180919E-14	+6.23608558308664E-02	+2.71607398986816E+01	+4.94776536027213E+06	+0.00000000000000E+00	+4.94776662410736E+06	+4.94773070110321E+06	+4.94780001968384E+06 	0	0	0	0
		B	s1	38	3:18:12 PM	0.0004978114	+7.63598357887748E-11	+1.66179398187733E-14	+6.22651287307642E-02	+2.71560134887695E+01	+4.94776535819279E+06	+0.00000000000000E+00	+4.94776662269593E+06	+4.94773065177918E+06	+4.94780006484985E+06 	0	0	0	0
		B	s1	39	3:18:15 PM	0.0005243546	+9.75415960793021E-11	+1.66193082596415E-14	+6.22600010679488E-02	+2.71519565582275E+01	+4.94776538703192E+06	+0.00000000000000E+00	+4.94776665695191E+06	+4.94773068294525E+06	+4.94780009136200E+06 	0	0	0	0
		B	s1	40	3:18:17 PM	0.0005515873	+7.76852919330806E-11	+1.66090797070665E-14	+6.22983431407345E-02	+2.71534919738770E+01	+4.94776539456608E+06	+0.00000000000000E+00	+4.94776662464142E+06	+4.94773070987702E+06	+4.94780007949829E+06 	0	0	0	0
		B	s1	41	3:18:19 PM	0.0005795093	+9.99619232022855E-11	+1.66183781214673E-14	+6.22634852354831E-02	+2.71572666168213E+01	+4.94776540900454E+06	+0.00000000000000E+00	+4.94776671779633E+06	+4.94773070007324E+06	+4.94780011817932E+06 	0	0	0	0
		B	s1	42	3:18:21 PM	0.0006081209	+7.93661086672310E-11	+1.66112058989576E-14	+6.22903684613233E-02	+2.71521511077881E+01	+4.94776542041064E+06	+0.00000000000000E+00	+4.94776669433594E+06	+4.94773073299408E+06	+4.94780010807038E+06 	0	0	0	0
		B	s1	43	3:18:23 PM	0.0006374218	+1.00273177587910E-10	+1.66524017729870E-14	+6.21362697930256E-02	+2.71436290740967E+01	+4.94776543658443E+06	+0.00000000000000E+00	+4.94776675247193E+06	+4.94773067405701E+06	+4.94780019935608E+06 	0	0	0	0
		B	s1	44	3:18:24 PM	0.0006674122	+7.88384970711051E-11	+1.66520870295301E-14	+6.21374433828787E-02	+2.71406269073486E+01	+4.94776547068785E+06	+0.00000000000000E+00	+4.94776676380158E+06	+4.94773071266175E+06	+4.94780022895813E+06 	0	0	0	0
		B	s1	45	3:18:26 PM	0.0006980920	+1.01263884247723E-10	+1.66517777567386E-14	+6.21385975549041E-02	+2.71332969665527E+01	+4.94776546687322E+06	+0.00000000000000E+00	+4.94776680717468E+06	+4.94773071887970E+06	+4.94780021511078E+06 	0	0	0	0
		B	s1	46	3:18:29 PM	0.0007294612	+1.01033456262992E-10	+1.66507760811483E-14	+6.21423363967846E-02	+2.71261119842529E+01	+4.94776543841566E+06	+0.00000000000000E+00	+4.94776674411774E+06	+4.94773070171356E+06	+4.94780017536163E+06 	0	0	0	0
		B	s1	47	3:18:31 PM	0.0007615199	+1.02311915758211E-10	+1.66641816506199E-14	+6.20923448094664E-02	+2.71500835418701E+01	+4.94776547543689E+06	+0.00000000000000E+00	+4.94776679645539E+06	+4.94773068004608E+06	+4.94780027107239E+06 	0	0	0	0
		B	s1	48	3:18:33 PM	0.0007942680	+8.16590393650850E-11	+1.66850030673416E-14	+6.20148589693598E-02	+2.71533031463623E+01	+4.94776547757278E+06	+0.00000000000000E+00	+4.94776682399750E+06	+4.94773063457489E+06	+4.94780032081604E+06 	0	0	0	0
		B	s1	49	3:18:35 PM	0.0008277056	+1.04054033707977E-10	+1.66622571226030E-14	+6.20995160240233E-02	+2.71541271209717E+01	+4.94776549895449E+06	+0.00000000000000E+00	+4.94776680271149E+06	+4.94773070240021E+06	+4.94780029575348E+06 	0	0	0	0
		B	s1	50	3:18:37 PM	0.0008618326	+8.26599764323520E-11	+1.66626609011349E-14	+6.20980104967337E-02	+2.71652717590332E+01	+4.94776552678260E+06	+0.00000000000000E+00	+4.94776676734924E+06	+4.94773071510315E+06	+4.94780033870697E+06 	0	0	0	0
		B	s1	51	3:18:39 PM	0.0008966490	+1.02916584979874E-10	+1.66763427284046E-14	+6.20470636172072E-02	+2.71659317016602E+01	+4.94776551093232E+06	+0.00000000000000E+00	+4.94776683639527E+06	+4.94773066982269E+06	+4.94780035228729E+06 	0	0	0	0
		B	s1	52	3:18:42 PM	0.0009321549	+8.21865971073410E-11	+1.66637035661639E-14	+6.20941252582837E-02	+2.71710433959961E+01	+4.94776551491882E+06	+0.00000000000000E+00	+4.94776683353424E+06	+4.94773069366455E+06	+4.94780033641815E+06 	0	0	0	0
		B	s1	53	3:18:44 PM	0.0009683502	+8.22848740982448E-11	+1.66723089713155E-14	+6.20620756260089E-02	+2.71976585388184E+01	+4.94776550599206E+06	+0.00000000000000E+00	+4.94776681015015E+06	+4.94773063262940E+06	+4.94780037960053E+06 	0	0	0	0
		B	s1	54	3:18:46 PM	0.0010052349	+8.51064271585182E-11	+1.66604370483794E-14	+6.21062993344638E-02	+2.72122306823730E+01	+4.94776552958601E+06	+0.00000000000000E+00	+4.94776685813904E+06	+4.94773066238404E+06	+4.94780039703369E+06 	0	0	0	0
		B	s1	55	3:18:48 PM	0.0010428090	+8.52861217622041E-11	+1.66782513211199E-14	+6.20399623218674E-02	+2.72230758666992E+01	+4.94776554587440E+06	+0.00000000000000E+00	+4.94776688491822E+06	+4.94773062747955E+06	+4.94780046451569E+06 	0	0	0	0
		B	s1	56	3:18:51 PM	0.0010810726	+8.42917295460807E-11	+1.66726822329970E-14	+6.20606849994770E-02	+2.72200012207031E+01	+4.94776555399982E+06	+0.00000000000000E+00	+4.94776684326172E+06	+4.94773065120697E+06	+4.94780045703888E+06 	0	0	0	0
		B	s1	57	3:18:53 PM	0.0011200256	+8.53627689182526E-11	+1.66899550961893E-14	+6.19964568714508E-02	+2.72376575469971E+01	+4.94776555125282E+06	+0.00000000000000E+00	+4.94776688991547E+06	+4.94773058963776E+06	+4.94780051311493E+06 	0	0	0	0
		B	s1	58	3:18:55 PM	0.0011596681	+1.06484762521989E-10	+1.66820589619675E-14	+6.20258011888528E-02	+2.72288742065430E+01	+4.94776557208127E+06	+0.00000000000000E+00	+4.94776686416626E+06	+4.94773063827515E+06	+4.94780050613403E+06 	0	0	0	0
		B	s1	59	3:18:57 PM	0.0012000000	+6.25046515113054E-11	+1.67041213207455E-14	+6.19438791698959E-02	+2.72468204498291E+01	+4.94776557175653E+06	+0.00000000000000E+00	+4.94776688190460E+06	+4.94773056869507E+06	+4.94780057506561E+06 	0	0	0	0
		T	s2 	60	3:23:13 PM	0.0012000000	+6.47986647402671E-11	+1.67787801807889E-14	+6.16681670678988E-02	+2.84147205352783E+01	+4.94776904653314E+06	+0.00000000000000E+00	+4.94777024494171E+06	+4.94773237991333E+06	+4.94780571342469E+06 	0.936000	0.341992	0.319653	0.066969
		T	s2 	61	3:23:18 PM	0.0011596681	+6.27367821160607E-11	+1.68199578985503E-14	+6.15171817569138E-02	+2.84406528472900E+01	+4.94776955386789E+06	+0.00000000000000E+00	+4.94777082427979E+06	+4.94773276371002E+06	+4.94780634429932E+06 	0.920000	0.320000	0.316259	0.064771
		T	s2 	62	3:23:24 PM	0.0011200256	+8.88470871426563E-11	+1.68383675286757E-14	+6.14499185811011E-02	+2.85028171539307E+01	+4.94776977744640E+06	+0.00000000000000E+00	+4.94777103061676E+06	+4.94773286651612E+06	+4.94780668865204E+06 	0.896000	0.302000	0.311588	0.062002
		T	s2 	63	3:23:29 PM	0.0010810726	+7.04655064490235E-11	+1.68381843137253E-14	+6.14505874354694E-02	+2.84728450775146E+01	+4.94776976848215E+06	+0.00000000000000E+00	+4.94777110843659E+06	+4.94773289676666E+06	+4.94780664047241E+06 	0.872000	0.286000	0.306230	0.060845
		T	s2 	64	3:23:35 PM	0.0010428090	+7.38309702603413E-11	+1.68539111246035E-14	+6.13932428112599E-02	+2.84758224487305E+01	+4.94776991057934E+06	+0.00000000000000E+00	+4.94777119354248E+06	+4.94773300056458E+06	+4.94780682086945E+06 	0.840000	0.312000	0.300643	0.058359
		T	s2 	65	3:23:40 PM	0.0010052349	+9.57587078560560E-11	+1.68501446009313E-14	+6.14069668644842E-02	+2.84814815521240E+01	+4.94776987906995E+06	+0.00000000000000E+00	+4.94777124900818E+06	+4.94773296997071E+06	+4.94780678844452E+06 	0.816000	0.288000	0.293087	0.056691
		T	s2 	66	3:23:45 PM	0.0009683502	+7.61765359709376E-11	+1.68626187226826E-14	+6.13615405911695E-02	+2.84173488616943E+01	+4.94776989806755E+06	+0.00000000000000E+00	+4.94777120529175E+06	+4.94773304481507E+06	+4.94780675159455E+06 	0.792000	0.292000	0.285529	0.054503
		T	s2 	67	3:23:50 PM	0.0009321549	+9.65249676243278E-11	+1.68670465331297E-14	+6.13454299119847E-02	+2.84503078460693E+01	+4.94776999921386E+06	+0.00000000000000E+00	+4.94777135227204E+06	+4.94773309352875E+06	+4.94780690517426E+06 	0.792000	0.248000	0.276965	0.049732
		T	s2 	68	3:23:55 PM	0.0008966490	+9.76442748358430E-11	+1.68612388561460E-14	+6.13665587598183E-02	+2.84819049835205E+01	+4.94777003720804E+06	+0.00000000000000E+00	+4.94777138572693E+06	+4.94773310325623E+06	+4.94780697143555E+06 	0.744000	0.218000	0.266310	0.045818
		T	s2 	69	3:24:01 PM	0.0008618326	+9.80429459601741E-11	+1.68511285876296E-14	+6.14033765077068E-02	+2.84715156555176E+01	+4.94777006537984E+06	+0.00000000000000E+00	+4.94777135181427E+06	+4.94773316703797E+06	+4.94780696399689E+06 	0.736000	0.192000	0.258695	0.044009
		T	s2 	70	3:24:06 PM	0.0008277056	+7.97062578410530E-11	+1.68577419891383E-14	+6.13792872303148E-02	+2.84639797210693E+01	+4.94777007886476E+06	+0.00000000000000E+00	+4.94777136772156E+06	+4.94773317581177E+06	+4.94780698219300E+06 	0.736000	0.174000	0.254409	0.042855
		T	s2 	71	3:24:11 PM	0.0007942680	+8.16972557519875E-11	+1.68439112201831E-14	+6.14296846529710E-02	+2.84529857635498E+01	+4.94777015782933E+06	+0.00000000000000E+00	+4.94777136447907E+06	+4.94773329929352E+06	+4.94780701663971E+06 	0.720000	0.186000	0.249897	0.042029
		T	s2 	72	3:24:17 PM	0.0007615199	+1.01047919416186E-10	+1.68355575414543E-14	+6.14601656128298E-02	+2.84440498352051E+01	+4.94777015758159E+06	+0.00000000000000E+00	+4.94777139312744E+06	+4.94773332889557E+06	+4.94780698654175E+06 	0.720000	0.172000	0.244076	0.041283
		T	s2 	73	3:24:22 PM	0.0007294612	+8.15764502356640E-11	+1.68500753163852E-14	+6.14072117508560E-02	+2.84533653259277E+01	+4.94777018558114E+06	+0.00000000000000E+00	+4.94777142711640E+06	+4.94773331306458E+06	+4.94780705837250E+06 	0.696000	0.202000	0.238693	0.039862
		T	s2 	74	3:24:28 PM	0.0006980920	+8.01982465610788E-11	+1.68462935717038E-14	+6.14209968327938E-02	+2.84593257904053E+01	+4.94777018285364E+06	+0.00000000000000E+00	+4.94777147499085E+06	+4.94773331089020E+06	+4.94780705509186E+06 	0.712000	0.160000	0.233618	0.038961
		T	s2 	75	3:24:33 PM	0.0006674122	+1.01703238506930E-10	+1.68407731128931E-14	+6.14411295924596E-02	+2.84659004211426E+01	+4.94777023269269E+06	+0.00000000000000E+00	+4.94777152698517E+06	+4.94773336429596E+06	+4.94780710136414E+06 	0.664000	0.176000	0.227979	0.038705
		T	s2 	76	3:24:38 PM	0.0006374218	+8.22449060159693E-11	+1.68261453238289E-14	+6.14945424850587E-02	+2.84772930145264E+01	+4.94777026805506E+06	+0.00000000000000E+00	+4.94777149570465E+06	+4.94773341693878E+06	+4.94780711944580E+06 	0.672000	0.160000	0.223278	0.037425
		T	s2 	77	3:24:44 PM	0.0006081209	+8.35893340702255E-11	+1.68413140788080E-14	+6.14391578487242E-02	+2.84322509765625E+01	+4.94777015905027E+06	+0.00000000000000E+00	+4.94777144329071E+06	+4.94773333305359E+06	+4.94780698532105E+06 	0.648000	0.154000	0.218317	0.037536
		T	s2 	78	3:24:49 PM	0.0005795093	+6.66487328565910E-11	+1.68174984923798E-14	+6.15261589247027E-02	+2.85105152130127E+01	+4.94777032428352E+06	+0.00000000000000E+00	+4.94777154739380E+06	+4.94773344913483E+06	+4.94780719970703E+06 	0.632000	0.164000	0.212456	0.035780
		T	s2 	79	3:24:54 PM	0.0005515873	+8.67099271511750E-11	+1.68192440660093E-14	+6.15197711264680E-02	+2.85185699462891E+01	+4.94777041871624E+06	+0.00000000000000E+00	+4.94777164745331E+06	+4.94773352931977E+06	+4.94780730838776E+06 	0.616000	0.172000	0.207279	0.035708
		T	s2 	80	3:25:00 PM	0.0005243546	+8.72684906999430E-11	+1.68044802025654E-14	+6.15738194315342E-02	+2.85425033569336E+01	+4.94777045655805E+06	+0.00000000000000E+00	+4.94777160533905E+06	+4.94773356861115E+06	+4.94780734477997E+06 	0.616000	0.138000	0.202155	0.033738
		T	s2 	81	3:25:05 PM	0.0004978114	+1.06102716526893E-10	+1.68163495135054E-14	+6.15303586205951E-02	+2.85515136718750E+01	+4.94777048854400E+06	+0.00000000000000E+00	+4.94777166519165E+06	+4.94773356288910E+06	+4.94780741447449E+06 	0.592000	0.128000	0.196955	0.033373
		T	s2 	82	3:25:11 PM	0.0004719576	+8.47350457205079E-11	+1.68209480093414E-14	+6.15135397082507E-02	+2.85095920562744E+01	+4.94777039996706E+06	+0.00000000000000E+00	+4.94777164089203E+06	+4.94773351844788E+06	+4.94780728176117E+06 	0.576000	0.128000	0.191354	0.033233
		T	s2 	83	3:25:17 PM	0.0004467933	+7.22519719814534E-11	+1.68083029354978E-14	+6.15598131467149E-02	+2.85792427062988E+01	+4.94777055604494E+06	+0.00000000000000E+00	+4.94777170959473E+06	+4.94773361221314E+06	+4.94780750015259E+06 	0.560000	0.146000	0.186213	0.032063
		T	s2 	84	3:25:23 PM	0.0004223184	+9.65927087926753E-11	+1.68058712340170E-14	+6.15687138950631E-02	+2.86067943572998E+01	+4.94777081965936E+06	+0.00000000000000E+00	+4.94777194042206E+06	+4.94773384555817E+06	+4.94780779403687E+06 	0.560000	0.124000	0.181557	0.030506
		T	s2 	85	3:25:28 PM	0.0003985329	+6.05503843451307E-11	+1.68085707702625E-14	+6.15588227575360E-02	+2.86561565399170E+01	+4.94777093659839E+06	+0.00000000000000E+00	+4.94777203830719E+06	+4.94773389274597E+06	+4.94780798072815E+06 	0.552000	0.136000	0.176141	0.030165
		T	s2 	86	3:25:34 PM	0.0003754369	+1.07830264292203E-10	+1.67981843912871E-14	+6.15968766676312E-02	+2.87207756042480E+01	+4.94777126334583E+06	+0.00000000000000E+00	+4.94777239135742E+06	+4.94773415889740E+06	+4.94780836807251E+06 	0.528000	0.190000	0.171458	0.029702
		T	s2 	87	3:25:40 PM	0.0003530302	+9.28074319051616E-11	+1.68127082519983E-14	+6.15436602204239E-02	+2.87464847564697E+01	+4.94777147408829E+06	+0.00000000000000E+00	+4.94777263397217E+06	+4.94773430431366E+06	+4.94780864414215E+06 	0.512000	0.168000	0.165865	0.030258
		T	s2 	88	3:25:45 PM	0.0003313131	+1.02825479849627E-10	+1.68093402762160E-14	+6.15559834187711E-02	+2.88021831512451E+01	+4.94777179141340E+06	+0.00000000000000E+00	+4.94777282085419E+06	+4.94773455707550E+06	+4.94780902603150E+06 	0.488000	0.124000	0.160656	0.028096
		T	s2 	89	3:25:51 PM	0.0003102853	+9.29192832161948E-11	+1.68091726044747E-14	+6.15565903676949E-02	+2.88557739257812E+01	+4.94777207566504E+06	+0.00000000000000E+00	+4.94777314407349E+06	+4.94773477241516E+06	+4.94780937919617E+06 	0.488000	0.186000	0.155610	0.026821
		T	s2 	90	3:25:57 PM	0.0002899470	+8.08264790986799E-11	+1.68102227513742E-14	+6.15527369197559E-02	+2.88874721527100E+01	+4.94777239569874E+06	+0.00000000000000E+00	+4.94777342235565E+06	+4.94773504913330E+06	+4.94780974254608E+06 	0.464000	0.136000	0.151535	0.027465
		T	s2 	91	3:26:02 PM	0.0002702982	+8.92234247077865E-11	+1.67995451342793E-14	+6.15918512428309E-02	+2.89346160888672E+01	+4.94777271540824E+06	+0.00000000000000E+00	+4.94777366992951E+06	+4.94773533164978E+06	+4.94781009944916E+06 	0.464000	0.122000	0.144837	0.025476
		T	s2 	92	3:26:08 PM	0.0002513387	+1.01801649371522E-10	+1.67857657639728E-14	+6.16424002173917E-02	+2.89786930084229E+01	+4.94777317847414E+06	+0.00000000000000E+00	+4.94777404834747E+06	+4.94773576847077E+06	+4.94781058876038E+06 	0.448000	0.140000	0.140873	0.025839
		T	s2 	93	3:26:13 PM	0.0002330687	+7.07547430758653E-11	+1.67905495317063E-14	+6.16248331163089E-02	+2.89893703460693E+01	+4.94777336581374E+06	+0.00000000000000E+00	+4.94777429588318E+06	+4.94773593135834E+06	+4.94781080055237E+06 	0.424000	0.128000	0.135199	0.024515
		T	s2 	94	3:26:18 PM	0.0002154881	+9.73974856200206E-11	+1.67815026564106E-14	+6.16580476587322E-02	+2.89914875030518E+01	+4.94777365809598E+06	+0.00000000000000E+00	+4.94777453853607E+06	+4.94773624107361E+06	+4.94781107540131E+06 	0.424000	0.110000	0.129481	0.024547
		T	s2 	95	3:26:24 PM	0.0001985970	+8.21712856222989E-11	+1.67691088852208E-14	+6.17036142334507E-02	+2.89891166687012E+01	+4.94777381322087E+06	+0.00000000000000E+00	+4.94777469223023E+06	+4.94773642688751E+06	+4.94781119983673E+06 	0.408000	0.112000	0.125275	0.023716
		T	s2 	96	3:26:30 PM	0.0001823953	+7.30473322546113E-11	+1.67717534353405E-14	+6.16938804236392E-02	+2.90085430145264E+01	+4.94777399195828E+06	+0.00000000000000E+00	+4.94777495960236E+06	+4.94773657466889E+06	+4.94781140953064E+06 	0.392000	0.128000	0.120381	0.022908
		T	s2 	97	3:26:35 PM	0.0001668830	+9.61576852362845E-11	+1.67596378066165E-14	+6.17384743237112E-02	+2.89815959930420E+01	+4.94777418929304E+06	+0.00000000000000E+00	+4.94777515819550E+06	+4.94773683376312E+06	+4.94781154510498E+06 	0.400000	0.112000	0.114843	0.020889
		T	s2 	98	3:26:40 PM	0.0001520602	+1.00886368223901E-10	+1.67906278168904E-14	+6.16245208541173E-02	+2.89726657867432E+01	+4.94777436703842E+06	+0.00000000000000E+00	+4.94777523941040E+06	+4.94773695396423E+06	+4.94781178039551E+06 	0.352000	0.114000	0.108797	0.020961
		T	s2 	99	3:26:46 PM	0.0001379268	+7.00828557766590E-11	+1.67485817174277E-14	+6.17792226238671E-02	+2.89212226867676E+01	+4.94777445191664E+06	+0.00000000000000E+00	+4.94777546688080E+06	+4.94773719879151E+06	+4.94781170532227E+06 	0.336000	0.146000	0.104382	0.020536
		T	s2 	100	3:26:52 PM	0.0001244828	+5.70270695853195E-11	+1.67246567446485E-14	+6.18675939494007E-02	+2.89253578186035E+01	+4.94777465785343E+06	+0.00000000000000E+00	+4.94777561508179E+06	+4.94773745262146E+06	+4.94781186336517E+06 	0.328000	0.098000	0.099445	0.021491
		T	s2 	101	3:26:57 PM	0.0001117283	+9.90663820503108E-11	+1.67519539451349E-14	+6.17667753286585E-02	+2.88910865783691E+01	+4.94777488923377E+06	+0.00000000000000E+00	+4.94777581390381E+06	+4.94773766742706E+06	+4.94781211132050E+06 	0.320000	0.110000	0.093406	0.019295
		T	s2 	102	3:27:03 PM	0.0000996632	+8.38443948546564E-11	+1.67402145080706E-14	+6.18100867250607E-02	+2.88422336578369E+01	+4.94777504489316E+06	+0.00000000000000E+00	+4.94777595066071E+06	+4.94773791206360E+06	+4.94781217800141E+06 	0.296000	0.096000	0.088198	0.018325
		T	s2 	103	3:27:08 PM	0.0000882876	+1.08933862612187E-10	+1.67109934035196E-14	+6.19181653096879E-02	+2.88399810791016E+01	+4.94777518474047E+06	+0.00000000000000E+00	+4.94777618865967E+06	+4.94773811962128E+06	+4.94781225013733E+06 	0.288000	0.114000	0.084111	0.018842
		T	s2 	104	3:27:14 PM	0.0000776013	+1.22394896856016E-10	+1.67166153151019E-14	+6.18973358565312E-02	+2.86450538635254E+01	+4.94777542264584E+06	+0.00000000000000E+00	+4.94777639633179E+06	+4.94773859565735E+06	+4.94781224990845E+06 	0.304000	0.108000	0.078323	0.018327
		T	s2 	105	3:27:20 PM	0.0000676045	+8.88000696911340E-11	+1.66881719538090E-14	+6.20028308583123E-02	+2.86418018341064E+01	+4.94777554113084E+06	+0.00000000000000E+00	+4.94777664073944E+06	+4.94773878097534E+06	+4.94781230155945E+06 	0.296000	0.086000	0.073019	0.016427
		T	s2 	106	3:27:25 PM	0.0000582972	+7.77705676676920E-11	+1.67596209218116E-14	+6.17384953735662E-02	+2.85523376464844E+01	+4.94777583818100E+06	+0.00000000000000E+00	+4.94777692146301E+06	+4.94773903594971E+06	+4.94781264068604E+06 	0.256000	0.118000	0.068291	0.017011
		T	s2 	107	3:27:31 PM	0.0000496793	+8.12764375181392E-11	+1.67399601184823E-14	+6.18109997131511E-02	+2.86035137176514E+01	+4.94777609798079E+06	+0.00000000000000E+00	+4.94777707004547E+06	+4.94773927303314E+06	+4.94781292320252E+06 	0.224000	0.112000	0.063606	0.014929
		T	s2 	108	3:27:36 PM	0.0000417508	+1.10653365313462E-10	+1.67683587117055E-14	+6.17063135808284E-02	+2.85716934204102E+01	+4.94777626338590E+06	+0.00000000000000E+00	+4.94777734313965E+06	+4.94773941699982E+06	+4.94781311004639E+06 	0.208000	0.098000	0.057391	0.017144
		T	s2 	109	3:27:42 PM	0.0000345117	+7.76099915805469E-11	+1.67340854426242E-14	+6.18326902335338E-02	+2.85463409423828E+01	+4.94777645318697E+06	+0.00000000000000E+00	+4.94777747051239E+06	+4.94773971473694E+06	+4.94781319190979E+06 	0.192000	0.074000	0.052817	0.016888
		T	s2 	110	3:27:47 PM	0.0000279621	+8.86530528400030E-11	+1.67632148309607E-14	+6.17252368542973E-02	+2.84937591552734E+01	+4.94777672965718E+06	+0.00000000000000E+00	+4.94777789413452E+06	+4.94773999504090E+06	+4.94781346454621E+06 	0.176000	0.116000	0.048219	0.015065
		T	s2 	111	3:27:52 PM	0.0000221019	+5.90250184659702E-11	+1.67458450380956E-14	+6.17892536946261E-02	+2.84449958801270E+01	+4.94777706077365E+06	+0.00000000000000E+00	+4.94777824092865E+06	+4.94774042701721E+06	+4.94781369480133E+06 	0.176000	0.120000	0.044972	0.014375
		T	s2 	112	3:27:58 PM	0.0000169311	+6.92030763362620E-11	+1.67579334175677E-14	+6.17446795641849E-02	+2.84132137298584E+01	+4.94777715249816E+06	+0.00000000000000E+00	+4.94777867233277E+06	+4.94774053325653E+06	+4.94781377201080E+06 	0.168000	0.078000	0.039669	0.014003
		T	s2 	113	3:28:03 PM	0.0000124498	+9.94110967145605E-11	+1.67646397159018E-14	+6.17199682282755E-02	+2.84302158355713E+01	+4.94777762685549E+06	+0.00000000000000E+00	+4.94777874561310E+06	+4.94774097103119E+06	+4.94781428295136E+06 	0.136000	0.080000	0.035920	0.015343
		T	s2 	114	3:28:09 PM	0.0000086579	+1.06053577105851E-10	+1.67752623755135E-14	+6.16808788818923E-02	+2.83978843688965E+01	+4.94777787509705E+06	+0.00000000000000E+00	+4.94777912586212E+06	+4.94774123775482E+06	+4.94781451271057E+06 	0.144000	0.072000	0.031103	0.014275
		T	s2 	115	3:28:15 PM	0.0000055555	+5.67206374348113E-11	+1.67720758936333E-14	+6.16925940659182E-02	+2.84438381195068E+01	+4.94777801149116E+06	+0.00000000000000E+00	+4.94777930107117E+06	+4.94774132183075E+06	+4.94781470142365E+06 	0.112000	0.084000	0.024428	0.011580
		T	s2 	116	3:28:20 PM	0.0000031425	+7.35110626175761E-11	+1.67820930557083E-14	+6.16557664506837E-02	+2.83201026916504E+01	+4.94777815435260E+06	+0.00000000000000E+00	+4.94777929313660E+06	+4.94774160247803E+06	+4.94781470649719E+06 	0.104000	0.094000	0.023630	0.016085
		T	s2 	117	3:28:25 PM	0.0000014189	+8.35915249451766E-11	+1.67740371793658E-14	+6.16853723400689E-02	+2.81304664611816E+01	+4.94777834787412E+06	+0.00000000000000E+00	+4.94777945697785E+06	+4.94774205818176E+06	+4.94781463783264E+06 	0.096000	0.064000	0.016962	0.017676
		T	s2 	118	3:28:31 PM	0.0000003847	+7.11028567287866E-11	+1.66326478491386E-14	+6.22097423448285E-02	+2.80567092895508E+01	+4.94777832838394E+06	+0.00000000000000E+00	+4.94777978092194E+06	+4.94774243892670E+06	+4.94781421810150E+06 	0.096000	0.110000	0.016839	0.015383
		T	s2 	119	3:28:36 PM	0.0000000400	+1.16249893845644E-10	+1.63983585579237E-14	+6.30985710783794E-02	+2.75449905395508E+01	+4.94777771672452E+06	+0.00000000000000E+00	+4.94777986007691E+06	+4.94774297817230E+06	+4.94781245552063E+06 	0.096000	0.132000	0.021429	0.012647
		B	s3	120	3:30:37 PM	0.0000000400	+1.69060428443714E-10	+1.67812248190820E-14	+6.16592667527390E-02	+2.68836326599121E+01	+4.94776570367092E+06	+0.00000000000000E+00	+4.94776750286102E+06	+4.94773100776673E+06	+4.94780039981842E+06 	0	0	0	0
		B	s3	121	3:30:39 PM	0.0000003847	+1.00853638580526E-10	+1.66980681944571E-14	+6.19663154021746E-02	+2.73962421417236E+01	+4.94776631863483E+06	+0.00000000000000E+00	+4.94776765789032E+06	+4.94773113636017E+06	+4.94780150115967E+06 	0	0	0	0
		B	s3	122	3:30:41 PM	0.0000014189	+9.68633414220610E-11	+1.65963491037148E-14	+6.23461105856582E-02	+2.73946075439453E+01	+4.94776618428273E+06	+0.00000000000000E+00	+4.94776736991883E+06	+4.94773121841431E+06	+4.94780115039826E+06 	0	0	0	0
		B	s3	123	3:30:43 PM	0.0000031425	+5.80034240103129E-11	+1.66688183407048E-14	+6.20750562803831E-02	+2.74632434844971E+01	+4.94776613625398E+06	+0.00000000000000E+00	+4.94776734008789E+06	+4.94773092971802E+06	+4.94780134304047E+06 	0	0	0	0
		B	s3	124	3:30:45 PM	0.0000055555	+7.70572436397825E-11	+1.66857361644504E-14	+6.20121184106588E-02	+2.76248912811279E+01	+4.94776611193355E+06	+0.00000000000000E+00	+4.94776740489960E+06	+4.94773066223145E+06	+4.94780156188965E+06 	0	0	0	0
		B	s3	125	3:30:48 PM	0.0000086579	+1.21809747524990E-10	+1.67098632505296E-14	+6.19225774806124E-02	+2.76414318084717E+01	+4.94776621946935E+06	+0.00000000000000E+00	+4.94776740634918E+06	+4.94773069725037E+06	+4.94780174194336E+06 	0	0	0	0
		B	s3	126	3:30:50 PM	0.0000124498	+5.70647906444698E-11	+1.66426060895059E-14	+6.21728239215923E-02	+2.75753593444824E+01	+4.94776618078995E+06	+0.00000000000000E+00	+4.94776746982575E+06	+4.94773088611603E+06	+4.94780147571564E+06 	0	0	0	0
		B	s3	127	3:30:52 PM	0.0000169311	+9.67267653085183E-11	+1.66493089791074E-14	+6.21477959099458E-02	+2.75402317047119E+01	+4.94776608879874E+06	+0.00000000000000E+00	+4.94776737705231E+06	+4.94773082489014E+06	+4.94780135295868E+06 	0	0	0	0
		B	s3	128	3:30:55 PM	0.0000221019	+7.58743634172989E-11	+1.66551432982060E-14	+6.21260236328066E-02	+2.74850330352783E+01	+4.94776616129748E+06	+0.00000000000000E+00	+4.94776731796265E+06	+4.94773095573425E+06	+4.94780136711121E+06 	0	0	0	0
		B	s3	129	3:30:57 PM	0.0000279621	+9.50649488625727E-11	+1.66636265082868E-14	+6.20943975793162E-02	+2.75354404449463E+01	+4.94776610543065E+06	+0.00000000000000E+00	+4.94776728408814E+06	+4.94773081733704E+06	+4.94780139377594E+06 	0	0	0	0
		B	s3	130	3:30:59 PM	0.0000345117	+1.37494184129229E-10	+1.66506876744471E-14	+6.21426494446391E-02	+2.75417194366455E+01	+4.94776611105747E+06	+0.00000000000000E+00	+4.94776726604462E+06	+4.94773084232331E+06	+4.94780138004303E+06 	0	0	0	0
		B	s3	131	3:31:01 PM	0.0000417508	+1.18246499325527E-10	+1.66593773510665E-14	+6.21102347557090E-02	+2.75447559356689E+01	+4.94776613259127E+06	+0.00000000000000E+00	+4.94776727668762E+06	+4.94773084156037E+06	+4.94780142387390E+06 	0	0	0	0
		B	s3	132	3:31:04 PM	0.0000496793	+9.55230795005674E-11	+1.66787624921456E-14	+6.20380465410682E-02	+2.75432987213135E+01	+4.94776611925863E+06	+0.00000000000000E+00	+4.94776726921082E+06	+4.94773078903198E+06	+4.94780144973755E+06 	0	0	0	0
		B	s3	133	3:31:06 PM	0.0000582972	+1.15030328285008E-10	+1.66790537220340E-14	+6.20369654116320E-02	+2.75376739501953E+01	+4.94776603529719E+06	+0.00000000000000E+00	+4.94776731819153E+06	+4.94773071166992E+06	+4.94780135917664E+06 	0	0	0	0
		B	s3	134	3:31:08 PM	0.0000676045	+9.29447188148760E-11	+1.66528780012788E-14	+6.21344781708322E-02	+2.74990940093994E+01	+4.94776602143151E+06	+0.00000000000000E+00	+4.94776728931427E+06	+4.94773080265045E+06	+4.94780124046326E+06 	0	0	0	0
		B	s3	135	3:31:10 PM	0.0000776013	+9.51657589315402E-11	+1.66846446756755E-14	+6.20161776720146E-02	+2.75034446716309E+01	+4.94776601198961E+06	+0.00000000000000E+00	+4.94776728527069E+06	+4.94773072044373E+06	+4.94780130378723E+06 	0	0	0	0
		B	s3	136	3:31:12 PM	0.0000882876	+9.34098524653994E-11	+1.66800856852786E-14	+6.20331277674602E-02	+2.75159130096436E+01	+4.94776601704404E+06	+0.00000000000000E+00	+4.94776721042633E+06	+4.94773071914673E+06	+4.94780131519318E+06 	0	0	0	0
		B	s3	137	3:31:14 PM	0.0000996632	+1.19189694223874E-10	+1.67052738386309E-14	+6.19395925374978E-02	+2.75003299713135E+01	+4.94776609282277E+06	+0.00000000000000E+00	+4.94776738349915E+06	+4.94773076164246E+06	+4.94780142425537E+06 	0	0	0	0
		B	s3	138	3:31:16 PM	0.0001117283	+5.62314232488993E-11	+1.66743053452276E-14	+6.20546302401685E-02	+2.74981727600098E+01	+4.94776609780143E+06	+0.00000000000000E+00	+4.94776728115082E+06	+4.94773083488465E+06	+4.94780136096955E+06 	0	0	0	0
		B	s3	139	3:31:18 PM	0.0001244828	+7.43092516546010E-11	+1.66947704489227E-14	+6.19785601503597E-02	+2.74740753173828E+01	+4.94776614142241E+06	+0.00000000000000E+00	+4.94776729255677E+06	+4.94773086616516E+06	+4.94780141693115E+06 	0	0	0	0
		B	s3	140	3:31:20 PM	0.0001379268	+7.70307843546153E-11	+1.66561009539459E-14	+6.21224545224895E-02	+2.74188919067383E+01	+4.94776604681900E+06	+0.00000000000000E+00	+4.94776732799530E+06	+4.94773092395783E+06	+4.94780116992951E+06 	0	0	0	0
		B	s3	141	3:31:23 PM	0.0001520602	+1.13200462228226E-10	+1.66549819158853E-14	+6.21266274940849E-02	+2.76213722229004E+01	+4.94776608656632E+06	+0.00000000000000E+00	+4.94776724117279E+06	+4.94773070671082E+06	+4.94780146667481E+06 	0	0	0	0
		B	s3	142	3:31:25 PM	0.0001668830	+9.28196062638781E-11	+1.66893350129055E-14	+6.19987472699005E-02	+2.76131095886230E+01	+4.94776607184114E+06	+0.00000000000000E+00	+4.94776726211548E+06	+4.94773062961579E+06	+4.94780151432038E+06 	0	0	0	0
		B	s3	143	3:31:26 PM	0.0001823953	+9.21119343670401E-11	+1.66942465587043E-14	+6.19805077845585E-02	+2.76046295166016E+01	+4.94776603544893E+06	+0.00000000000000E+00	+4.94776728122711E+06	+4.94773059368134E+06	+4.94780147747040E+06 	0	0	0	0
		B	s3	144	3:31:29 PM	0.0001985970	+9.38920845555811E-11	+1.66943246361989E-14	+6.19802184500542E-02	+2.76019306182861E+01	+4.94776601383869E+06	+0.00000000000000E+00	+4.94776721904755E+06	+4.94773057537079E+06	+4.94780145256043E+06 	0	0	0	0
		B	s3	145	3:31:31 PM	0.0002154881	+1.13748213788719E-10	+1.67243454955107E-14	+6.18689614917841E-02	+2.76088085174561E+01	+4.94776601477277E+06	+0.00000000000000E+00	+4.94776725421906E+06	+4.94773050373078E+06	+4.94780152606964E+06 	0	0	0	0
		B	s3	146	3:31:33 PM	0.0002330687	+9.35086533971788E-11	+1.67117152194148E-14	+6.19157201568211E-02	+2.76032142639160E+01	+4.94776602570213E+06	+0.00000000000000E+00	+4.94776727043152E+06	+4.94773054866791E+06	+4.94780150299072E+06 	0	0	0	0
		B	s3	147	3:31:35 PM	0.0002513387	+7.38990622375309E-11	+1.66931790275649E-14	+6.19844711145881E-02	+2.76254558563232E+01	+4.94776604870483E+06	+0.00000000000000E+00	+4.94776724506378E+06	+4.94773058246613E+06	+4.94780151519776E+06 	0	0	0	0
		B	s3	148	3:31:38 PM	0.0002702982	+7.59710684826261E-11	+1.67447930775675E-14	+6.17934094058867E-02	+2.76436386108398E+01	+4.94776609457561E+06	+0.00000000000000E+00	+4.94776732204437E+06	+4.94773049526215E+06	+4.94780169414520E+06 	0	0	0	0
		B	s3	149	3:31:40 PM	0.0002899470	+9.60394568159284E-11	+1.67213862133881E-14	+6.18799092239706E-02	+2.76445140838623E+01	+4.94776607802017E+06	+0.00000000000000E+00	+4.94776732128143E+06	+4.94773052734375E+06	+4.94780162895203E+06 	0	0	0	0
		B	s3	150	3:31:42 PM	0.0003102853	+9.72894495943934E-11	+1.67492967730309E-14	+6.17767944774982E-02	+2.76776504516602E+01	+4.94776606987506E+06	+0.00000000000000E+00	+4.94776737815857E+06	+4.94773041717529E+06	+4.94780172283173E+06 	0	0	0	0
		B	s3	151	3:31:44 PM	0.0003313131	+9.68735960691016E-11	+1.67544526451419E-14	+6.17577829503589E-02	+2.76573352813721E+01	+4.94776610449355E+06	+0.00000000000000E+00	+4.94776738933563E+06	+4.94773046699524E+06	+4.94780174224854E+06 	0	0	0	0
		B	s3	152	3:31:47 PM	0.0003530302	+9.68069770555202E-11	+1.67745005176190E-14	+6.16839735465437E-02	+2.76481285095215E+01	+4.94776611340064E+06	+0.00000000000000E+00	+4.94776736759186E+06	+4.94773044513703E+06	+4.94780178192139E+06 	0	0	0	0
		B	s3	153	3:31:49 PM	0.0003754369	+7.82033493042800E-11	+1.67592562172719E-14	+6.17400808316545E-02	+2.76661739349365E+01	+4.94776614365126E+06	+0.00000000000000E+00	+4.94776739711762E+06	+4.94773048454285E+06	+4.94780180301666E+06 	0	0	0	0
		B	s3	154	3:31:51 PM	0.0003985329	+9.78848310305015E-11	+1.67733477619704E-14	+6.16882119893586E-02	+2.76498508453369E+01	+4.94776614609260E+06	+0.00000000000000E+00	+4.94776745742798E+06	+4.94773047805786E+06	+4.94780181438446E+06 	0	0	0	0
		B	s3	155	3:31:53 PM	0.0004223184	+9.78568878920867E-11	+1.67943052114692E-14	+6.16112319669352E-02	+2.76536827087402E+01	+4.94776614227754E+06	+0.00000000000000E+00	+4.94776746765137E+06	+4.94773042472839E+06	+4.94780186008454E+06 	0	0	0	0
		B	s3	156	3:31:55 PM	0.0004467933	+1.19651881956720E-10	+1.68028501016670E-14	+6.15798989978736E-02	+2.76562976837158E+01	+4.94776619480577E+06	+0.00000000000000E+00	+4.94776747344971E+06	+4.94773045570374E+06	+4.94780193416596E+06 	0	0	0	0
		B	s3	157	3:31:57 PM	0.0004719576	+8.00513454184878E-11	+1.67837333673722E-14	+6.16500388695326E-02	+2.76521720886230E+01	+4.94776618921757E+06	+0.00000000000000E+00	+4.94776748123169E+06	+4.94773049610138E+06	+4.94780188259125E+06 	0	0	0	0
		B	s3	158	3:31:59 PM	0.0004978114	+1.00977771411716E-10	+1.67806591889561E-14	+6.16613326649220E-02	+2.76610507965088E+01	+4.94776620329377E+06	+0.00000000000000E+00	+4.94776746654511E+06	+4.94773050525665E+06	+4.94780190158844E+06 	0	0	0	0
		B	s3	159	3:32:01 PM	0.0005243546	+1.00695253310963E-10	+1.68166524116814E-14	+6.15293565578983E-02	+2.76461486816406E+01	+4.94776621820882E+06	+0.00000000000000E+00	+4.94776750133515E+06	+4.94773046287537E+06	+4.94780197380066E+06 	0	0	0	0
		B	s3	160	3:32:03 PM	0.0005515873	+1.01706399009868E-10	+1.68145426276313E-14	+6.15370766500033E-02	+2.76343517303467E+01	+4.94776622738331E+06	+0.00000000000000E+00	+4.94776751586914E+06	+4.94773049179077E+06	+4.94780196323395E+06 	0	0	0	0
		B	s3	161	3:32:05 PM	0.0005795093	+8.14251233937860E-11	+1.68243853192958E-14	+6.15010759741217E-02	+2.76345767974854E+01	+4.94776622444584E+06	+0.00000000000000E+00	+4.94776759674072E+06	+4.94773046764374E+06	+4.94780198150635E+06 	0	0	0	0
		B	s3	162	3:32:06 PM	0.0006081209	+8.18898373701152E-11	+1.68253945340278E-14	+6.14973867955845E-02	+2.76387119293213E+01	+4.94776623423048E+06	+0.00000000000000E+00	+4.94776758789063E+06	+4.94773046993256E+06	+4.94780199878693E+06 	0	0	0	0
		B	s3	163	3:32:09 PM	0.0006374218	+8.35794988304021E-11	+1.68140425718827E-14	+6.15389059262960E-02	+2.76375331878662E+01	+4.94776626190630E+06	+0.00000000000000E+00	+4.94776755451203E+06	+4.94773052326203E+06	+4.94780200080872E+06 	0	0	0	0
		B	s3	164	3:32:11 PM	0.0006674122	+8.43411031481945E-11	+1.68225592407245E-14	+6.15077510870273E-02	+2.76317234039307E+01	+4.94776625627954E+06	+0.00000000000000E+00	+4.94776757476807E+06	+4.94773050704956E+06	+4.94780200576782E+06 	0	0	0	0
		B	s3	165	3:32:13 PM	0.0006980920	+1.03529162963145E-10	+1.68327770421932E-14	+6.14704144831841E-02	+2.76379051208496E+01	+4.94776626760898E+06	+0.00000000000000E+00	+4.94776759071350E+06	+4.94773048866272E+06	+4.94780204681397E+06 	0	0	0	0
		B	s3	166	3:32:15 PM	0.0007294612	+8.39795186090759E-11	+1.68339271030789E-14	+6.14662146289254E-02	+2.76242160797119E+01	+4.94776628033110E+06	+0.00000000000000E+00	+4.94776761547089E+06	+4.94773051666260E+06	+4.94780204425812E+06 	0	0	0	0
		B	s3	167	3:32:17 PM	0.0007615199	+8.46844949737358E-11	+1.68445876465716E-14	+6.14273141494332E-02	+2.76311149597168E+01	+4.94776627861426E+06	+0.00000000000000E+00	+4.94776761989594E+06	+4.94773048336029E+06	+4.94780207412720E+06 	0	0	0	0
		B	s3	168	3:32:19 PM	0.0007942680	+8.49954421472178E-11	+1.68416063032683E-14	+6.14381872293873E-02	+2.76166267395020E+01	+4.94776631634180E+06	+0.00000000000000E+00	+4.94776761436463E+06	+4.94773054618836E+06	+4.94780208675385E+06 	0	0	0	0
		B	s3	169	3:32:21 PM	0.0008277056	+8.68100738867052E-11	+1.68457555476275E-14	+6.14230552790722E-02	+2.76319522857666E+01	+4.94776628546162E+06	+0.00000000000000E+00	+4.94776763572693E+06	+4.94773048664093E+06	+4.94780208454132E+06 	0	0	0	0
		B	s3	170	3:32:23 PM	0.0008618326	+8.58190521272455E-11	+1.68618944928246E-14	+6.13642655896295E-02	+2.76339797973633E+01	+4.94776629076378E+06	+0.00000000000000E+00	+4.94776771564484E+06	+4.94773045501709E+06	+4.94780212677002E+06 	0	0	0	0
		B	s3	171	3:32:25 PM	0.0008966490	+1.06519497669631E-10	+1.68641263659913E-14	+6.13561437645154E-02	+2.76334400177002E+01	+4.94776631521596E+06	+0.00000000000000E+00	+4.94776762943268E+06	+4.94773047542572E+06	+4.94780215526581E+06 	0	0	0	0
		B	s3	172	3:32:27 PM	0.0009321549	+6.64669273172305E-11	+1.68680077557048E-14	+6.13420250678379E-02	+2.76434307098389E+01	+4.94776633238194E+06	+0.00000000000000E+00	+4.94776768192291E+06	+4.94773047138214E+06	+4.94780219364166E+06 	0	0	0	0
		B	s3	173	3:32:29 PM	0.0009683502	+8.59462894381575E-11	+1.68711691186375E-14	+6.13305298224273E-02	+2.76588745117188E+01	+4.94776636543610E+06	+0.00000000000000E+00	+4.94776770172119E+06	+4.94773047767639E+06	+4.94780225345612E+06 	0	0	0	0
		B	s3	174	3:32:31 PM	0.0010052349	+8.80723104383241E-11	+1.68745479196342E-14	+6.13182497480551E-02	+2.76848468780518E+01	+4.94776635837862E+06	+0.00000000000000E+00	+4.94776775936127E+06	+4.94773042972565E+06	+4.94780228729248E+06 	0	0	0	0
		B	s3	175	3:32:33 PM	0.0010428090	+6.77501124431206E-11	+1.68850676988078E-14	+6.12800463612807E-02	+2.76836814880371E+01	+4.94776638784700E+06	+0.00000000000000E+00	+4.94776772590637E+06	+4.94773043830872E+06	+4.94780233764649E+06 	0	0	0	0
		B	s3	176	3:32:35 PM	0.0010810726	+8.86793016350308E-11	+1.68593027953702E-14	+6.13736965967137E-02	+2.76881389617920E+01	+4.94776638019889E+06	+0.00000000000000E+00	+4.94776773960114E+06	+4.94773047973633E+06	+4.94780228092194E+06 	0	0	0	0
		B	s3	177	3:32:37 PM	0.0011200256	+8.88192794501924E-11	+1.68912426696884E-14	+6.12576437387290E-02	+2.76922664642334E+01	+4.94776640131270E+06	+0.00000000000000E+00	+4.94776776599884E+06	+4.94773042747498E+06	+4.94780237541199E+06 	0	0	0	0
		B	s3	178	3:32:38 PM	0.0011596681	+9.09637315302055E-11	+1.68883088540504E-14	+6.12682848477957E-02	+2.77054767608643E+01	+4.94776642114905E+06	+0.00000000000000E+00	+4.94776776409149E+06	+4.94773043640137E+06	+4.94780240615845E+06 	0	0	0	0
		B	s3	179	3:32:40 PM	0.0012000000	+8.77039027832478E-11	+1.68813110132389E-14	+6.12936831846582E-02	+2.77089405059814E+01	+4.94776639360701E+06	+0.00000000000000E+00	+4.94776780490875E+06	+4.94773041927338E+06	+4.94780236820221E+06 	0	0	0	0

