	10/07/22	Test #6 (today) Loc 7 Ramp 2 (Tip H10)	Tip H10	Box 5b Xtal 1		DLC	150 uN	2.2%		Points/Segment: 59	
		Seg 	ID Tag	Number	Time	Power	C0	C1	L1	R1	fs	fa	fr	f1	f2	Ch1 (Pk-Pk)	Ch2 (Pk-Pk)	Ch1 (RMS)	Ch2 (RMS)	
						uW	F	F	H	Ohms	Hz	Hz	Hz	Hz	Hz	V	V	V	V	
		B	s1	0	2:09:04 PM	0.0000000400	+3.01284389827401E-11	+1.51584983190503E-14	+6.82599076776517E-02	+2.23377189636230E+01	+4.94776647297682E+06	+0.00000000000000E+00	+4.94776811965943E+06	+4.94774043170929E+06	+4.94779251438141E+06 	0	0	0	0
		B	s1	1	2:09:06 PM	0.0000002985	+1.66969633260385E-10	+1.51931936038201E-14	+6.81040341592157E-02	+2.28862552642822E+01	+4.94776628076956E+06	+0.00000000000000E+00	+4.94776751579285E+06	+4.94773953895569E+06	+4.94779302272797E+06 	0	0	0	0
		B	s1	2	2:09:08 PM	0.0000010741	+9.70275934731589E-11	+1.52151519372693E-14	+6.80057505178256E-02	+2.30361938476562E+01	+4.94776615989972E+06	+0.00000000000000E+00	+4.94776749378205E+06	+4.94773920398712E+06	+4.94779311595917E+06 	0	0	0	0
		B	s1	3	2:09:11 PM	0.0000023668	+3.74645008592898E-11	+1.52472233426277E-14	+6.78626994284596E-02	+2.32155208587646E+01	+4.94776637966296E+06	+0.00000000000000E+00	+4.94776770168305E+06	+4.94773915664673E+06	+4.94779360282898E+06 	0	0	0	0
		B	s1	4	2:09:13 PM	0.0000041766	+4.52690377880936E-11	+1.52364258700783E-14	+6.79107908606427E-02	+2.31403160095215E+01	+4.94776638944825E+06	+0.00000000000000E+00	+4.94776771881104E+06	+4.94773927383423E+06	+4.94779350521088E+06 	0	0	0	0
		B	s1	5	2:09:15 PM	0.0000065034	+4.43372385549380E-11	+1.52254637269403E-14	+6.79596840308026E-02	+2.31638011932373E+01	+4.94776645309643E+06	+0.00000000000000E+00	+4.94776777465821E+06	+4.94773932949066E+06	+4.94779357685089E+06 	0	0	0	0
		B	s1	6	2:09:17 PM	0.0000093473	+1.08944113423706E-10	+1.52114688927150E-14	+6.80222084670254E-02	+2.31326465606689E+01	+4.94776644352188E+06	+0.00000000000000E+00	+4.94776777439118E+06	+4.94773938129425E+06	+4.94779350589752E+06 	0	0	0	0
		B	s1	7	2:09:19 PM	0.0000127082	+1.38548484168339E-10	+1.52231692518129E-14	+6.79699289428104E-02	+2.31689548492432E+01	+4.94776638561443E+06	+0.00000000000000E+00	+4.94776771465302E+06	+4.94773926006317E+06	+4.94779351131439E+06 	0	0	0	0
		B	s1	8	2:09:22 PM	0.0000165862	+1.10513847259983E-10	+1.52098352955185E-14	+6.80295153850578E-02	+2.31422080993652E+01	+4.94776640495524E+06	+0.00000000000000E+00	+4.94776769039154E+06	+4.94773933444977E+06	+4.94779347560883E+06 	0	0	0	0
		B	s1	9	2:09:23 PM	0.0000209813	+1.09447983699259E-10	+1.52396396153228E-14	+6.78964698045473E-02	+2.31617507934570E+01	+4.94776638885681E+06	+0.00000000000000E+00	+4.94776775093079E+06	+4.94773924240112E+06	+4.94779353546143E+06 	0	0	0	0
		B	s1	10	2:09:25 PM	0.0000258935	+3.89189149507944E-11	+1.52376639699202E-14	+6.79052739358327E-02	+2.31188888549805E+01	+4.94776635288450E+06	+0.00000000000000E+00	+4.94776770217896E+06	+4.94773926017761E+06	+4.94779344573975E+06 	0	0	0	0
		B	s1	11	2:09:28 PM	0.0000313227	+1.38946848244497E-10	+1.52647339432634E-14	+6.77848512642811E-02	+2.31211719512939E+01	+4.94776641525453E+06	+0.00000000000000E+00	+4.94776771846771E+06	+4.94773927173615E+06	+4.94779355892182E+06 	0	0	0	0
		B	s1	12	2:09:30 PM	0.0000372690	+7.80527541502005E-11	+1.52072514713384E-14	+6.80410736628748E-02	+2.30717411041260E+01	+4.94776642090115E+06	+0.00000000000000E+00	+4.94776772575379E+06	+4.94773943740845E+06	+4.94779340454102E+06 	0	0	0	0
		B	s1	13	2:09:32 PM	0.0000437324	+1.09110291030601E-10	+1.52169176789947E-14	+6.79978530227269E-02	+2.30353603363037E+01	+4.94776638689327E+06	+0.00000000000000E+00	+4.94776774360657E+06	+4.94773942882538E+06	+4.94779334510803E+06 	0	0	0	0
		B	s1	14	2:09:35 PM	0.0000507128	+7.98370982849243E-11	+1.52429729741596E-14	+6.78816218778857E-02	+2.30330486297607E+01	+4.94776639662051E+06	+0.00000000000000E+00	+4.94776774501801E+06	+4.94773939510346E+06	+4.94779339828491E+06 	0	0	0	0
		B	s1	15	2:09:37 PM	0.0000582104	+7.72578148552324E-11	+1.51979357196038E-14	+6.80827811711471E-02	+2.30225028991699E+01	+4.94776638676002E+06	+0.00000000000000E+00	+4.94776767646790E+06	+4.94773947734833E+06	+4.94779329631806E+06 	0	0	0	0
		B	s1	16	2:09:40 PM	0.0000662249	+1.07504615554538E-10	+1.52187383041259E-14	+6.79897177525223E-02	+2.29885234832764E+01	+4.94776641067818E+06	+0.00000000000000E+00	+4.94776770015717E+06	+4.94773950420380E+06	+4.94779331729889E+06 	0	0	0	0
		B	s1	17	2:09:41 PM	0.0000747566	+4.25311831143856E-11	+1.52058560731107E-14	+6.80473175580396E-02	+2.30249938964844E+01	+4.94776642238920E+06	+0.00000000000000E+00	+4.94776767032623E+06	+4.94773949604035E+06	+4.94779334888458E+06 	0	0	0	0
		B	s1	18	2:09:44 PM	0.0000838053	+4.21120535651178E-11	+1.52068110525235E-14	+6.80430439383431E-02	+2.30039119720459E+01	+4.94776643276530E+06	+0.00000000000000E+00	+4.94776764823914E+06	+4.94773952938080E+06	+4.94779333629608E+06 	0	0	0	0
		B	s1	19	2:09:45 PM	0.0000933711	+1.06843453420003E-10	+1.52101544118920E-14	+6.80280889327017E-02	+2.29496955871582E+01	+4.94776637441982E+06	+0.00000000000000E+00	+4.94776763114929E+06	+4.94773952854157E+06	+4.94779322044373E+06 	0	0	0	0
		B	s1	20	2:09:48 PM	0.0001034540	+7.32034804931499E-11	+1.51849039275663E-14	+6.81412109289230E-02	+2.29514694213867E+01	+4.94776636377704E+06	+0.00000000000000E+00	+4.94776764839173E+06	+4.94773956039429E+06	+4.94779316730499E+06 	0	0	0	0
		B	s1	21	2:09:49 PM	0.0001140539	+3.77356985829395E-11	+1.51845233352577E-14	+6.81429193925461E-02	+2.29327068328857E+01	+4.94776634420777E+06	+0.00000000000000E+00	+4.94776760017395E+06	+4.94773956340790E+06	+4.94779312515259E+06 	0	0	0	0
		B	s1	22	2:09:52 PM	0.0001251709	+3.57318761195924E-11	+1.52325182043215E-14	+6.79282144236952E-02	+2.29299716949463E+01	+4.94776631277422E+06	+0.00000000000000E+00	+4.94776758152008E+06	+4.94773945053101E+06	+4.94779317516327E+06 	0	0	0	0
		B	s1	23	2:09:54 PM	0.0001368050	+1.03301997735794E-10	+1.52043179890221E-14	+6.80542027737411E-02	+2.29244956970215E+01	+4.94776636856447E+06	+0.00000000000000E+00	+4.94776763843537E+06	+4.94773956245423E+06	+4.94779317481995E+06 	0	0	0	0
		B	s1	24	2:09:55 PM	0.0001489561	+7.26956652397869E-11	+1.52140533924644E-14	+6.80106567751765E-02	+2.29246120452881E+01	+4.94776631124855E+06	+0.00000000000000E+00	+4.94776763114929E+06	+4.94773948783875E+06	+4.94779313480377E+06 	0	0	0	0
		B	s1	25	2:09:58 PM	0.0001616243	+1.03812353829730E-10	+1.52087591043605E-14	+6.80343317338060E-02	+2.29083766937256E+01	+4.94776631428139E+06	+0.00000000000000E+00	+4.94776761535645E+06	+4.94773951919556E+06	+4.94779310951233E+06 	0	0	0	0
		B	s1	26	2:10:00 PM	0.0001748096	+7.05817775526174E-11	+1.52205180861256E-14	+6.79817707563531E-02	+2.28971309661865E+01	+4.94776629238499E+06	+0.00000000000000E+00	+4.94776760314942E+06	+4.94773948974610E+06	+4.94779309516907E+06 	0	0	0	0
		B	s1	27	2:10:03 PM	0.0001885119	+1.02758502845342E-10	+1.52347562785282E-14	+6.79182351240466E-02	+2.29023799896240E+01	+4.94776632189150E+06	+0.00000000000000E+00	+4.94776760425568E+06	+4.94773948802948E+06	+4.94779315589905E+06 	0	0	0	0
		B	s1	28	2:10:05 PM	0.0002027314	+6.91601410073698E-11	+1.52144946442040E-14	+6.80086842450399E-02	+2.29114608764648E+01	+4.94776631418595E+06	+0.00000000000000E+00	+4.94776757843018E+06	+4.94773950538635E+06	+4.94779312313080E+06 	0	0	0	0
		B	s1	29	2:10:07 PM	0.0002174679	+1.03119818154700E-10	+1.52167392428771E-14	+6.79986532335210E-02	+2.29223098754883E+01	+4.94776628330588E+06	+0.00000000000000E+00	+4.94776757972717E+06	+4.94773945785523E+06	+4.94779310890198E+06 	0	0	0	0
		B	s1	30	2:10:09 PM	0.0002327214	+1.00988172893781E-10	+1.52588030886776E-14	+6.78112021006019E-02	+2.29153728485107E+01	+4.94776627149904E+06	+0.00000000000000E+00	+4.94776762695313E+06	+4.94773938003540E+06	+4.94779316310883E+06 	0	0	0	0
		B	s1	31	2:10:11 PM	0.0002484920	+1.03134730168046E-10	+1.52639716908121E-14	+6.77882405495641E-02	+2.29007244110107E+01	+4.94776626036016E+06	+0.00000000000000E+00	+4.94776759273529E+06	+4.94773937698364E+06	+4.94779314388275E+06 	0	0	0	0
		B	s1	32	2:10:14 PM	0.0002647797	+9.95558721118932E-11	+1.52316518437537E-14	+6.79320798851106E-02	+2.29167690277100E+01	+4.94776624813427E+06	+0.00000000000000E+00	+4.94776755462647E+06	+4.94773940288544E+06	+4.94779309352875E+06 	0	0	0	0
		B	s1	33	2:10:16 PM	0.0002815845	+1.00991535782686E-10	+1.52183494590224E-14	+6.79914589449518E-02	+2.30382461547852E+01	+4.94776626577660E+06	+0.00000000000000E+00	+4.94776757179260E+06	+4.94773930179596E+06	+4.94779322990418E+06 	0	0	0	0
		B	s1	34	2:10:17 PM	0.0002989063	+1.02203691649956E-10	+1.52397477380435E-14	+6.78959916041417E-02	+2.30268421173096E+01	+4.94776626095087E+06	+0.00000000000000E+00	+4.94776754863739E+06	+4.94773927242279E+06	+4.94779324962616E+06 	0	0	0	0
		B	s1	35	2:10:20 PM	0.0003167453	+3.54372370446462E-11	+1.52519079154519E-14	+6.78418590811659E-02	+2.30518665313721E+01	+4.94776625366452E+06	+0.00000000000000E+00	+4.94776763736725E+06	+4.94773921424866E+06	+4.94779329322815E+06 	0	0	0	0
		B	s1	36	2:10:22 PM	0.0003351012	+1.03047986235454E-10	+1.52513312478849E-14	+6.78444228931438E-02	+2.30328826904297E+01	+4.94776630304590E+06	+0.00000000000000E+00	+4.94776763179779E+06	+4.94773928691864E+06	+4.94779331932068E+06 	0	0	0	0
		B	s1	37	2:10:24 PM	0.0003539743	+1.03694447864776E-10	+1.52479467854274E-14	+6.78594824567672E-02	+2.30545692443848E+01	+4.94776627788787E+06	+0.00000000000000E+00	+4.94776763916016E+06	+4.94773924232483E+06	+4.94779331359863E+06 	0	0	0	0
		B	s1	38	2:10:25 PM	0.0003733644	+1.03159706716776E-10	+1.52771021599963E-14	+6.77299763492704E-02	+2.30516262054443E+01	+4.94776630037525E+06	+0.00000000000000E+00	+4.94776768829346E+06	+4.94773921657562E+06	+4.94779338432312E+06 	0	0	0	0
		B	s1	39	2:10:27 PM	0.0003932716	+3.80623970816663E-11	+1.52635593408903E-14	+6.77900707332200E-02	+2.30606403350830E+01	+4.94776630186305E+06	+0.00000000000000E+00	+4.94776763629913E+06	+4.94773923149109E+06	+4.94779337238312E+06 	0	0	0	0
		B	s1	40	2:10:29 PM	0.0004136958	+7.59120035872452E-11	+1.52757444575851E-14	+6.77359965672186E-02	+2.30669231414795E+01	+4.94776628565043E+06	+0.00000000000000E+00	+4.94776764301300E+06	+4.94773918628693E+06	+4.94779338516235E+06 	0	0	0	0
		B	s1	41	2:10:30 PM	0.0004346372	+7.30710455305875E-11	+1.52540539996773E-14	+6.78323139092065E-02	+2.30526390075684E+01	+4.94776627332926E+06	+0.00000000000000E+00	+4.94776767299652E+06	+4.94773922920227E+06	+4.94779331760407E+06 	0	0	0	0
		B	s1	42	2:10:32 PM	0.0004560956	+1.05544285966203E-10	+1.52617292614046E-14	+6.77981988744396E-02	+2.30620403289795E+01	+4.94776632990109E+06	+0.00000000000000E+00	+4.94776767463684E+06	+4.94773926113129E+06	+4.94779339881897E+06 	0	0	0	0
		B	s1	43	2:10:34 PM	0.0004780710	+1.05764266403847E-10	+1.52596546734297E-14	+6.78074158525639E-02	+2.30568218231201E+01	+4.94776634287111E+06	+0.00000000000000E+00	+4.94776767753601E+06	+4.94773928390503E+06	+4.94779340198517E+06 	0	0	0	0
		B	s1	44	2:10:37 PM	0.0005005636	+1.06638490197425E-10	+1.52849563430858E-14	+6.76951726384831E-02	+2.30727024078369E+01	+4.94776632324414E+06	+0.00000000000000E+00	+4.94776771514893E+06	+4.94773920074463E+06	+4.94779344589234E+06 	0	0	0	0
		B	s1	45	2:10:39 PM	0.0005235732	+4.32905265381779E-11	+1.52800125153082E-14	+6.77170758819889E-02	+2.30861244201660E+01	+4.94776630277825E+06	+0.00000000000000E+00	+4.94776770488739E+06	+4.94773917327881E+06	+4.94779343242645E+06 	0	0	0	0
		B	s1	46	2:10:41 PM	0.0005470999	+4.39423160088175E-11	+1.52759476393014E-14	+6.77350939573904E-02	+2.30606575012207E+01	+4.94776634662840E+06	+0.00000000000000E+00	+4.94776772708893E+06	+4.94773925426483E+06	+4.94779343914032E+06 	0	0	0	0
		B	s1	47	2:10:43 PM	0.0005711436	+1.05323930792018E-10	+1.52697316983008E-14	+6.77626677636355E-02	+2.30617618560791E+01	+4.94776632923344E+06	+0.00000000000000E+00	+4.94776771503449E+06	+4.94773924659729E+06	+4.94779341201782E+06 	0	0	0	0
		B	s1	48	2:10:46 PM	0.0005957044	+7.70780906017691E-11	+1.52990612053158E-14	+6.76327607909642E-02	+2.30651283264160E+01	+4.94776635095783E+06	+0.00000000000000E+00	+4.94776776397705E+06	+4.94773921234131E+06	+4.94779348972321E+06 	0	0	0	0
		B	s1	49	2:10:47 PM	0.0006207823	+4.30906094115072E-11	+1.52774832511373E-14	+6.77282845807896E-02	+2.30612125396728E+01	+4.94776638326855E+06	+0.00000000000000E+00	+4.94776772857666E+06	+4.94773928752899E+06	+4.94779347915650E+06 	0	0	0	0
		B	s1	50	2:10:49 PM	0.0006463773	+4.41312529205023E-11	+1.52976975713239E-14	+6.76387898373205E-02	+2.30669574737549E+01	+4.94776634092518E+06	+0.00000000000000E+00	+4.94776775306702E+06	+4.94773920257569E+06	+4.94779347942352E+06 	0	0	0	0
		B	s1	51	2:10:52 PM	0.0006724893	+1.07294949264161E-10	+1.53073295243257E-14	+6.75962288266096E-02	+2.30528640747070E+01	+4.94776634515949E+06	+0.00000000000000E+00	+4.94776776626587E+06	+4.94773920631409E+06	+4.94779348415375E+06 	0	0	0	0
		B	s1	52	2:10:54 PM	0.0006991184	+4.43793826633645E-11	+1.52858612752061E-14	+6.76911641184947E-02	+2.30502929687500E+01	+4.94776635706157E+06	+0.00000000000000E+00	+4.94776776588440E+06	+4.94773925930023E+06	+4.94779345497132E+06 	0	0	0	0
		B	s1	53	2:10:56 PM	0.0007262645	+4.52809802500048E-11	+1.53083412707234E-14	+6.75917616005318E-02	+2.30835151672363E+01	+4.94776633459257E+06	+0.00000000000000E+00	+4.94776772865296E+06	+4.94773915786743E+06	+4.94779351146698E+06 	0	0	0	0
		B	s1	54	2:10:57 PM	0.0007539278	+1.10220163949708E-10	+1.53033712585264E-14	+6.76137127370008E-02	+2.30738334655762E+01	+4.94776634771524E+06	+0.00000000000000E+00	+4.94776773918152E+06	+4.94773919120789E+06	+4.94779350437164E+06 	0	0	0	0
		B	s1	55	2:10:59 PM	0.0007821081	+1.06747386217115E-10	+1.53053944492889E-14	+6.76047745699657E-02	+2.30736351013184E+01	+4.94776636381324E+06	+0.00000000000000E+00	+4.94776778186798E+06	+4.94773920394898E+06	+4.94779352382660E+06 	0	0	0	0
		B	s1	56	2:11:01 PM	0.0008108055	+4.34142482954209E-11	+1.53031689441723E-14	+6.76146061517393E-02	+2.30733928680420E+01	+4.94776636480509E+06	+0.00000000000000E+00	+4.94776773513794E+06	+4.94773920917511E+06	+4.94779352058411E+06 	0	0	0	0
		B	s1	57	2:11:02 PM	0.0008400199	+4.47532457435015E-11	+1.53166322453537E-14	+6.75551731172797E-02	+2.30909843444824E+01	+4.94776636032257E+06	+0.00000000000000E+00	+4.94776775047303E+06	+4.94773916007996E+06	+4.94779356071472E+06 	0	0	0	0
		B	s1	58	2:11:04 PM	0.0008697514	+4.46609643152170E-11	+1.53209849766339E-14	+6.75359807503691E-02	+2.30931491851807E+01	+4.94776635183482E+06	+0.00000000000000E+00	+4.94776777671814E+06	+4.94773914131165E+06	+4.94779356250763E+06 	0	0	0	0
		B	s1	59	2:11:06 PM	0.0009000000	+1.10885924929775E-10	+1.53113460245661E-14	+6.75784962050239E-02	+2.30992641448975E+01	+4.94776636915360E+06	+0.00000000000000E+00	+4.94776778656006E+06	+4.94773916854859E+06	+4.94779356990814E+06 	0	0	0	0
		T	s2 	60	2:15:07 PM	0.0009000000	+7.85815903530227E-11	+1.53385107914116E-14	+6.74587945180552E-02	+2.36399250030518E+01	+4.94776706615219E+06	+0.00000000000000E+00	+4.94776848457337E+06	+4.94773917949677E+06	+4.94779495296478E+06 	0.752000	0.054000	0.250904	0.009038
		T	s2 	61	2:15:13 PM	0.0008697514	+3.37158718589426E-11	+1.53255175883144E-14	+6.75159779213257E-02	+2.37035274505615E+01	+4.94776740222673E+06	+0.00000000000000E+00	+4.94776882904053E+06	+4.94773946422577E+06	+4.94779534038544E+06 	0.736000	0.046000	0.243733	0.008906
		T	s2 	62	2:15:19 PM	0.0008400199	+9.10002845733293E-11	+1.53407676248731E-14	+6.74488612666054E-02	+2.37275581359863E+01	+4.94776740192123E+06	+0.00000000000000E+00	+4.94776876911163E+06	+4.94773940776825E+06	+4.94779539623261E+06 	0.696000	0.056000	0.240303	0.008480
		T	s2 	63	2:15:24 PM	0.0008108055	+9.50648108702556E-11	+1.53588938120305E-14	+6.73692587376404E-02	+2.37415866851807E+01	+4.94776744043032E+06	+0.00000000000000E+00	+4.94776891090393E+06	+4.94773939662934E+06	+4.94779548439026E+06 	0.704000	0.044000	0.236553	0.010725
		T	s2 	64	2:15:30 PM	0.0007821081	+9.28734821461298E-11	+1.53415621138051E-14	+6.74453670488135E-02	+2.37398433685303E+01	+4.94776744826972E+06	+0.00000000000000E+00	+4.94776883068085E+06	+4.94773943817139E+06	+4.94779545852661E+06 	0.720000	0.050000	0.233040	0.008909
		T	s2 	65	2:15:36 PM	0.0007539278	+9.46552345084224E-11	+1.53611839203514E-14	+6.73592153310413E-02	+2.37658004760742E+01	+4.94776743018767E+06	+0.00000000000000E+00	+4.94776886894226E+06	+4.94773935359955E+06	+4.94779550693512E+06 	0.664000	0.046000	0.228700	0.008475
		T	s2 	66	2:15:42 PM	0.0007262645	+3.49769709034689E-11	+1.53660796402684E-14	+6.73377545993188E-02	+2.37733516693115E+01	+4.94776741933476E+06	+0.00000000000000E+00	+4.94776882770539E+06	+4.94773932487488E+06	+4.94779551395416E+06 	0.664000	0.044000	0.223628	0.008346
		T	s2 	67	2:15:48 PM	0.0006991184	+3.48989978038291E-11	+1.53758586890747E-14	+6.72949268350025E-02	+2.37720222473145E+01	+4.94776745391490E+06	+0.00000000000000E+00	+4.94776888904572E+06	+4.94773934314728E+06	+4.94779556484223E+06 	0.648000	0.058000	0.218856	0.009040
		T	s2 	68	2:15:53 PM	0.0006724893	+3.61866616623998E-11	+1.53661720295357E-14	+6.73373471589466E-02	+2.37863616943359E+01	+4.94776751380565E+06	+0.00000000000000E+00	+4.94776887794495E+06	+4.94773940380097E+06	+4.94779562397003E+06 	0.640000	0.046000	0.214765	0.008186
		T	s2 	69	2:15:59 PM	0.0006463773	+3.50870430992888E-11	+1.53477874165445E-14	+6.74180089367730E-02	+2.37837486267090E+01	+4.94776749288224E+06	+0.00000000000000E+00	+4.94776886226654E+06	+4.94773941959381E+06	+4.94779556632996E+06 	0.624000	0.046000	0.210591	0.008993
		T	s2 	70	2:16:04 PM	0.0006207823	+3.74975285993109E-11	+1.53539060329541E-14	+6.73911429355022E-02	+2.38092250823975E+01	+4.94776747644066E+06	+0.00000000000000E+00	+4.94776890586853E+06	+4.94773936187744E+06	+4.94779559116364E+06 	0.624000	0.044000	0.206323	0.007960
		T	s2 	71	2:16:09 PM	0.0005957044	+3.33427798551061E-11	+1.53551920109051E-14	+6.73854994638117E-02	+2.37891902923584E+01	+4.94776745986592E+06	+0.00000000000000E+00	+4.94776883941651E+06	+4.94773936660767E+06	+4.94779555328369E+06 	0.616000	0.046000	0.202287	0.009988
		T	s2 	72	2:16:15 PM	0.0005711436	+3.42607042099753E-11	+1.53774860073080E-14	+6.72878057315283E-02	+2.38079071044922E+01	+4.94776744054412E+06	+0.00000000000000E+00	+4.94776879943848E+06	+4.94773928436279E+06	+4.94779559688568E+06 	0.608000	0.046000	0.198245	0.010652
		T	s2 	73	2:16:21 PM	0.0005470999	+9.11078178664364E-11	+1.53348867777834E-14	+6.74747268112923E-02	+2.38017845153809E+01	+4.94776742879534E+06	+0.00000000000000E+00	+4.94776879749298E+06	+4.94773935783386E+06	+4.94779549991608E+06 	0.584000	0.050000	0.193334	0.011536
		T	s2 	74	2:16:27 PM	0.0005235732	+3.07449722259217E-11	+1.53637326214208E-14	+6.73480428820775E-02	+2.37975330352783E+01	+4.94776736327764E+06	+0.00000000000000E+00	+4.94776872699738E+06	+4.94773924453736E+06	+4.94779548217774E+06 	0.600000	0.042000	0.189018	0.009725
		T	s2 	75	2:16:33 PM	0.0005005636	+8.84970050584841E-11	+1.53498135316877E-14	+6.74091131409521E-02	+2.38067684173584E+01	+4.94776737849837E+06	+0.00000000000000E+00	+4.94776871208191E+06	+4.94773927433014E+06	+4.94779548282623E+06 	0.608000	0.058000	0.185823	0.007045
		T	s2 	76	2:16:39 PM	0.0004780710	+5.70317601203812E-11	+1.53459290035676E-14	+6.74261779130623E-02	+2.38117446899414E+01	+4.94776732545501E+06	+0.00000000000000E+00	+4.94776868965149E+06	+4.94773922252655E+06	+4.94779542854309E+06 	0.592000	0.048000	0.180678	0.007247
		T	s2 	77	2:16:45 PM	0.0004560956	+8.67761805817136E-11	+1.53311340761444E-14	+6.74912455611858E-02	+2.38072071075439E+01	+4.94776733638430E+06	+0.00000000000000E+00	+4.94776872375488E+06	+4.94773926589966E+06	+4.94779540702820E+06 	0.560000	0.056000	0.176367	0.007370
		T	s2 	78	2:16:50 PM	0.0004346372	+2.75097730762851E-11	+1.53299977565883E-14	+6.74962492490963E-02	+2.38360214233398E+01	+4.94776730075485E+06	+0.00000000000000E+00	+4.94776869365692E+06	+4.94773919837952E+06	+4.94779540328980E+06 	0.536000	0.038000	0.171760	0.009674
		T	s2 	79	2:16:56 PM	0.0004136958	+8.27738703458203E-11	+1.53363867257930E-14	+6.74681330847766E-02	+2.37931518554688E+01	+4.94776722642569E+06	+0.00000000000000E+00	+4.94776859920502E+06	+4.94773916290283E+06	+4.94779529010773E+06 	0.544000	0.044000	0.167895	0.008125
		T	s2 	80	2:17:01 PM	0.0003932716	+8.10383365191838E-11	+1.53260115598296E-14	+6.75138078799989E-02	+2.37803745269775E+01	+4.94776718013453E+06	+0.00000000000000E+00	+4.94776853923798E+06	+4.94773915065766E+06	+4.94779520977021E+06 	0.536000	0.040000	0.164018	0.008262
		T	s2 	81	2:17:07 PM	0.0003733644	+7.71139000801048E-11	+1.53147536645417E-14	+6.75634378345038E-02	+2.38314094543457E+01	+4.94776716304447E+06	+0.00000000000000E+00	+4.94776854335785E+06	+4.94773909404755E+06	+4.94779523220062E+06 	0.496000	0.046000	0.159736	0.007256
		T	s2 	82	2:17:13 PM	0.0003539743	+7.47574515205326E-11	+1.53230347884657E-14	+6.75269249308346E-02	+2.38051452636719E+01	+4.94776713266049E+06	+0.00000000000000E+00	+4.94776849002838E+06	+4.94773907943726E+06	+4.94779518604279E+06 	0.480000	0.042000	0.155388	0.007873
		T	s2 	83	2:17:18 PM	0.0003351012	+7.36009365328928E-11	+1.53065001121170E-14	+6.75998725340977E-02	+2.37762260437012E+01	+4.94776704503726E+06	+0.00000000000000E+00	+4.94776848503113E+06	+4.94773905612946E+06	+4.94779503410340E+06 	0.480000	0.040000	0.151215	0.007552
		T	s2 	84	2:17:23 PM	0.0003167453	+7.15631868128262E-11	+1.53083647974590E-14	+6.75916382750207E-02	+2.38102188110352E+01	+4.94776704635309E+06	+0.00000000000000E+00	+4.94776843849182E+06	+4.94773901401520E+06	+4.94779507884979E+06 	0.496000	0.044000	0.146804	0.007802
		T	s2 	85	2:17:29 PM	0.0002989063	+6.83766579618361E-11	+1.52910672847519E-14	+6.76681001414339E-02	+2.38009529113770E+01	+4.94776700732897E+06	+0.00000000000000E+00	+4.94776838432312E+06	+4.94773901756287E+06	+4.94779499725342E+06 	0.456000	0.040000	0.143931	0.008165
		T	s2 	86	2:17:34 PM	0.0002815845	+7.36526737378183E-11	+1.53295721872831E-14	+6.74981299259331E-02	+2.38278522491455E+01	+4.94776704818380E+06	+0.00000000000000E+00	+4.94776842384339E+06	+4.94773895622254E+06	+4.94779514030457E+06 	0.448000	0.042000	0.139218	0.007211
		T	s2 	87	2:17:41 PM	0.0002647797	+7.02030769379646E-11	+1.53301390790518E-14	+6.74956342790500E-02	+2.38075580596924E+01	+4.94776703498508E+06	+0.00000000000000E+00	+4.94776837707520E+06	+4.94773896591187E+06	+4.94779510421753E+06 	0.448000	0.038000	0.134631	0.007254
		T	s2 	88	2:17:47 PM	0.0002484920	+7.31325598921620E-11	+1.53134660289386E-14	+6.75691217181892E-02	+2.38498039245605E+01	+4.94776706054344E+06	+0.00000000000000E+00	+4.94776841362000E+06	+4.94773897224427E+06	+4.94779514900208E+06 	0.424000	0.048000	0.130798	0.006752
		T	s2 	89	2:17:53 PM	0.0002327214	+7.42630200427076E-11	+1.53022502488461E-14	+6.76186459503058E-02	+2.38430385589600E+01	+4.94776708018929E+06	+0.00000000000000E+00	+4.94776844703675E+06	+4.94773902042389E+06	+4.94779514011383E+06 	0.440000	0.040000	0.126418	0.008475
		T	s2 	90	2:17:58 PM	0.0002174679	+7.88779613395262E-11	+1.53134009354154E-14	+6.75694048802792E-02	+2.38497257232666E+01	+4.94776720910683E+06	+0.00000000000000E+00	+4.94776855182648E+06	+4.94773912101746E+06	+4.94779529735565E+06 	0.408000	0.038000	0.122341	0.006610
		T	s2 	91	2:18:04 PM	0.0002027314	+8.05650673518690E-11	+1.52958587153113E-14	+6.76468947684528E-02	+2.38670406341553E+01	+4.94776731189391E+06	+0.00000000000000E+00	+4.94776862945557E+06	+4.94773923561096E+06	+4.94779538833618E+06 	0.400000	0.036000	0.117932	0.006712
		T	s2 	92	2:18:09 PM	0.0001885119	+2.21627680550265E-11	+1.52763323900229E-14	+6.77333617197339E-02	+2.38493633270264E+01	+4.94776730563813E+06	+0.00000000000000E+00	+4.94776857658386E+06	+4.94773928596497E+06	+4.94779532546997E+06 	0.416000	0.042000	0.114094	0.006457
		T	s2 	93	2:18:15 PM	0.0001748096	+8.06937586858518E-11	+1.52883766534858E-14	+6.76800005069578E-02	+2.38627586364746E+01	+4.94776732444437E+06	+0.00000000000000E+00	+4.94776861530304E+06	+4.94773926692963E+06	+4.94779538211823E+06 	0.392000	0.042000	0.109990	0.009309
		T	s2 	94	2:18:21 PM	0.0001616243	+2.72845158056072E-11	+1.52973839909046E-14	+6.76401487882417E-02	+2.37985954284668E+01	+4.94776734941190E+06	+0.00000000000000E+00	+4.94776867763520E+06	+4.94773935085297E+06	+4.94779534812927E+06 	0.360000	0.036000	0.105943	0.009054
		T	s2 	95	2:18:27 PM	0.0001489561	+8.45091169769246E-11	+1.53048404136316E-14	+6.76071929246751E-02	+2.37688350677490E+01	+4.94776742278772E+06	+0.00000000000000E+00	+4.94776870521546E+06	+4.94773944561005E+06	+4.94779540012360E+06 	0.344000	0.038000	0.100768	0.006485
		T	s2 	96	2:18:33 PM	0.0001368050	+2.97721627471707E-11	+1.53302917588915E-14	+6.74949506508733E-02	+2.37990016937256E+01	+4.94776745338113E+06	+0.00000000000000E+00	+4.94776872482300E+06	+4.94773939411164E+06	+4.94779551280976E+06 	0.344000	0.040000	0.096368	0.006818
		T	s2 	97	2:18:39 PM	0.0001251709	+3.17587346069474E-11	+1.52990017300687E-14	+6.76329924544231E-02	+2.38108291625977E+01	+4.94776749440845E+06	+0.00000000000000E+00	+4.94776880760193E+06	+4.94773947849274E+06	+4.94779551048279E+06 	0.328000	0.044000	0.092935	0.008617
		T	s2 	98	2:18:45 PM	0.0001140539	+9.05203939108941E-11	+1.53099539059391E-14	+6.75846083974646E-02	+2.38161334991455E+01	+4.94776756435077E+06	+0.00000000000000E+00	+4.94776885643006E+06	+4.94773952213288E+06	+4.94779560672760E+06 	0.328000	0.038000	0.089217	0.010150
		T	s2 	99	2:18:51 PM	0.0001034540	+3.42860701435435E-11	+1.53038038035025E-14	+6.76117683101597E-02	+2.38230304718018E+01	+4.94776756982488E+06	+0.00000000000000E+00	+4.94776886581421E+06	+4.94773953075409E+06	+4.94779560905457E+06 	0.296000	0.042000	0.084198	0.009503
		T	s2 	100	2:18:57 PM	0.0000933711	+9.57478167383973E-11	+1.52742704097322E-14	+6.77424966046947E-02	+2.38311634063721E+01	+4.94776763116546E+06	+0.00000000000000E+00	+4.94776893058777E+06	+4.94773963665009E+06	+4.94779562583924E+06 	0.288000	0.038000	0.080929	0.005480
		T	s2 	101	2:19:02 PM	0.0000838053	+9.72715933823583E-11	+1.53138953392368E-14	+6.75672110952785E-02	+2.38516235351562E+01	+4.94776766055716E+06	+0.00000000000000E+00	+4.94776889686585E+06	+4.94773956932068E+06	+4.94779575195313E+06 	0.288000	0.036000	0.076746	0.007934
		T	s2 	102	2:19:08 PM	0.0000747566	+4.15196367835110E-11	+1.52964138062396E-14	+6.76444283060013E-02	+2.38748931884766E+01	+4.94776773711816E+06	+0.00000000000000E+00	+4.94776895072937E+06	+4.94773965057373E+06	+4.94779582382202E+06 	0.264000	0.038000	0.073543	0.007815
		T	s2 	103	2:19:14 PM	0.0000662249	+4.43255164473053E-11	+1.52939460699070E-14	+6.76553404935989E-02	+2.38542098999023E+01	+4.94776782846125E+06	+0.00000000000000E+00	+4.94776899765015E+06	+4.94773977077484E+06	+4.94779588630676E+06 	0.240000	0.040000	0.068943	0.006353
		T	s2 	104	2:19:20 PM	0.0000582104	+7.59383356437063E-11	+1.53352177376693E-14	+6.74732602077574E-02	+2.38897781372070E+01	+4.94776780955876E+06	+0.00000000000000E+00	+4.94776914730072E+06	+4.94773963420868E+06	+4.94779598506928E+06 	0.240000	0.032000	0.065643	0.005590
		T	s2 	105	2:19:26 PM	0.0000507128	+1.07590375332772E-10	+1.52899920736453E-14	+6.76728345861276E-02	+2.39052429199219E+01	+4.94776788686396E+06	+0.00000000000000E+00	+4.94776917709351E+06	+4.94773977642059E+06	+4.94779599746704E+06 	0.224000	0.038000	0.062108	0.008413
		T	s2 	106	2:19:31 PM	0.0000437324	+5.00189826314835E-11	+1.52952984882429E-14	+6.76493555991099E-02	+2.39483165740967E+01	+4.94776792989341E+06	+0.00000000000000E+00	+4.94776919776917E+06	+4.94773975902558E+06	+4.94779610092163E+06 	0.208000	0.036000	0.056924	0.008331
		T	s2 	107	2:19:37 PM	0.0000372690	+5.39615237160806E-11	+1.52658910817761E-14	+6.77796697001528E-02	+2.39781703948975E+01	+4.94776800454714E+06	+0.00000000000000E+00	+4.94776925819397E+06	+4.94773985279084E+06	+4.94779615646362E+06 	0.208000	0.040000	0.052597	0.006882
		T	s2 	108	2:19:43 PM	0.0000313227	+5.96677743102718E-11	+1.53163141128397E-14	+6.75565292791343E-02	+2.39862155914307E+01	+4.94776808198491E+06	+0.00000000000000E+00	+4.94776942939759E+06	+4.94773982776642E+06	+4.94779633636475E+06 	0.184000	0.034000	0.047948	0.007376
		T	s2 	109	2:19:49 PM	0.0000258935	+1.21500999443278E-10	+1.53414845128166E-14	+6.74456894169060E-02	+2.40115242004395E+01	+4.94776813737388E+06	+0.00000000000000E+00	+4.94776936256409E+06	+4.94773980686188E+06	+4.94779646804810E+06 	0.176000	0.040000	0.044300	0.006922
		T	s2 	110	2:19:55 PM	0.0000209813	+1.18355063236057E-10	+1.53255886281099E-14	+6.75156444030478E-02	+2.40100193023682E+01	+4.94776815545572E+06	+0.00000000000000E+00	+4.94776947704315E+06	+4.94773985607147E+06	+4.94779645500183E+06 	0.176000	0.038000	0.040903	0.008246
		T	s2 	111	2:20:01 PM	0.0000165862	+9.71130440066154E-11	+1.52862792576043E-14	+6.76892603617396E-02	+2.39574298858643E+01	+4.94776828803629E+06	+0.00000000000000E+00	+4.94776956428528E+06	+4.94774012306214E+06	+4.94779645317078E+06 	0.168000	0.036000	0.040490	0.006045
		T	s2 	112	2:20:07 PM	0.0000127082	+6.67546311025132E-11	+1.52834434233664E-14	+6.77018194767164E-02	+2.39099807739258E+01	+4.94776830955153E+06	+0.00000000000000E+00	+4.94776962455750E+06	+4.94774020557404E+06	+4.94779641368866E+06 	0.144000	0.034000	0.035039	0.007100
		T	s2 	113	2:20:13 PM	0.0000093473	+7.69668782280466E-11	+1.53363355691750E-14	+6.74683273272976E-02	+2.39710540771484E+01	+4.94776835605173E+06	+0.00000000000000E+00	+4.94776969230652E+06	+4.94774008277893E+06	+4.94779662948609E+06 	0.136000	0.034000	0.029673	0.005289
		T	s2 	114	2:20:19 PM	0.0000065034	+4.51734762709403E-11	+1.53209413481649E-14	+6.75361171776202E-02	+2.40420341491699E+01	+4.94776839913842E+06	+0.00000000000000E+00	+4.94776985855103E+06	+4.94774007061005E+06	+4.94779672782898E+06 	0.136000	0.034000	0.027261	0.008082
		T	s2 	115	2:20:25 PM	0.0000041766	+7.64218160898260E-11	+1.53143778038540E-14	+6.75650613423679E-02	+2.40474796295166E+01	+4.94776843362331E+06	+0.00000000000000E+00	+4.94776976238251E+06	+4.94774011081696E+06	+4.94779675659180E+06 	0.128000	0.036000	0.029653	0.006319
		T	s2 	116	2:20:31 PM	0.0000023668	+7.73577074412281E-11	+1.53082988324387E-14	+6.75918917706936E-02	+2.40718364715576E+01	+4.94776842851152E+06	+0.00000000000000E+00	+4.94776980175018E+06	+4.94774008827210E+06	+4.94779676891327E+06 	0.120000	0.036000	0.022513	0.006000
		T	s2 	117	2:20:37 PM	0.0000010741	+7.16941439594064E-11	+1.53393224049687E-14	+6.74551906047656E-02	+2.40744533538818E+01	+4.94776833598569E+06	+0.00000000000000E+00	+4.94776967868805E+06	+4.94773993522644E+06	+4.94779673690796E+06 	0.136000	0.036000	0.024286	0.008993
		T	s2 	118	2:20:43 PM	0.0000002985	+1.36236157520176E-10	+1.52886740584214E-14	+6.76786523658497E-02	+2.39944725036621E+01	+4.94776847905698E+06	+0.00000000000000E+00	+4.94777006397247E+06	+4.94774026611328E+06	+4.94779669216156E+06 	0.104000	0.034000	0.016782	0.006199
		T	s2 	119	2:20:48 PM	0.0000000400	+1.01709702704262E-10	+1.53231414122545E-14	+6.75264212094636E-02	+2.33642005920410E+01	+4.94776837261168E+06	+0.00000000000000E+00	+4.94776972724915E+06	+4.94774083881378E+06	+4.94779590656281E+06 	0.096000	0.036000	0.019105	0.007929
		B	s3	120	2:22:06 PM	0.0000000400	-2.79964067366299E-11	+1.54981386531444E-14	+6.67640014515628E-02	+2.37788200378418E+01	+4.94776633969772E+06	+0.00000000000000E+00	+4.94776746315003E+06	+4.94773799728394E+06	+4.94779468227387E+06 	0	0	0	0
		B	s3	121	2:22:07 PM	0.0000002985	+6.86111254646924E-11	+1.54104538819744E-14	+6.71438863525117E-02	+2.39474983215332E+01	+4.94776630967583E+06	+0.00000000000000E+00	+4.94776747291565E+06	+4.94773792770386E+06	+4.94779469181061E+06 	0	0	0	0
		B	s3	122	2:22:10 PM	0.0000010741	+8.97934687444440E-11	+1.53487065119836E-14	+6.74140076003035E-02	+2.38834705352783E+01	+4.94776618209436E+06	+0.00000000000000E+00	+4.94776749488831E+06	+4.94773798942566E+06	+4.94779437492371E+06 	0	0	0	0
		B	s3	123	2:22:12 PM	0.0000023668	+2.50663803544712E-11	+1.53086715059619E-14	+6.75903052637444E-02	+2.40528354644775E+01	+4.94776627099516E+06	+0.00000000000000E+00	+4.94776753692627E+06	+4.94773795246124E+06	+4.94779458969116E+06 	0	0	0	0
		B	s3	124	2:22:14 PM	0.0000041766	+4.07068723761528E-11	+1.53455286205685E-14	+6.74279636123741E-02	+2.40773582458496E+01	+4.94776635426945E+06	+0.00000000000000E+00	+4.94776766986847E+06	+4.94773793861389E+06	+4.94779477008820E+06 	0	0	0	0
		B	s3	125	2:22:16 PM	0.0000065034	+7.13468031760865E-11	+1.53138184895528E-14	+6.75675851099876E-02	+2.40350818634033E+01	+4.94776638125905E+06	+0.00000000000000E+00	+4.94776767665863E+06	+4.94773807411194E+06	+4.94779468856812E+06 	0	0	0	0
		B	s3	126	2:22:19 PM	0.0000093473	+9.68466591149861E-11	+1.53313016334426E-14	+6.74905348343553E-02	+2.40155353546143E+01	+4.94776635066513E+06	+0.00000000000000E+00	+4.94776776973725E+06	+4.94773803424835E+06	+4.94779466724396E+06 	0	0	0	0
		B	s3	127	2:22:21 PM	0.0000127082	+1.25751752771947E-10	+1.53038492595349E-14	+6.76116016854554E-02	+2.39826602935791E+01	+4.94776631852681E+06	+0.00000000000000E+00	+4.94776774017334E+06	+4.94773809150696E+06	+4.94779454570771E+06 	0	0	0	0
		B	s3	128	2:22:24 PM	0.0000165862	+3.51568002034748E-11	+1.52939767939891E-14	+6.76552433390287E-02	+2.40151996612549E+01	+4.94776641122384E+06	+0.00000000000000E+00	+4.94776768951416E+06	+4.94773816413880E+06	+4.94779465847016E+06 	0	0	0	0
		B	s3	129	2:22:26 PM	0.0000209813	+9.35801045374770E-11	+1.53191743010159E-14	+6.75439636696181E-02	+2.39995784759521E+01	+4.94776633754281E+06	+0.00000000000000E+00	+4.94776755577088E+06	+4.94773806232453E+06	+4.94779461292267E+06 	0	0	0	0
		B	s3	130	2:22:29 PM	0.0000258935	+3.64503109741047E-11	+1.53285522445782E-14	+6.75026410339385E-02	+2.39341735839844E+01	+4.94776632009091E+06	+0.00000000000000E+00	+4.94776766719818E+06	+4.94773810466766E+06	+4.94779453567505E+06 	0	0	0	0
		B	s3	131	2:22:31 PM	0.0000313227	+7.16860394049891E-11	+1.53103180520366E-14	+6.75830345540233E-02	+2.39219875335693E+01	+4.94776633393853E+06	+0.00000000000000E+00	+4.94776762130737E+06	+4.94773816642761E+06	+4.94779450160980E+06 	0	0	0	0
		B	s3	132	2:22:33 PM	0.0000372690	+1.21058605145925E-10	+1.53088810113659E-14	+6.75893806330104E-02	+2.39410171508789E+01	+4.94776625791150E+06	+0.00000000000000E+00	+4.94776755920410E+06	+4.94773807064057E+06	+4.94779444534302E+06 	0	0	0	0
		B	s3	133	2:22:36 PM	0.0000437324	+9.48621377701175E-11	+1.53598466017985E-14	+6.73651108061623E-02	+2.39200439453125E+01	+4.94776629962482E+06	+0.00000000000000E+00	+4.94776761371613E+06	+4.94773804328919E+06	+4.94779455612183E+06 	0	0	0	0
		B	s3	134	2:22:38 PM	0.0000507128	+6.85446040393368E-11	+1.53445900563719E-14	+6.74320892081276E-02	+2.39022407531738E+01	+4.94776630620545E+06	+0.00000000000000E+00	+4.94776766201020E+06	+4.94773809894562E+06	+4.94779451362610E+06 	0	0	0	0
		B	s3	135	2:22:41 PM	0.0000582104	+9.38472760801459E-11	+1.53205286241969E-14	+6.75379923696472E-02	+2.38667240142822E+01	+4.94776635455723E+06	+0.00000000000000E+00	+4.94776765022278E+06	+4.94773823337555E+06	+4.94779447589874E+06 	0	0	0	0
		B	s3	136	2:22:43 PM	0.0000662249	+9.49831146148009E-11	+1.53166620792043E-14	+6.75550423853050E-02	+2.38501129150391E+01	+4.94776632911335E+06	+0.00000000000000E+00	+4.94776752990723E+06	+4.94773823459625E+06	+4.94779442378998E+06 	0	0	0	0
		B	s3	137	2:22:45 PM	0.0000747566	+6.65554307245385E-11	+1.53338605033611E-14	+6.74792733979457E-02	+2.38299617767334E+01	+4.94776630714065E+06	+0.00000000000000E+00	+4.94776765956879E+06	+4.94773820484162E+06	+4.94779440959931E+06 	0	0	0	0
		B	s3	138	2:22:47 PM	0.0000838053	+9.25818789095879E-11	+1.53289681303015E-14	+6.75008104749155E-02	+2.38279895782471E+01	+4.94776628947867E+06	+0.00000000000000E+00	+4.94776767078400E+06	+4.94773819847107E+06	+4.94779438064575E+06 	0	0	0	0
		B	s3	139	2:22:50 PM	0.0000933711	+9.29049146640119E-11	+1.53329603573921E-14	+6.74832352549005E-02	+2.38199577331543E+01	+4.94776629327431E+06	+0.00000000000000E+00	+4.94776754013062E+06	+4.94773820442200E+06	+4.94779438228607E+06 	0	0	0	0
		B	s3	140	2:22:52 PM	0.0001034540	+3.11927610325309E-11	+1.53372308463373E-14	+6.74644445967776E-02	+2.38090076446533E+01	+4.94776631778376E+06	+0.00000000000000E+00	+4.94776754962921E+06	+4.94773823402405E+06	+4.94779440170288E+06 	0	0	0	0
		B	s3	141	2:22:54 PM	0.0001140539	+3.11513349850460E-11	+1.53296642611079E-14	+6.74977448072473E-02	+2.38126220703125E+01	+4.94776630445145E+06	+0.00000000000000E+00	+4.94776757667542E+06	+4.94773823028565E+06	+4.94779437877655E+06 	0	0	0	0
		B	s3	142	2:22:56 PM	0.0001251709	+9.32917004491779E-11	+1.53479764817871E-14	+6.74172105414211E-02	+2.37750320434570E+01	+4.94776631501822E+06	+0.00000000000000E+00	+4.94776758708954E+06	+4.94773825168610E+06	+4.94779437850952E+06 	0	0	0	0
		B	s3	143	2:22:58 PM	0.0001368050	+1.22125337865425E-10	+1.53380113057071E-14	+6.74610133602999E-02	+2.37889270782471E+01	+4.94776625821739E+06	+0.00000000000000E+00	+4.94776753177643E+06	+4.94773819671631E+06	+4.94779431987763E+06 	0	0	0	0
		B	s3	144	2:23:00 PM	0.0001489561	+9.13576355409780E-11	+1.53417523977302E-14	+6.74445627024481E-02	+2.37897377014160E+01	+4.94776626792575E+06	+0.00000000000000E+00	+4.94776756393433E+06	+4.94773819862366E+06	+4.94779433738709E+06 	0	0	0	0
		B	s3	145	2:23:03 PM	0.0001616243	+8.98980434044293E-11	+1.53454199506355E-14	+6.74284445815407E-02	+2.37581615447998E+01	+4.94776622687978E+06	+0.00000000000000E+00	+4.94776749523163E+06	+4.94773818813324E+06	+4.94779426578522E+06 	0	0	0	0
		B	s3	146	2:23:05 PM	0.0001748096	+6.54270310096822E-11	+1.53395746593775E-14	+6.74541393224556E-02	+2.37697048187256E+01	+4.94776620895069E+06	+0.00000000000000E+00	+4.94776754589081E+06	+4.94773816726685E+06	+4.94779425079346E+06 	0	0	0	0
		B	s3	147	2:23:07 PM	0.0001885119	+9.12507617205569E-11	+1.53458216144500E-14	+6.74266799385472E-02	+2.37437381744385E+01	+4.94776621810607E+06	+0.00000000000000E+00	+4.94776751712799E+06	+4.94773819564820E+06	+4.94779424072266E+06 	0	0	0	0
		B	s3	148	2:23:09 PM	0.0002027314	+9.02453831098912E-11	+1.53432781817807E-14	+6.74378577352144E-02	+2.37297325134277E+01	+4.94776619701092E+06	+0.00000000000000E+00	+4.94776756271362E+06	+4.94773819572449E+06	+4.94779419845581E+06 	0	0	0	0
		B	s3	149	2:23:12 PM	0.0002174679	+6.26989240737357E-11	+1.53546498299367E-14	+6.73879129759573E-02	+2.37616958618164E+01	+4.94776620824487E+06	+0.00000000000000E+00	+4.94776759155274E+06	+4.94773814846039E+06	+4.94779426818848E+06 	0	0	0	0
		B	s3	150	2:23:14 PM	0.0002327214	+8.92415165115125E-11	+1.53561845078084E-14	+6.73811779059670E-02	+2.37280864715576E+01	+4.94776622316054E+06	+0.00000000000000E+00	+4.94776751380921E+06	+4.94773820026398E+06	+4.94779424621582E+06 	0	0	0	0
		B	s3	151	2:23:16 PM	0.0002484920	+9.16820362173896E-11	+1.53556765593326E-14	+6.73834081756134E-02	+2.37359943389893E+01	+4.94776617263483E+06	+0.00000000000000E+00	+4.94776748291016E+06	+4.94773814132691E+06	+4.94779420410156E+06 	0	0	0	0
		B	s3	152	2:23:18 PM	0.0002647797	+8.95034312804517E-11	+1.53505376182156E-14	+6.74059656866257E-02	+2.37384471893311E+01	+4.94776619521787E+06	+0.00000000000000E+00	+4.94776744037628E+06	+4.94773817039490E+06	+4.94779422019959E+06 	0	0	0	0
		B	s3	153	2:23:20 PM	0.0002815845	+8.96051546346328E-11	+1.53519609774079E-14	+6.73997181925315E-02	+2.37586212158203E+01	+4.94776611962950E+06	+0.00000000000000E+00	+4.94776749092102E+06	+4.94773806838989E+06	+4.94779417102814E+06 	0	0	0	0
		B	s3	154	2:23:22 PM	0.0002989063	+8.84540751171933E-11	+1.53557803123609E-14	+6.73829538101786E-02	+2.38856315612793E+01	+4.94776613893097E+06	+0.00000000000000E+00	+4.94776748813629E+06	+4.94773793071747E+06	+4.94779434730530E+06 	0	0	0	0
		B	s3	155	2:23:25 PM	0.0003167453	+9.03718063972031E-11	+1.53502579425234E-14	+6.74071952833234E-02	+2.38814125061035E+01	+4.94776614066675E+06	+0.00000000000000E+00	+4.94776751899719E+06	+4.94773794757843E+06	+4.94779433391571E+06 	0	0	0	0
		B	s3	156	2:23:27 PM	0.0003351012	+1.17814303591778E-10	+1.53410867086884E-14	+6.74474919915745E-02	+2.38870563507080E+01	+4.94776616901001E+06	+0.00000000000000E+00	+4.94776749137879E+06	+4.94773798610687E+06	+4.94779435207367E+06 	0	0	0	0
		B	s3	157	2:23:29 PM	0.0003539743	+8.87501258576351E-11	+1.53458884174954E-14	+6.74263877671832E-02	+2.39019813537598E+01	+4.94776616866653E+06	+0.00000000000000E+00	+4.94776747932434E+06	+4.94773795932770E+06	+4.94779437816620E+06 	0	0	0	0
		B	s3	158	2:23:32 PM	0.0003733644	+9.13929279382485E-11	+1.53534273329533E-14	+6.73932799964274E-02	+2.38963508605957E+01	+4.94776615890087E+06	+0.00000000000000E+00	+4.94776752082825E+06	+4.94773794235230E+06	+4.94779437561035E+06 	0	0	0	0
		B	s3	159	2:23:34 PM	0.0003932716	+9.09566733459374E-11	+1.53729668597828E-14	+6.73076203632109E-02	+2.39276847839355E+01	+4.94776618257065E+06	+0.00000000000000E+00	+4.94776756317139E+06	+4.94773789306641E+06	+4.94779447223664E+06 	0	0	0	0
		B	s3	160	2:23:36 PM	0.0004136958	+9.08432154378631E-11	+1.53839994009201E-14	+6.72593512292805E-02	+2.39081554412842E+01	+4.94776617835542E+06	+0.00000000000000E+00	+4.94776753780365E+06	+4.94773789165497E+06	+4.94779446521759E+06 	0	0	0	0
		B	s3	161	2:23:38 PM	0.0004346372	+1.23640519476720E-10	+1.53955711831538E-14	+6.72087969160453E-02	+2.39125766754150E+01	+4.94776618304735E+06	+0.00000000000000E+00	+4.94776760383606E+06	+4.94773786983490E+06	+4.94779449642182E+06 	0	0	0	0
		B	s3	162	2:23:41 PM	0.0004560956	+9.22535045099823E-11	+1.53938922490980E-14	+6.72161262149512E-02	+2.39104156494141E+01	+4.94776621341237E+06	+0.00000000000000E+00	+4.94776752265930E+06	+4.94773790584564E+06	+4.94779452114105E+06 	0	0	0	0
		B	s3	163	2:23:43 PM	0.0004780710	+1.21140069561687E-10	+1.53887042524577E-14	+6.72387871983640E-02	+2.39359626770020E+01	+4.94776619874474E+06	+0.00000000000000E+00	+4.94776760715485E+06	+4.94773787048340E+06	+4.94779452716828E+06 	0	0	0	0
		B	s3	164	2:23:45 PM	0.0005005636	+9.20308423378251E-11	+1.53799968061636E-14	+6.72768539817925E-02	+2.39236812591553E+01	+4.94776622533336E+06	+0.00000000000000E+00	+4.94776757381439E+06	+4.94773792762757E+06	+4.94779452320099E+06 	0	0	0	0
		B	s3	165	2:23:46 PM	0.0005235732	+9.52777077555673E-11	+1.53972633812974E-14	+6.72014098114170E-02	+2.39306621551514E+01	+4.94776620837680E+06	+0.00000000000000E+00	+4.94776762020111E+06	+4.94773787063599E+06	+4.94779454627991E+06 	0	0	0	0
		B	s3	166	2:23:48 PM	0.0005470999	+9.37676128939794E-11	+1.53914367734071E-14	+6.72268490238254E-02	+2.39307460784912E+01	+4.94776623284814E+06	+0.00000000000000E+00	+4.94776768096924E+06	+4.94773790573120E+06	+4.94779456012726E+06 	0	0	0	0
		B	s3	167	2:23:50 PM	0.0005711436	+9.67474857222453E-11	+1.54088721335821E-14	+6.71507806920373E-02	+2.39620285034180E+01	+4.94776623971420E+06	+0.00000000000000E+00	+4.94776765197754E+06	+4.94773784343720E+06	+4.94779463615418E+06 	0	0	0	0
		B	s3	168	2:23:52 PM	0.0005957044	+9.61934893088493E-11	+1.54033623878085E-14	+6.71747999430905E-02	+2.39338092803955E+01	+4.94776625525934E+06	+0.00000000000000E+00	+4.94776764694214E+06	+4.94773790256500E+06	+4.94779460811615E+06 	0	0	0	0
		B	s3	169	2:23:54 PM	0.0006207823	+9.53748756264369E-11	+1.54081848415557E-14	+6.71537761196712E-02	+2.39183673858643E+01	+4.94776623515594E+06	+0.00000000000000E+00	+4.94776767425537E+06	+4.94773789188385E+06	+4.94779457859040E+06 	0	0	0	0
		B	s3	170	2:23:56 PM	0.0006463773	+9.52162326839358E-11	+1.54017458432823E-14	+6.71818496677585E-02	+2.39371261596680E+01	+4.94776628631097E+06	+0.00000000000000E+00	+4.94776766902924E+06	+4.94773793266297E+06	+4.94779464012146E+06 	0	0	0	0
		B	s3	171	2:23:58 PM	0.0006724893	+6.89494479843669E-11	+1.54120301128735E-14	+6.71370206992903E-02	+2.39534816741943E+01	+4.94776626038988E+06	+0.00000000000000E+00	+4.94776768917084E+06	+4.94773786842346E+06	+4.94779465251923E+06 	0	0	0	0
		B	s3	172	2:24:00 PM	0.0006991184	+9.56497384100503E-11	+1.54145653287464E-14	+6.71259783499535E-02	+2.39372177124023E+01	+4.94776627515285E+06	+0.00000000000000E+00	+4.94776766197205E+06	+4.94773789779663E+06	+4.94779465267182E+06 	0	0	0	0
		B	s3	173	2:24:01 PM	0.0007262645	+9.50071348070548E-11	+1.54224457392919E-14	+6.70916795748715E-02	+2.39458274841309E+01	+4.94776625298931E+06	+0.00000000000000E+00	+4.94776765987396E+06	+4.94773785091400E+06	+4.94779465522766E+06 	0	0	0	0
		B	s3	174	2:24:03 PM	0.0007539278	+9.62224654358093E-11	+1.54273984094431E-14	+6.70701401346447E-02	+2.39546012878418E+01	+4.94776628781739E+06	+0.00000000000000E+00	+4.94776763477326E+06	+4.94773786621094E+06	+4.94779470958710E+06 	0	0	0	0
		B	s3	175	2:24:05 PM	0.0007821081	+9.51780513284986E-11	+1.54299667706023E-14	+6.70589761112236E-02	+2.39431400299072E+01	+4.94776628821798E+06	+0.00000000000000E+00	+4.94776766536713E+06	+4.94773787548065E+06	+4.94779470111847E+06 	0	0	0	0
		B	s3	176	2:24:08 PM	0.0008108055	+9.70203714296028E-11	+1.54151502490457E-14	+6.71234313787867E-02	+2.39622440338135E+01	+4.94776627179574E+06	+0.00000000000000E+00	+4.94776769119263E+06	+4.94773786369324E+06	+4.94779468006134E+06 	0	0	0	0
		B	s3	177	2:24:09 PM	0.0008400199	+9.66188533850034E-11	+1.54243929780372E-14	+6.70832090523413E-02	+2.39569053649902E+01	+4.94776627486651E+06	+0.00000000000000E+00	+4.94776770919800E+06	+4.94773785606385E+06	+4.94779469383240E+06 	0	0	0	0
		B	s3	178	2:24:11 PM	0.0008697514	+9.67388866871989E-11	+1.54149485362871E-14	+6.71243090360991E-02	+2.39668369293213E+01	+4.94776629716344E+06	+0.00000000000000E+00	+4.94776767906189E+06	+4.94773788398743E+06	+4.94779471050263E+06 	0	0	0	0
		B	s3	179	2:24:14 PM	0.0009000000	+9.67224700121801E-11	+1.54236097783895E-14	+6.70866152218489E-02	+2.39848461151123E+01	+4.94776628470824E+06	+0.00000000000000E+00	+4.94776772357941E+06	+4.94773783420563E+06	+4.94779473537445E+06 	0	0	0	0

