	10/07/22	Test #8 (today) Loc 7 Ramp 2 (Tip H10)	Tip H10	Box 5b Xtal 1		DLC	100 uN	2.2%		Points/Segment: 59	
		Seg 	ID Tag	Number	Time	Power	C0	C1	L1	R1	fs	fa	fr	f1	f2	Ch1 (Pk-Pk)	Ch2 (Pk-Pk)	Ch1 (RMS)	Ch2 (RMS)	
						uW	F	F	H	Ohms	Hz	Hz	Hz	Hz	Hz	V	V	V	V	
		B	s1	0	2:55:09 PM	0.0000000400	+7.13058694439474E-11	+1.56757473344163E-14	+6.60075328503031E-02	+2.47789649963379E+01	+4.94776716312927E+06	+0.00000000000000E+00	+4.94776845451355E+06	+4.94773729015351E+06	+4.94779703628540E+06 	0	0	0	0
		B	s1	1	2:55:11 PM	0.0000002124	+1.09005738253599E-10	+1.56124791255706E-14	+6.62750345758718E-02	+2.51710186004639E+01	+4.94776671667405E+06	+0.00000000000000E+00	+4.94776824333191E+06	+4.94773649353028E+06	+4.94779694000244E+06 	0	0	0	0
		B	s1	2	2:55:13 PM	0.0000007294	+1.29579712080941E-10	+1.55980016736537E-14	+6.63365451012746E-02	+2.54794006347656E+01	+4.94776684183217E+06	+0.00000000000000E+00	+4.94776803840637E+06	+4.94773627677918E+06	+4.94779740707398E+06 	0	0	0	0
		B	s1	3	2:55:16 PM	0.0000015912	+5.01112675512432E-11	+1.56437603767741E-14	+6.61425074935726E-02	+2.55140857696533E+01	+4.94776685035720E+06	+0.00000000000000E+00	+4.94776821922302E+06	+4.94773615390778E+06	+4.94779754699707E+06 	0	0	0	0
		B	s1	4	2:55:18 PM	0.0000027976	+1.30315790461529E-10	+1.56663376432461E-14	+6.60471859487949E-02	+2.56424121856689E+01	+4.94776690412412E+06	+0.00000000000000E+00	+4.94776818546295E+06	+4.94773600875855E+06	+4.94779779968262E+06 	0	0	0	0
		B	s1	5	2:55:21 PM	0.0000043488	+1.04521781182934E-10	+1.56553692192739E-14	+6.60934594513112E-02	+2.56334152221680E+01	+4.94776691553027E+06	+0.00000000000000E+00	+4.94776840496063E+06	+4.94773605262757E+06	+4.94779777862549E+06 	0	0	0	0
		B	s1	6	2:55:23 PM	0.0000062447	+1.09357033966369E-10	+1.56600239195575E-14	+6.60738130459323E-02	+2.56085968017578E+01	+4.94776695840760E+06	+0.00000000000000E+00	+4.94776829528809E+06	+4.94773611621857E+06	+4.94779780078888E+06 	0	0	0	0
		B	s1	7	2:55:26 PM	0.0000084853	+5.63865528588886E-11	+1.56311216241020E-14	+6.61959821543071E-02	+2.55866432189941E+01	+4.94776706521964E+06	+0.00000000000000E+00	+4.94776833377838E+06	+4.94773630634308E+06	+4.94779782428742E+06 	0	0	0	0
		B	s1	8	2:55:28 PM	0.0000110706	+8.34937249222190E-11	+1.56579520751851E-14	+6.60825554991604E-02	+2.55548381805420E+01	+4.94776697214093E+06	+0.00000000000000E+00	+4.94776829135895E+06	+4.94773619876862E+06	+4.94779774570465E+06 	0	0	0	0
		B	s1	9	2:55:31 PM	0.0000140006	+8.11389917609318E-11	+1.56585415432924E-14	+6.60800692121627E-02	+2.56267490386963E+01	+4.94776691970737E+06	+0.00000000000000E+00	+4.94776815544129E+06	+4.94773605857849E+06	+4.94779778102875E+06 	0	0	0	0
		B	s1	10	2:55:32 PM	0.0000172753	+1.07942318407217E-10	+1.56451295970993E-14	+6.61367162580357E-02	+2.55533046722412E+01	+4.94776694829925E+06	+0.00000000000000E+00	+4.94776828304291E+06	+4.94773620197296E+06	+4.94779769481659E+06 	0	0	0	0
		B	s1	11	2:55:35 PM	0.0000208947	+5.62938020251239E-11	+1.56113897463872E-14	+6.62796558533561E-02	+2.55260353088379E+01	+4.94776684597061E+06	+0.00000000000000E+00	+4.94776825511933E+06	+4.94773619869232E+06	+4.94779749343872E+06 	0	0	0	0
		B	s1	12	2:55:37 PM	0.0000248588	+8.32138596679673E-11	+1.56029910104055E-14	+6.63153312615200E-02	+2.55167274475098E+01	+4.94776689918580E+06	+0.00000000000000E+00	+4.94776822036743E+06	+4.94773627956391E+06	+4.94779751899719E+06 	0	0	0	0
		B	s1	13	2:55:39 PM	0.0000291676	+1.01800010900624E-10	+1.56225294177408E-14	+6.62323934058525E-02	+2.54682254791260E+01	+4.94776690668181E+06	+0.00000000000000E+00	+4.94776813385010E+06	+4.94773630699158E+06	+4.94779750656128E+06 	0	0	0	0
		B	s1	14	2:55:41 PM	0.0000338211	+1.02871865725186E-10	+1.56328882180489E-14	+6.61885052014584E-02	+2.55294494628906E+01	+4.94776693359392E+06	+0.00000000000000E+00	+4.94776823150635E+06	+4.94773624000549E+06	+4.94779762737274E+06 	0	0	0	0
		B	s1	15	2:55:42 PM	0.0000388194	+4.96280795203348E-11	+1.56234170386944E-14	+6.62286288826123E-02	+2.55320358276367E+01	+4.94776696754482E+06	+0.00000000000000E+00	+4.94776818481445E+06	+4.94773628944397E+06	+4.94779764583588E+06 	0	0	0	0
		B	s1	16	2:55:45 PM	0.0000441623	+1.04864221892947E-10	+1.56443775519916E-14	+6.61398960449718E-02	+2.55226058959961E+01	+4.94776692918785E+06	+0.00000000000000E+00	+4.94776819900513E+06	+4.94773622127533E+06	+4.94779763729096E+06 	0	0	0	0
		B	s1	17	2:55:47 PM	0.0000498500	+1.08993535010821E-10	+1.56429057885601E-14	+6.61461209856890E-02	+2.54998474121094E+01	+4.94776684818294E+06	+0.00000000000000E+00	+4.94776825378418E+06	+4.94773617053986E+06	+4.94779752601624E+06 	0	0	0	0
		B	s1	18	2:55:50 PM	0.0000558823	+8.18749822239256E-11	+1.56053581913507E-14	+6.63052718507798E-02	+2.54629230499268E+01	+4.94776689994911E+06	+0.00000000000000E+00	+4.94776823993683E+06	+4.94773634025574E+06	+4.94779745983124E+06 	0	0	0	0
		B	s1	19	2:55:52 PM	0.0000622594	+7.95768298695617E-11	+1.56263739209456E-14	+6.62160965958954E-02	+2.54899711608887E+01	+4.94776697696739E+06	+0.00000000000000E+00	+4.94776816310883E+06	+4.94773634361267E+06	+4.94779761051178E+06 	0	0	0	0
		B	s1	20	2:55:54 PM	0.0000689811	+1.01438419337186E-10	+1.56527380474310E-14	+6.61045697849395E-02	+2.54206581115723E+01	+4.94776690622403E+06	+0.00000000000000E+00	+4.94776819759369E+06	+4.94773630462647E+06	+4.94779750801087E+06 	0	0	0	0
		B	s1	21	2:55:56 PM	0.0000760476	+4.96071247470747E-11	+1.56376337584692E-14	+6.61684201506590E-02	+2.54106063842773E+01	+4.94776689161400E+06	+0.00000000000000E+00	+4.94776812469483E+06	+4.94773633163452E+06	+4.94779745178223E+06 	0	0	0	0
		B	s1	22	2:55:59 PM	0.0000834587	+1.04446273140535E-10	+1.56337749623809E-14	+6.61847524830513E-02	+2.54221134185791E+01	+4.94776687830067E+06	+0.00000000000000E+00	+4.94776818542481E+06	+4.94773631202698E+06	+4.94779744476319E+06 	0	0	0	0
		B	s1	23	2:56:00 PM	0.0000912146	+5.05323368250344E-11	+1.56354806509751E-14	+6.61775332770928E-02	+2.54032249450684E+01	+4.94776684286225E+06	+0.00000000000000E+00	+4.94776816738129E+06	+4.94773629596710E+06	+4.94779738994599E+06 	0	0	0	0
		B	s1	24	2:56:02 PM	0.0000993152	+1.02250390268329E-10	+1.56255500211641E-14	+6.62195900798852E-02	+2.53770389556885E+01	+4.94776690002580E+06	+0.00000000000000E+00	+4.94776816726685E+06	+4.94773640399933E+06	+4.94779739624024E+06 	0	0	0	0
		B	s1	25	2:56:04 PM	0.0001077605	+5.10719753329696E-11	+1.56513090118777E-14	+6.61106065479495E-02	+2.53793563842773E+01	+4.94776686447250E+06	+0.00000000000000E+00	+4.94776816741944E+06	+4.94773631538391E+06	+4.94779741374970E+06 	0	0	0	0
		B	s1	26	2:56:06 PM	0.0001165505	+8.13546449630403E-11	+1.56372437710348E-14	+6.61700719373706E-02	+2.53893222808838E+01	+4.94776683294412E+06	+0.00000000000000E+00	+4.94776813537598E+06	+4.94773629932404E+06	+4.94779736675263E+06 	0	0	0	0
		B	s1	27	2:56:08 PM	0.0001256852	+4.97810158993405E-11	+1.56425776749650E-14	+6.61475090269669E-02	+2.53366527557373E+01	+4.94776682642131E+06	+0.00000000000000E+00	+4.94776812950135E+06	+4.94773634574890E+06	+4.94779730728150E+06 	0	0	0	0
		B	s1	28	2:56:10 PM	0.0001351646	+5.00903201606304E-11	+1.56279561524021E-14	+6.62093977560107E-02	+2.53472976684570E+01	+4.94776678566137E+06	+0.00000000000000E+00	+4.94776809005737E+06	+4.94773632068634E+06	+4.94779725082398E+06 	0	0	0	0
		B	s1	29	2:56:12 PM	0.0001449887	+4.78112705790719E-11	+1.56494038500665E-14	+6.61186561317238E-02	+2.53600063323975E+01	+4.94776681717041E+06	+0.00000000000000E+00	+4.94776812366486E+06	+4.94773629508972E+06	+4.94779733943939E+06 	0	0	0	0
		B	s1	30	2:56:15 PM	0.0001551575	+1.02207348722196E-10	+1.56333922218340E-14	+6.61863728144893E-02	+2.53140525817871E+01	+4.94776687904534E+06	+0.00000000000000E+00	+4.94776806625366E+06	+4.94773644344330E+06	+4.94779731483460E+06 	0	0	0	0
		B	s1	31	2:56:17 PM	0.0001656710	+5.05888153289467E-11	+1.56364759813246E-14	+6.61733218747721E-02	+2.53534393310547E+01	+4.94776680217886E+06	+0.00000000000000E+00	+4.94776810112000E+06	+4.94773631320954E+06	+4.94779729133606E+06 	0	0	0	0
		B	s1	32	2:56:19 PM	0.0001765292	+7.56786768031861E-11	+1.56715805237950E-14	+6.60250937919037E-02	+2.53274593353271E+01	+4.94776676427961E+06	+0.00000000000000E+00	+4.94776808628082E+06	+4.94773623817444E+06	+4.94779729057312E+06 	0	0	0	0
		B	s1	33	2:56:21 PM	0.0001877322	+1.00441543749562E-10	+1.56774175496651E-14	+6.60005110761539E-02	+2.52890167236328E+01	+4.94776677221440E+06	+0.00000000000000E+00	+4.94776801567078E+06	+4.94773628108978E+06	+4.94779726352692E+06 	0	0	0	0
		B	s1	34	2:56:22 PM	0.0001992798	+1.28432550823562E-10	+1.56930906555887E-14	+6.59345935342238E-02	+2.53264045715332E+01	+4.94776681276416E+06	+0.00000000000000E+00	+4.94776804561615E+06	+4.94773624603272E+06	+4.94779737968445E+06 	0	0	0	0
		B	s1	35	2:56:25 PM	0.0002111721	+7.38643750757930E-11	+1.56570842769827E-14	+6.60862232829718E-02	+2.53212566375732E+01	+4.94776677972936E+06	+0.00000000000000E+00	+4.94776799324036E+06	+4.94773628932953E+06	+4.94779727031708E+06 	0	0	0	0
		B	s1	36	2:56:27 PM	0.0002234092	+9.55616985832773E-11	+1.56308519397455E-14	+6.61971334895788E-02	+2.54100189208984E+01	+4.94776672014344E+06	+0.00000000000000E+00	+4.94776799243927E+06	+4.94773617412567E+06	+4.94779726634979E+06 	0	0	0	0
		B	s1	37	2:56:30 PM	0.0002359909	+9.43011759105727E-11	+1.56286796397160E-14	+6.62063344933610E-02	+2.54314823150635E+01	+4.94776672132587E+06	+0.00000000000000E+00	+4.94776803329468E+06	+4.94773615375519E+06	+4.94779728908539E+06 	0	0	0	0
		B	s1	38	2:56:31 PM	0.0002489174	+9.50124124909318E-11	+1.56559563428366E-14	+6.60909847922843E-02	+2.54316234588623E+01	+4.94776676759781E+06	+0.00000000000000E+00	+4.94776802074433E+06	+4.94773614650727E+06	+4.94779738887787E+06 	0	0	0	0
		B	s1	39	2:56:33 PM	0.0002621886	+9.54420916596694E-11	+1.56424098710058E-14	+6.61482213330198E-02	+2.54186248779297E+01	+4.94776672512142E+06	+0.00000000000000E+00	+4.94776804954529E+06	+4.94773614616394E+06	+4.94779730426789E+06 	0	0	0	0
		B	s1	40	2:56:35 PM	0.0002758044	+9.68364592730223E-11	+1.56586165596876E-14	+6.60797587318005E-02	+2.54401168823242E+01	+4.94776669162802E+06	+0.00000000000000E+00	+4.94776799865723E+06	+4.94773605510712E+06	+4.94779732833862E+06 	0	0	0	0
		B	s1	41	2:56:38 PM	0.0002897650	+9.74142562811604E-11	+1.56614411766555E-14	+6.60678401307837E-02	+2.54486083984375E+01	+4.94776672142071E+06	+0.00000000000000E+00	+4.94776811096192E+06	+4.94773606914520E+06	+4.94779737388611E+06 	0	0	0	0
		B	s1	42	2:56:39 PM	0.0003040703	+4.59908396506453E-11	+1.56601813433106E-14	+6.60731545646869E-02	+2.54688835144043E+01	+4.94776674406080E+06	+0.00000000000000E+00	+4.94776805076599E+06	+4.94773606983185E+06	+4.94779741847992E+06 	0	0	0	0
		B	s1	43	2:56:41 PM	0.0003187203	+9.99524365503162E-11	+1.56584017826352E-14	+6.60806630744985E-02	+2.54732666015625E+01	+4.94776676778821E+06	+0.00000000000000E+00	+4.94776804710388E+06	+4.94773609176636E+06	+4.94779744400025E+06 	0	0	0	0
		B	s1	44	2:56:43 PM	0.0003337150	+1.25199266617044E-10	+1.56686912812567E-14	+6.60372694608534E-02	+2.54729843139648E+01	+4.94776673011795E+06	+0.00000000000000E+00	+4.94776804363251E+06	+4.94773603427887E+06	+4.94779742614746E+06 	0	0	0	0
		B	s1	45	2:56:46 PM	0.0003490544	+9.91194579604118E-11	+1.56738073686093E-14	+6.60157134941103E-02	+2.54848594665527E+01	+4.94776675792694E+06	+0.00000000000000E+00	+4.94776806533814E+06	+4.94773603775025E+06	+4.94779747829437E+06 	0	0	0	0
		B	s1	46	2:56:48 PM	0.0003647385	+5.04047658904896E-11	+1.56914691634647E-14	+6.59414086038998E-02	+2.55269184112549E+01	+4.94776675052590E+06	+0.00000000000000E+00	+4.94776811622620E+06	+4.94773594497681E+06	+4.94779755626679E+06 	0	0	0	0
		B	s1	47	2:56:49 PM	0.0003807673	+9.99396972753184E-11	+1.56975925295405E-14	+6.59156859248576E-02	+2.55037212371826E+01	+4.94776675231890E+06	+0.00000000000000E+00	+4.94776815204621E+06	+4.94773596275330E+06	+4.94779754207611E+06 	0	0	0	0
		B	s1	48	2:56:52 PM	0.0003971408	+1.00374527917431E-10	+1.57009554012327E-14	+6.59015673221523E-02	+2.55108318328857E+01	+4.94776677516885E+06	+0.00000000000000E+00	+4.94776817970276E+06	+4.94773597042084E+06	+4.94779758010864E+06 	0	0	0	0
		B	s1	49	2:56:54 PM	0.0004138590	+7.80453488150148E-11	+1.57110830221729E-14	+6.58590858402026E-02	+2.55488624572754E+01	+4.94776678472425E+06	+0.00000000000000E+00	+4.94776816184998E+06	+4.94773591415406E+06	+4.94779765548706E+06 	0	0	0	0
		B	s1	50	2:56:56 PM	0.0004309219	+1.03150402407405E-10	+1.57052068341131E-14	+6.58837276552036E-02	+2.55383510589600E+01	+4.94776677413862E+06	+0.00000000000000E+00	+4.94776816596985E+06	+4.94773592781067E+06	+4.94779762065888E+06 	0	0	0	0
		B	s1	51	2:56:57 PM	0.0004483296	+1.02025363192775E-10	+1.57201368672946E-14	+6.58211538909416E-02	+2.55300140380859E+01	+4.94776682649522E+06	+0.00000000000000E+00	+4.94776813144684E+06	+4.94773596092224E+06	+4.94779769226074E+06 	0	0	0	0
		B	s1	52	2:56:59 PM	0.0004660819	+1.01518640419730E-10	+1.56848897910492E-14	+6.59690668188093E-02	+2.55120735168457E+01	+4.94776683906521E+06	+0.00000000000000E+00	+4.94776815898895E+06	+4.94773606433869E+06	+4.94779761398316E+06 	0	0	0	0
		B	s1	53	2:57:01 PM	0.0004841789	+5.29396397163753E-11	+1.57099019546571E-14	+6.58640361228209E-02	+2.55399532318115E+01	+4.94776682195578E+06	+0.00000000000000E+00	+4.94776818996430E+06	+4.94773596446991E+06	+4.94779767963410E+06 	0	0	0	0
		B	s1	54	2:57:03 PM	0.0005026207	+1.03396677336175E-10	+1.57104643877170E-14	+6.58616778221396E-02	+2.55312404632568E+01	+4.94776683603207E+06	+0.00000000000000E+00	+4.94776821453095E+06	+4.94773598796845E+06	+4.94779768428803E+06 	0	0	0	0
		B	s1	55	2:57:05 PM	0.0005214071	+1.04259562381781E-10	+1.57180727309389E-14	+6.58297984684691E-02	+2.55339508056641E+01	+4.94776679717927E+06	+0.00000000000000E+00	+4.94776818313599E+06	+4.94773593090058E+06	+4.94779766365051E+06 	0	0	0	0
		B	s1	56	2:57:07 PM	0.0005405383	+1.03359664243804E-10	+1.57175123041796E-14	+6.58321445029502E-02	+2.55334091186523E+01	+4.94776684249788E+06	+0.00000000000000E+00	+4.94776813850403E+06	+4.94773597797394E+06	+4.94779770721436E+06 	0	0	0	0
		B	s1	57	2:57:09 PM	0.0005600142	+1.02979791345347E-10	+1.57211647614071E-14	+6.58168504978114E-02	+2.55458869934082E+01	+4.94776681974307E+06	+0.00000000000000E+00	+4.94776819541931E+06	+4.94773593296051E+06	+4.94779770671845E+06 	0	0	0	0
		B	s1	58	2:57:11 PM	0.0005798347	+1.03891476570748E-10	+1.57236928741648E-14	+6.58062677346421E-02	+2.55339088439941E+01	+4.94776683814905E+06	+0.00000000000000E+00	+4.94776824443817E+06	+4.94773596088410E+06	+4.94779771560669E+06 	0	0	0	0
		B	s1	59	2:57:12 PM	0.0006000000	+1.04424502279202E-10	+1.57255291878764E-14	+6.57985835787572E-02	+2.55355796813965E+01	+4.94776682969946E+06	+0.00000000000000E+00	+4.94776824863434E+06	+4.94773594680786E+06	+4.94779771278381E+06 	0	0	0	0
		T	s2 	60	3:00:38 PM	0.0006000000	+9.33438251797547E-11	+1.57569385202070E-14	+6.56673916978829E-02	+2.60258197784424E+01	+4.94776800797901E+06	+0.00000000000000E+00	+4.94776930107117E+06	+4.94773646930695E+06	+4.94779954685211E+06 	0.624000	0.146000	0.209202	0.036824
		T	s2 	61	3:00:43 PM	0.0005798347	+5.53929232690930E-11	+1.57970178490054E-14	+6.55007782571806E-02	+2.60832786560059E+01	+4.94776822438583E+06	+0.00000000000000E+00	+4.94776950832367E+06	+4.94773653568268E+06	+4.94779991329193E+06 	0.640000	0.166000	0.206173	0.035984
		T	s2 	62	3:00:49 PM	0.0005600142	+5.85250629321043E-11	+1.57911841273131E-14	+6.55249751205337E-02	+2.61181526184082E+01	+4.94776826308573E+06	+0.00000000000000E+00	+4.94776958572388E+06	+4.94773654373169E+06	+4.94779998264313E+06 	0.600000	0.192000	0.202031	0.036137
		T	s2 	63	3:00:55 PM	0.0005405383	+5.81563480440936E-11	+1.58064420947484E-14	+6.54617217291974E-02	+2.61245555877686E+01	+4.94776834229768E+06	+0.00000000000000E+00	+4.94776967861176E+06	+4.94773658451080E+06	+4.94780010028839E+06 	0.600000	0.200000	0.198332	0.034997
		T	s2 	64	3:01:01 PM	0.0005214071	+5.75738435682770E-11	+1.58153510835759E-14	+6.54248464346830E-02	+2.61501560211182E+01	+4.94776833747177E+06	+0.00000000000000E+00	+4.94776960292816E+06	+4.94773653064728E+06	+4.94780014450073E+06 	0.608000	0.150000	0.194780	0.034524
		T	s2 	65	3:01:06 PM	0.0005026207	+5.73213179299067E-11	+1.58159784853460E-14	+6.54222521701669E-02	+2.61340656280518E+01	+4.94776829722683E+06	+0.00000000000000E+00	+4.94776960781098E+06	+4.94773650871277E+06	+4.94780008594513E+06 	0.608000	0.146000	0.191363	0.034370
		T	s2 	66	3:01:11 PM	0.0004841789	+5.85370897197046E-11	+1.57823605339948E-14	+6.55616058825915E-02	+2.61517047882080E+01	+4.94776837268184E+06	+0.00000000000000E+00	+4.94776965763092E+06	+4.94773663032532E+06	+4.94780011524201E+06 	0.576000	0.170000	0.188365	0.032921
		T	s2 	67	3:01:16 PM	0.0004660819	+5.98572545293586E-11	+1.58212885566572E-14	+6.54002930791124E-02	+2.61671314239502E+01	+4.94776835530527E+06	+0.00000000000000E+00	+4.94776968292237E+06	+4.94773651588440E+06	+4.94780019493103E+06 	0.560000	0.152000	0.184324	0.032884
		T	s2 	68	3:01:22 PM	0.0004483296	+1.07974125461913E-10	+1.57946712331260E-14	+6.55105062792937E-02	+2.61822586059570E+01	+4.94776835410387E+06	+0.00000000000000E+00	+4.94776968292237E+06	+4.94773654987335E+06	+4.94780015853882E+06 	0.560000	0.176000	0.181303	0.032734
		T	s2 	69	3:01:27 PM	0.0004309219	+5.90000476411741E-11	+1.57964992417023E-14	+6.55029253436779E-02	+2.61466197967529E+01	+4.94776835046109E+06	+0.00000000000000E+00	+4.94776965682984E+06	+4.94773658584595E+06	+4.94780011528015E+06 	0.544000	0.128000	0.176766	0.032720
		T	s2 	70	3:01:33 PM	0.0004138590	+6.02279869362958E-11	+1.57953029334675E-14	+6.55078863898000E-02	+2.61697025299072E+01	+4.94776835156718E+06	+0.00000000000000E+00	+4.94776962673187E+06	+4.94773656131745E+06	+4.94780014202118E+06 	0.536000	0.214000	0.173254	0.030942
		T	s2 	71	3:01:39 PM	0.0003971408	+5.73829225768640E-11	+1.58007689673689E-14	+6.54852264595141E-02	+2.61468849182129E+01	+4.94776829417517E+06	+0.00000000000000E+00	+4.94776962429047E+06	+4.94773652065277E+06	+4.94780006790161E+06 	0.544000	0.168000	0.169509	0.031754
		T	s2 	72	3:01:45 PM	0.0003807673	+1.05832946358806E-10	+1.58061536926734E-14	+6.54629153466200E-02	+2.61639442443848E+01	+4.94776837289125E+06	+0.00000000000000E+00	+4.94776967300415E+06	+4.94773656780243E+06	+4.94780017818451E+06 	0.512000	0.130000	0.166360	0.029762
		T	s2 	73	3:01:50 PM	0.0003647385	+5.87728205693531E-11	+1.57778070111093E-14	+6.55805268850408E-02	+2.61905479431152E+01	+4.94776838307665E+06	+0.00000000000000E+00	+4.94776960376740E+06	+4.94773660274506E+06	+4.94780016361237E+06 	0.504000	0.168000	0.163151	0.029250
		T	s2 	74	3:01:55 PM	0.0003490544	+6.15653382592777E-11	+1.57874984848398E-14	+6.55402663678209E-02	+2.61996822357178E+01	+4.94776848086622E+06	+0.00000000000000E+00	+4.94776967578888E+06	+4.94773666992188E+06	+4.94780029201508E+06 	0.504000	0.130000	0.159365	0.029436
		T	s2 	75	3:02:01 PM	0.0003337150	+5.95553753804881E-11	+1.57785414794867E-14	+6.55774722943109E-02	+2.61701679229736E+01	+4.94776845519365E+06	+0.00000000000000E+00	+4.94776969509125E+06	+4.94773669811249E+06	+4.94780021247864E+06 	0.496000	0.158000	0.156237	0.027994
		T	s2 	76	3:02:06 PM	0.0003187203	+8.57851161427831E-11	+1.57711138942873E-14	+6.56083550434597E-02	+2.61863136291504E+01	+4.94776851952849E+06	+0.00000000000000E+00	+4.94776975437165E+06	+4.94773675781250E+06	+4.94780028144837E+06 	0.480000	0.126000	0.151717	0.028073
		T	s2 	77	3:02:12 PM	0.0003040703	+6.19838336653705E-11	+1.57774620154108E-14	+6.55819561406570E-02	+2.61888866424561E+01	+4.94776856232929E+06	+0.00000000000000E+00	+4.94776975234985E+06	+4.94773678470612E+06	+4.94780034015656E+06 	0.456000	0.138000	0.149372	0.027682
		T	s2 	78	3:02:18 PM	0.0002897650	+6.35685338262250E-11	+1.57651057421962E-14	+6.56333578729829E-02	+2.61985740661621E+01	+4.94776854995068E+06	+0.00000000000000E+00	+4.94776981143952E+06	+4.94773678546906E+06	+4.94780031463623E+06 	0.456000	0.122000	0.145546	0.026836
		T	s2 	79	3:02:24 PM	0.0002758044	+6.49192292306968E-11	+1.57769191581398E-14	+6.55842131171395E-02	+2.61917057037354E+01	+4.94776854680346E+06	+0.00000000000000E+00	+4.94776983135224E+06	+4.94773676685333E+06	+4.94780032695770E+06 	0.432000	0.114000	0.141257	0.026097
		T	s2 	80	3:02:29 PM	0.0002621886	+6.60600838013403E-11	+1.57405569158373E-14	+6.57357173109058E-02	+2.62185401916504E+01	+4.94776861533475E+06	+0.00000000000000E+00	+4.94776980319977E+06	+4.94773687614441E+06	+4.94780035472870E+06 	0.448000	0.142000	0.138241	0.027043
		T	s2 	81	3:02:35 PM	0.0002489174	+6.48468579918668E-11	+1.57379568947207E-14	+6.57465780764057E-02	+2.61848468780518E+01	+4.94776858662945E+06	+0.00000000000000E+00	+4.94776982666016E+06	+4.94773689346314E+06	+4.94780027999878E+06 	0.440000	0.158000	0.133897	0.026705
		T	s2 	82	3:02:40 PM	0.0002359909	+6.68517640648880E-11	+1.57280100926585E-14	+6.57881546097764E-02	+2.61656112670898E+01	+4.94776871110330E+06	+0.00000000000000E+00	+4.94776985420227E+06	+4.94773706123352E+06	+4.94780036117554E+06 	0.416000	0.116000	0.131181	0.024372
		T	s2 	83	3:02:46 PM	0.0002234092	+1.14679810604138E-10	+1.57363059281519E-14	+6.57534715428340E-02	+2.62119731903076E+01	+4.94776874850594E+06	+0.00000000000000E+00	+4.94776993122101E+06	+4.94773702583313E+06	+4.94780047138214E+06 	0.456000	0.130000	0.127695	0.024490
		T	s2 	84	3:02:52 PM	0.0002111721	+6.84909378583951E-11	+1.57353264888876E-14	+6.57575638096954E-02	+2.61606788635254E+01	+4.94776876853351E+06	+0.00000000000000E+00	+4.94776992084503E+06	+4.94773710990906E+06	+4.94780042736054E+06 	0.392000	0.148000	0.123711	0.023519
		T	s2 	85	3:02:57 PM	0.0001992798	+7.10808925225342E-11	+1.57240036481982E-14	+6.58049154518071E-02	+2.61994533538818E+01	+4.94776878054966E+06	+0.00000000000000E+00	+4.94776994483948E+06	+4.94773709781647E+06	+4.94780046348572E+06 	0.400000	0.108000	0.120705	0.022618
		T	s2 	86	3:03:03 PM	0.0001877322	+7.11206460314772E-11	+1.57199606744921E-14	+6.58218385673015E-02	+2.61719245910645E+01	+4.94776882079498E+06	+0.00000000000000E+00	+4.94776998905182E+06	+4.94773717948914E+06	+4.94780046230316E+06 	0.392000	0.094000	0.117694	0.022049
		T	s2 	87	3:03:09 PM	0.0001765292	+7.12157389639427E-11	+1.56844603610800E-14	+6.59708186395212E-02	+2.61744117736816E+01	+4.94776887784421E+06	+0.00000000000000E+00	+4.94776999038696E+06	+4.94773730499268E+06	+4.94780045089722E+06 	0.368000	0.152000	0.112695	0.021915
		T	s2 	88	3:03:15 PM	0.0001656710	+7.19210739884878E-11	+1.57105991047745E-14	+6.58610579088884E-02	+2.61815834045410E+01	+4.94776890777012E+06	+0.00000000000000E+00	+4.94777005630493E+06	+4.94773727363587E+06	+4.94780054210663E+06 	0.392000	0.134000	0.110929	0.021506
		T	s2 	89	3:03:20 PM	0.0001551575	+7.32276631237724E-11	+1.57189519294326E-14	+6.58260590976215E-02	+2.61446037292480E+01	+4.94776895263114E+06	+0.00000000000000E+00	+4.94777012531281E+06	+4.94773734638214E+06	+4.94780055908203E+06 	0.384000	0.104000	0.106738	0.021273
		T	s2 	90	3:03:26 PM	0.0001449887	+7.94055425049874E-11	+1.56690134926169E-14	+6.60358497467085E-02	+2.60527935028076E+01	+4.94776904344135E+06	+0.00000000000000E+00	+4.94777016387940E+06	+4.94773764823914E+06	+4.94780043884278E+06 	0.344000	0.118000	0.102505	0.020852
		T	s2 	91	3:03:32 PM	0.0001351646	+8.25945941391584E-11	+1.57089960335817E-14	+6.58677746142065E-02	+2.60710887908936E+01	+4.94776906859863E+06	+0.00000000000000E+00	+4.94777029727936E+06	+4.94773757118225E+06	+4.94780056621552E+06 	0.320000	0.092000	0.099068	0.021925
		T	s2 	92	3:03:37 PM	0.0001256852	+8.61826379607685E-11	+1.56884819404754E-14	+6.59538995220613E-02	+2.60694198608398E+01	+4.94776918479458E+06	+0.00000000000000E+00	+4.94777030868530E+06	+4.94773773052216E+06	+4.94780063926697E+06 	0.320000	0.124000	0.095103	0.021038
		T	s2 	93	3:03:43 PM	0.0001165505	+8.88624275706348E-11	+1.57245918705787E-14	+6.58024413781590E-02	+2.60677356719971E+01	+4.94776924886197E+06	+0.00000000000000E+00	+4.94777040042877E+06	+4.94773772422791E+06	+4.94780077369690E+06 	0.336000	0.140000	0.091405	0.018587
		T	s2 	94	3:03:49 PM	0.0001077605	+8.95684591661284E-11	+1.57072242778014E-14	+6.58751991313385E-02	+2.61046428680420E+01	+4.94776926717246E+06	+0.00000000000000E+00	+4.94777035697937E+06	+4.94773773277283E+06	+4.94780080177307E+06 	0.328000	0.116000	0.088264	0.018590
		T	s2 	95	3:03:55 PM	0.0000993152	+8.89829320644618E-11	+1.56967542195959E-14	+6.59191382389849E-02	+2.60556640625000E+01	+4.94776930493847E+06	+0.00000000000000E+00	+4.94777037261963E+06	+4.94773785068512E+06	+4.94780075939179E+06 	0.296000	0.094000	0.084661	0.020838
		T	s2 	96	3:04:01 PM	0.0000912146	+9.18773005526861E-11	+1.56872401444960E-14	+6.59591130618741E-02	+2.61204738616943E+01	+4.94776946031072E+06	+0.00000000000000E+00	+4.94777055438995E+06	+4.94773794692993E+06	+4.94780097389221E+06 	0.280000	0.084000	0.081647	0.018916
		T	s2 	97	3:04:06 PM	0.0000834587	+9.99913553821046E-11	+1.56704786625985E-14	+6.60296617725252E-02	+2.61071052551270E+01	+4.94776955693731E+06	+0.00000000000000E+00	+4.94777058967591E+06	+4.94773809333802E+06	+4.94780102073670E+06 	0.264000	0.092000	0.079836	0.022008
		T	s2 	98	3:04:12 PM	0.0000760476	+1.00069433260737E-10	+1.57144577500976E-14	+6.58448688831690E-02	+2.60882205963135E+01	+4.94776954684702E+06	+0.00000000000000E+00	+4.94777072845459E+06	+4.94773801776886E+06	+4.94780107612610E+06 	0.264000	0.110000	0.074888	0.019596
		T	s2 	99	3:04:18 PM	0.0000689811	+5.39063490631520E-11	+1.57024760914774E-14	+6.58951072524536E-02	+2.61422405242920E+01	+4.94776969973983E+06	+0.00000000000000E+00	+4.94777085147858E+06	+4.94773812946320E+06	+4.94780127021790E+06 	0.264000	0.116000	0.070702	0.017246
		T	s2 	100	3:04:24 PM	0.0000622594	+8.86377264324262E-11	+1.57250972535063E-14	+6.58003122077617E-02	+2.61359863281250E+01	+4.94776978915609E+06	+0.00000000000000E+00	+4.94777092468262E+06	+4.94773818096161E+06	+4.94780139755249E+06 	0.240000	0.106000	0.068389	0.015817
		T	s2 	101	3:04:29 PM	0.0000558823	+1.15185915117610E-10	+1.57403952244239E-14	+6.57363592022824E-02	+2.61387557983398E+01	+4.94776987121001E+06	+0.00000000000000E+00	+4.94777098976135E+06	+4.94773822891236E+06	+4.94780151371002E+06 	0.240000	0.084000	0.064631	0.015662
		T	s2 	102	3:04:35 PM	0.0000498500	+6.45249890687657E-11	+1.57432578815523E-14	+6.57244064523560E-02	+2.61461486816406E+01	+4.94776985822087E+06	+0.00000000000000E+00	+4.94777109672546E+06	+4.94773820121765E+06	+4.94780151542664E+06 	0.232000	0.082000	0.061119	0.016908
		T	s2 	103	3:04:41 PM	0.0000441623	+1.21415002518354E-10	+1.57222359001283E-14	+6.58122795980690E-02	+2.61858539581299E+01	+4.94777008517625E+06	+0.00000000000000E+00	+4.94777133037567E+06	+4.94773842243195E+06	+4.94780174812317E+06 	0.208000	0.088000	0.057299	0.015652
		T	s2 	104	3:04:47 PM	0.0000388194	+7.64075813236411E-11	+1.57503359937820E-14	+6.56948612506583E-02	+2.61768779754639E+01	+4.94777019803377E+06	+0.00000000000000E+00	+4.94777140117645E+06	+4.94773848957062E+06	+4.94780190670014E+06 	0.200000	0.116000	0.053848	0.016344
		T	s2 	105	3:04:53 PM	0.0000338211	+1.32440236938709E-10	+1.57736804462943E-14	+6.55976322804956E-02	+2.61637954711914E+01	+4.94777031312299E+06	+0.00000000000000E+00	+4.94777153617859E+06	+4.94773857353211E+06	+4.94780205291748E+06 	0.216000	0.114000	0.051400	0.014705
		T	s2 	106	3:04:59 PM	0.0000291676	+4.13080072089662E-11	+1.57931257998329E-14	+6.55168628831825E-02	+2.62147140502930E+01	+4.94777038987405E+06	+0.00000000000000E+00	+4.94777163108826E+06	+4.94773854930878E+06	+4.94780223064423E+06 	0.176000	0.146000	0.048075	0.013744
		T	s2 	107	3:05:04 PM	0.0000248588	+4.19444464967656E-11	+1.57620321622099E-14	+6.56461063045766E-02	+2.61909809112549E+01	+4.94777043441123E+06	+0.00000000000000E+00	+4.94777170986176E+06	+4.94773868530274E+06	+4.94780218372345E+06 	0.168000	0.108000	0.043745	0.016790
		T	s2 	108	3:05:10 PM	0.0000208947	+4.69622429979794E-11	+1.57014240302500E-14	+6.58994973650913E-02	+2.61593666076660E+01	+4.94777064334322E+06	+0.00000000000000E+00	+4.94777184757233E+06	+4.94773905448914E+06	+4.94780223239899E+06 	0.256000	0.082000	0.041992	0.014422
		T	s2 	109	3:05:16 PM	0.0000172753	+9.50269423779522E-11	+1.57352298220560E-14	+6.57579177519380E-02	+2.62134304046631E+01	+4.94777065066659E+06	+0.00000000000000E+00	+4.94777192214966E+06	+4.94773892837525E+06	+4.94780237316132E+06 	0.168000	0.062000	0.039872	0.014066
		T	s2 	110	3:05:21 PM	0.0000140006	+5.13411809807407E-11	+1.57754599203051E-14	+6.55902201171899E-02	+2.61629142761230E+01	+4.94777079369854E+06	+0.00000000000000E+00	+4.94777190517426E+06	+4.94773905158997E+06	+4.94780253601074E+06 	0.160000	0.102000	0.036443	0.013812
		T	s2 	111	3:05:27 PM	0.0000110706	+6.01289715987797E-11	+1.57544399140755E-14	+6.56777299467421E-02	+2.61956481933594E+01	+4.94777088570905E+06	+0.00000000000000E+00	+4.94777216655731E+06	+4.94773914623261E+06	+4.94780262538910E+06 	0.144000	0.078000	0.031724	0.015197
		T	s2 	112	3:05:33 PM	0.0000084853	+1.11275491908147E-10	+1.57640677744151E-14	+6.56376161834745E-02	+2.62176895141602E+01	+4.94777093369765E+06	+0.00000000000000E+00	+4.94777229114533E+06	+4.94773914810181E+06	+4.94780271949768E+06 	0.272000	0.118000	0.030227	0.013523
		T	s2 	113	3:05:39 PM	0.0000062447	+1.11617391472588E-10	+1.57973180152793E-14	+6.54994596899781E-02	+2.62942218780518E+01	+4.94777101861178E+06	+0.00000000000000E+00	+4.94777226215363E+06	+4.94773907299042E+06	+4.94780296443939E+06 	0.152000	0.066000	0.025921	0.012641
		T	s2 	114	3:05:45 PM	0.0000043488	+1.37544315179198E-10	+1.57744449051202E-14	+6.55944328283690E-02	+2.63353195190430E+01	+4.94777108512100E+06	+0.00000000000000E+00	+4.94777244838715E+06	+4.94773913589478E+06	+4.94780303455353E+06 	0.112000	0.078000	0.021702	0.012259
		T	s2 	115	3:05:51 PM	0.0000027976	+1.62387748402547E-10	+1.58044547279561E-14	+6.54698816773280E-02	+2.64002742767334E+01	+4.94777105097855E+06	+0.00000000000000E+00	+4.94777235607147E+06	+4.94773896202088E+06	+4.94780314014435E+06 	0.120000	0.080000	0.021925	0.013206
		T	s2 	116	3:05:57 PM	0.0000015912	+8.83479422456471E-11	+1.58508376270519E-14	+6.52783003872926E-02	+2.62378425598145E+01	+4.94777114901695E+06	+0.00000000000000E+00	+4.94777228633881E+06	+4.94773916389465E+06	+4.94780313434601E+06 	0.104000	0.132000	0.020088	0.013877
		T	s2 	117	3:06:03 PM	0.0000007294	+1.23439103248821E-10	+1.57007278126009E-14	+6.59024083815714E-02	+2.60842285156250E+01	+4.94777106250275E+06	+0.00000000000000E+00	+4.94777232788086E+06	+4.94773956577301E+06	+4.94780255943299E+06 	0.112000	0.118000	0.015530	0.012634
		T	s2 	118	3:06:08 PM	0.0000002124	+3.34751489892094E-11	+1.56708662908190E-14	+6.60279821186237E-02	+2.58861923217773E+01	+4.94777129432379E+06	+0.00000000000000E+00	+4.94777255229950E+06	+4.94774009616852E+06	+4.94780249267578E+06 	0.104000	0.132000	0.016178	0.013698
		T	s2 	119	3:06:14 PM	0.0000000400	+1.36792108074661E-10	+1.57013569936859E-14	+6.58997858064877E-02	+2.55211830139160E+01	+4.94777037736832E+06	+0.00000000000000E+00	+4.94777287418366E+06	+4.94773955928803E+06	+4.94780119564057E+06 	0.112000	0.122000	0.019552	0.013404
		B	s3	120	3:07:42 PM	0.0000000400	+9.19609826811948E-11	+1.57653192271538E-14	+6.56325124234666E-02	+2.57267913818359E+01	+4.94776691709223E+06	+0.00000000000000E+00	+4.94776861011505E+06	+4.94773572422028E+06	+4.94779811016083E+06 	0	0	0	0
		B	s3	121	3:07:43 PM	0.0000002124	+5.85403254790032E-11	+1.58762749797334E-14	+6.51738170953137E-02	+2.55768585205078E+01	+4.94776708051363E+06	+0.00000000000000E+00	+4.94776877380371E+06	+4.94773585117340E+06	+4.94779831005097E+06 	0	0	0	0
		B	s3	122	3:07:46 PM	0.0000007294	+8.54091528685336E-11	+1.57498590124533E-14	+6.56969306655940E-02	+2.59159793853760E+01	+4.94776719085272E+06	+0.00000000000000E+00	+4.94776844764710E+06	+4.94773579940796E+06	+4.94779858249664E+06 	0	0	0	0
		B	s3	123	3:07:48 PM	0.0000015912	+1.07481676407260E-10	+1.57468259530080E-14	+6.57095885669907E-02	+2.59109401702881E+01	+4.94776704961363E+06	+0.00000000000000E+00	+4.94776843185425E+06	+4.94773567031861E+06	+4.94779842910767E+06 	0	0	0	0
		B	s3	124	3:07:51 PM	0.0000027976	+5.33042911903277E-11	+1.57163899237493E-14	+6.58368382821080E-02	+2.60047340393066E+01	+4.94776712808162E+06	+0.00000000000000E+00	+4.94776827327728E+06	+4.94773569606781E+06	+4.94779856029511E+06 	0	0	0	0
		B	s3	125	3:07:53 PM	0.0000043488	+6.22436981254032E-11	+1.57193861495133E-14	+6.58242879846390E-02	+2.60268344879150E+01	+4.94776717814931E+06	+0.00000000000000E+00	+4.94776845821381E+06	+4.94773571342468E+06	+4.94779864307404E+06 	0	0	0	0
		B	s3	126	3:07:55 PM	0.0000062447	+1.13138462163466E-10	+1.57384670963191E-14	+6.57444844749828E-02	+2.60643157958984E+01	+4.94776716660932E+06	+0.00000000000000E+00	+4.94776855327606E+06	+4.94773561832428E+06	+4.94779871509552E+06 	0	0	0	0
		B	s3	127	3:07:58 PM	0.0000084853	+6.53944532344412E-11	+1.57422609710507E-14	+6.57286382849744E-02	+2.60035400390625E+01	+4.94776723479745E+06	+0.00000000000000E+00	+4.94776845569611E+06	+4.94773575248718E+06	+4.94779871730805E+06 	0	0	0	0
		B	s3	128	3:08:01 PM	0.0000110706	+1.10784640003890E-10	+1.57565084632319E-14	+6.56692040457099E-02	+2.60030384063721E+01	+4.94776725352744E+06	+0.00000000000000E+00	+4.94776848590851E+06	+4.94773574333191E+06	+4.94779876392365E+06 	0	0	0	0
		B	s3	129	3:08:03 PM	0.0000140006	+1.36599879292863E-10	+1.57648061939813E-14	+6.56346388239940E-02	+2.59944171905518E+01	+4.94776727420306E+06	+0.00000000000000E+00	+4.94776845787048E+06	+4.94773575786591E+06	+4.94779879074097E+06 	0	0	0	0
		B	s3	130	3:08:05 PM	0.0000172753	+1.13085981638975E-10	+1.57510064989659E-14	+6.56921430702873E-02	+2.59807567596436E+01	+4.94776724608902E+06	+0.00000000000000E+00	+4.94776853073120E+06	+4.94773577388764E+06	+4.94779871849060E+06 	0	0	0	0
		B	s3	131	3:08:07 PM	0.0000208947	+1.08164983405482E-10	+1.57373830571828E-14	+6.57490135989237E-02	+2.59894752502441E+01	+4.94776714995876E+06	+0.00000000000000E+00	+4.94776850337982E+06	+4.94773569442749E+06	+4.94779860569000E+06 	0	0	0	0
		B	s3	132	3:08:10 PM	0.0000248588	+1.13038567507397E-10	+1.57256827476711E-14	+6.57979319599930E-02	+2.59285545349121E+01	+4.94776717191296E+06	+0.00000000000000E+00	+4.94776839817047E+06	+4.94773581344605E+06	+4.94779853057861E+06 	0	0	0	0
		B	s3	133	3:08:11 PM	0.0000291676	+8.70591206640757E-11	+1.56872890682987E-14	+6.59589684384356E-02	+2.59535331726074E+01	+4.94776716931926E+06	+0.00000000000000E+00	+4.94776837020874E+06	+4.94773585727692E+06	+4.94779848155975E+06 	0	0	0	0
		B	s3	134	3:08:13 PM	0.0000338211	+1.34508343985262E-10	+1.57117207598486E-14	+6.58564031808470E-02	+2.59092769622803E+01	+4.94776713946928E+06	+0.00000000000000E+00	+4.94776838882446E+06	+4.94773583213806E+06	+4.94779844699860E+06 	0	0	0	0
		B	s3	135	3:08:15 PM	0.0000388194	+1.11159693360569E-10	+1.57414317283321E-14	+6.57321041302892E-02	+2.59169197082520E+01	+4.94776710958069E+06	+0.00000000000000E+00	+4.94776828651428E+06	+4.94773573379517E+06	+4.94779848556519E+06 	0	0	0	0
		B	s3	136	3:08:18 PM	0.0000441623	+1.57033252400415E-10	+1.57165561960775E-14	+6.58361425764868E-02	+2.59035625457764E+01	+4.94776709760296E+06	+0.00000000000000E+00	+4.94776830127716E+06	+4.94773578754425E+06	+4.94779840785980E+06 	0	0	0	0
		B	s3	137	3:08:19 PM	0.0000498500	+1.08522785034084E-10	+1.57360139934779E-14	+6.57547335812183E-02	+2.58728713989258E+01	+4.94776716159450E+06	+0.00000000000000E+00	+4.94776836429596E+06	+4.94773584991455E+06	+4.94779847347260E+06 	0	0	0	0
		B	s3	138	3:08:22 PM	0.0000558823	+1.09106567451079E-10	+1.57719599932313E-14	+6.56048723956687E-02	+2.58796958923340E+01	+4.94776712569769E+06	+0.00000000000000E+00	+4.94776837760925E+06	+4.94773573421479E+06	+4.94779851737976E+06 	0	0	0	0
		B	s3	139	3:08:24 PM	0.0000622594	+5.78221404014645E-11	+1.57441717237478E-14	+6.57206627116386E-02	+2.58447685241699E+01	+4.94776718129752E+06	+0.00000000000000E+00	+4.94776843536377E+06	+4.94773588741303E+06	+4.94779847537995E+06 	0	0	0	0
		B	s3	140	3:08:26 PM	0.0000689811	+1.60434038187832E-10	+1.57147831820144E-14	+6.58435686277594E-02	+2.58583660125732E+01	+4.94776716842318E+06	+0.00000000000000E+00	+4.94776835113526E+06	+4.94773591651917E+06	+4.94779842052460E+06 	0	0	0	0
		B	s3	141	3:08:28 PM	0.0000760476	+5.92588717873658E-11	+1.57548819757982E-14	+6.56759862921923E-02	+2.58234214782715E+01	+4.94776714986444E+06	+0.00000000000000E+00	+4.94776841991425E+06	+4.94773586055756E+06	+4.94779843936920E+06 	0	0	0	0
		B	s3	142	3:08:31 PM	0.0000834587	+1.08589164800198E-10	+1.57425587556740E-14	+6.57273976449369E-02	+2.58051967620850E+01	+4.94776713407189E+06	+0.00000000000000E+00	+4.94776842388153E+06	+4.94773589130402E+06	+4.94779837703705E+06 	0	0	0	0
		B	s3	143	3:08:32 PM	0.0000912146	+5.86303522687461E-11	+1.57305950300637E-14	+6.57773864619436E-02	+2.58031921386719E+01	+4.94776711187052E+06	+0.00000000000000E+00	+4.94776835811615E+06	+4.94773589527130E+06	+4.94779832866669E+06 	0	0	0	0
		B	s3	144	3:08:35 PM	0.0000993152	+1.07180261475784E-10	+1.57460473679144E-14	+6.57128361328396E-02	+2.58027400970459E+01	+4.94776710742621E+06	+0.00000000000000E+00	+4.94776840782166E+06	+4.94773586071015E+06	+4.94779835433960E+06 	0	0	0	0
		B	s3	145	3:08:37 PM	0.0001077605	+1.08624820950797E-10	+1.57245823670890E-14	+6.58025359315771E-02	+2.57435512542725E+01	+4.94776718921404E+06	+0.00000000000000E+00	+4.94776836032868E+06	+4.94773605667114E+06	+4.94779832195282E+06 	0	0	0	0
		B	s3	146	3:08:40 PM	0.0001165505	+1.08345278607737E-10	+1.57586273753266E-14	+6.56603783616556E-02	+2.57897434234619E+01	+4.94776709428452E+06	+0.00000000000000E+00	+4.94776830833435E+06	+4.94773583835602E+06	+4.94779835041046E+06 	0	0	0	0
		B	s3	147	3:08:42 PM	0.0001256852	+5.67857751253662E-11	+1.57422702826141E-14	+6.57286036074569E-02	+2.57455997467041E+01	+4.94776707668023E+06	+0.00000000000000E+00	+4.94776832622528E+06	+4.94773590663910E+06	+4.94779824691773E+06 	0	0	0	0
		B	s3	148	3:08:44 PM	0.0001351646	+5.75010830236941E-11	+1.57592588880005E-14	+6.56577475495356E-02	+2.57443313598633E+01	+4.94776708062824E+06	+0.00000000000000E+00	+4.94776831897736E+06	+4.94773587848663E+06	+4.94779828296662E+06 	0	0	0	0
		B	s3	149	3:08:47 PM	0.0001449887	+5.54298517805533E-11	+1.57587661208865E-14	+6.56598008980331E-02	+2.57210578918457E+01	+4.94776707044318E+06	+0.00000000000000E+00	+4.94776830345154E+06	+4.94773589748383E+06	+4.94779824359894E+06 	0	0	0	0
		B	s3	150	3:08:49 PM	0.0001551575	+5.16213555667070E-11	+1.57473875359277E-14	+6.57072443098082E-02	+2.57335796356201E+01	+4.94776708438595E+06	+0.00000000000000E+00	+4.94776828525543E+06	+4.94773591876984E+06	+4.94779825019837E+06 	0	0	0	0
		B	s3	151	3:08:52 PM	0.0001656710	+1.32102189430414E-10	+1.57510008613782E-14	+6.56921714824381E-02	+2.57413120269775E+01	+4.94776706157395E+06	+0.00000000000000E+00	+4.94776832736969E+06	+4.94773587944031E+06	+4.94779824390412E+06 	0	0	0	0
		B	s3	152	3:08:54 PM	0.0001765292	+5.84329265915756E-11	+1.57607439142467E-14	+6.56515612938132E-02	+2.57211818695068E+01	+4.94776707229329E+06	+0.00000000000000E+00	+4.94776827632904E+06	+4.94773589527130E+06	+4.94779824951172E+06 	0	0	0	0
		B	s3	153	3:08:56 PM	0.0001877322	+1.05671389315499E-10	+1.57613816754585E-14	+6.56489053330807E-02	+2.57424221038818E+01	+4.94776705218966E+06	+0.00000000000000E+00	+4.94776833591461E+06	+4.94773584815979E+06	+4.94779825641632E+06 	0	0	0	0
		B	s3	154	3:08:58 PM	0.0001992798	+1.04284826241739E-10	+1.57728639031474E-14	+6.56011143712017E-02	+2.57122039794922E+01	+4.94776706332866E+06	+0.00000000000000E+00	+4.94776828479767E+06	+4.94773587322235E+06	+4.94779825363159E+06 	0	0	0	0
		B	s3	155	3:09:01 PM	0.0002111721	+1.05052077729087E-10	+1.57675992816079E-14	+6.56230182463098E-02	+2.56870822906494E+01	+4.94776704782218E+06	+0.00000000000000E+00	+4.94776833045960E+06	+4.94773589859009E+06	+4.94779819725037E+06 	0	0	0	0
		B	s3	156	3:09:03 PM	0.0002234092	+1.05697384899676E-10	+1.57779256772156E-14	+6.55800684829465E-02	+2.57087020874023E+01	+4.94776706916511E+06	+0.00000000000000E+00	+4.94776828987122E+06	+4.94773587329865E+06	+4.94779826522827E+06 	0	0	0	0
		B	s3	157	3:09:05 PM	0.0002359909	+1.01783599024507E-10	+1.57351283951450E-14	+6.57584379746803E-02	+2.58181400299072E+01	+4.94776702573448E+06	+0.00000000000000E+00	+4.94776825149536E+06	+4.94773578205109E+06	+4.94779826961517E+06 	0	0	0	0
		B	s3	158	3:09:06 PM	0.0002489174	+1.29183919476701E-10	+1.57436991050463E-14	+6.57226404527211E-02	+2.58411197662354E+01	+4.94776699924113E+06	+0.00000000000000E+00	+4.94776822425842E+06	+4.94773571071625E+06	+4.94779828796387E+06 	0	0	0	0
		B	s3	159	3:09:08 PM	0.0002621886	+1.02057503718970E-10	+1.57568272201728E-14	+6.56678814055073E-02	+2.58244056701660E+01	+4.94776703380225E+06	+0.00000000000000E+00	+4.94776829574585E+06	+4.94773573944092E+06	+4.94779832836151E+06 	0	0	0	0
		B	s3	160	3:09:10 PM	0.0002758044	+1.04411615511282E-10	+1.57564672545290E-14	+6.56693809049046E-02	+2.58360290527344E+01	+4.94776706098188E+06	+0.00000000000000E+00	+4.94776823753357E+06	+4.94773575325012E+06	+4.94779836891174E+06 	0	0	0	0
		B	s3	161	3:09:11 PM	0.0002897650	+1.04427898541105E-10	+1.57690320419724E-14	+6.56170566091748E-02	+2.58414878845215E+01	+4.94776701718896E+06	+0.00000000000000E+00	+4.94776826454163E+06	+4.94773567787171E+06	+4.94779835670471E+06 	0	0	0	0
		B	s3	162	3:09:14 PM	0.0003040703	+1.02383782653623E-10	+1.57669173520697E-14	+6.56258571356869E-02	+2.58283119201660E+01	+4.94776702329260E+06	+0.00000000000000E+00	+4.94776826370240E+06	+4.94773570415497E+06	+4.94779834262848E+06 	0	0	0	0
		B	s3	163	3:09:16 PM	0.0003187203	+1.01722649624102E-10	+1.57679308642701E-14	+6.56216387195458E-02	+2.58678760528564E+01	+4.94776703067372E+06	+0.00000000000000E+00	+4.94776826309204E+06	+4.94773566154480E+06	+4.94779840000153E+06 	0	0	0	0
		B	s3	164	3:09:19 PM	0.0003337150	+1.03802842301987E-10	+1.57764968151442E-14	+6.55860092164611E-02	+2.58578395843506E+01	+4.94776702352113E+06	+0.00000000000000E+00	+4.94776824733734E+06	+4.94773564952850E+06	+4.94779839771271E+06 	0	0	0	0
		B	s3	165	3:09:21 PM	0.0003490544	+8.06085863699350E-11	+1.58037019935749E-14	+6.54731074383605E-02	+2.58776836395264E+01	+4.94776699237363E+06	+0.00000000000000E+00	+4.94776826534271E+06	+4.94773554016113E+06	+4.94779844478607E+06 	0	0	0	0
		B	s3	166	3:09:23 PM	0.0003647385	+1.05023281179598E-10	+1.57955850246086E-14	+6.55067515881747E-02	+2.59050178527832E+01	+4.94776702620989E+06	+0.00000000000000E+00	+4.94776826835632E+06	+4.94773555694580E+06	+4.94779849567414E+06 	0	0	0	0
		B	s3	167	3:09:25 PM	0.0003807673	+5.70734236533269E-11	+1.58033527253657E-14	+6.54745533555761E-02	+2.59170017242432E+01	+4.94776703382002E+06	+0.00000000000000E+00	+4.94776835239411E+06	+4.94773553451538E+06	+4.94779853332520E+06 	0	0	0	0
		B	s3	168	3:09:27 PM	0.0003971408	+1.07746587258185E-10	+1.58141372275191E-14	+6.54299033785113E-02	+2.59255332946777E+01	+4.94776701087441E+06	+0.00000000000000E+00	+4.94776830150604E+06	+4.94773547969818E+06	+4.94779854225159E+06 	0	0	0	0
		B	s3	169	3:09:29 PM	0.0004138590	+1.04922413095431E-10	+1.58135637327589E-14	+6.54322759594574E-02	+2.59051914215088E+01	+4.94776702222330E+06	+0.00000000000000E+00	+4.94776835395813E+06	+4.94773551692963E+06	+4.94779852771759E+06 	0	0	0	0
		B	s3	170	3:09:32 PM	0.0004309219	+5.63781685129850E-11	+1.58286627475664E-14	+6.53698590202291E-02	+2.59255886077881E+01	+4.94776705516286E+06	+0.00000000000000E+00	+4.94776832664490E+06	+4.94773549495697E+06	+4.94779861557007E+06 	0	0	0	0
		B	s3	171	3:09:33 PM	0.0004483296	+1.07026518359780E-10	+1.58119593300708E-14	+6.54389138240814E-02	+2.59298877716064E+01	+4.94776707499947E+06	+0.00000000000000E+00	+4.94776838520050E+06	+4.94773554286957E+06	+4.94779860733032E+06 	0	0	0	0
		B	s3	172	3:09:35 PM	0.0004660819	+1.08647950691704E-10	+1.58269589304168E-14	+6.53768954504014E-02	+2.59317169189453E+01	+4.94776708623355E+06	+0.00000000000000E+00	+4.94776842769623E+06	+4.94773552196503E+06	+4.94779865070343E+06 	0	0	0	0
		B	s3	173	3:09:37 PM	0.0004841789	+1.08044404849971E-10	+1.58325782813547E-14	+6.53536922730598E-02	+2.59427986145020E+01	+4.94776706328799E+06	+0.00000000000000E+00	+4.94776837104797E+06	+4.94773547431946E+06	+4.94779865245819E+06 	0	0	0	0
		B	s3	174	3:09:38 PM	0.0005026207	+1.06468530558621E-10	+1.58267363786294E-14	+6.53778151886038E-02	+2.59213790893555E+01	+4.94776707019283E+06	+0.00000000000000E+00	+4.94776843029023E+06	+4.94773551895142E+06	+4.94779862163544E+06 	0	0	0	0
		B	s3	175	3:09:40 PM	0.0005214071	+1.07294873224054E-10	+1.58263025996659E-14	+6.53796066224823E-02	+2.59203186035156E+01	+4.94776708871320E+06	+0.00000000000000E+00	+4.94776842498779E+06	+4.94773553962708E+06	+4.94779863800049E+06 	0	0	0	0
		B	s3	176	3:09:42 PM	0.0005405383	+1.10108576903972E-10	+1.58542704653297E-14	+6.52642732453219E-02	+2.59351940155029E+01	+4.94776708512691E+06	+0.00000000000000E+00	+4.94776844291687E+06	+4.94773546215058E+06	+4.94779870830536E+06 	0	0	0	0
		B	s3	177	3:09:43 PM	0.0005600142	+1.07838586014345E-10	+1.58387161823177E-14	+6.53283651777102E-02	+2.59209384918213E+01	+4.94776709720074E+06	+0.00000000000000E+00	+4.94776843780518E+06	+4.94773552261353E+06	+4.94779867198944E+06 	0	0	0	0
		B	s3	178	3:09:45 PM	0.0005798347	+5.79892954213575E-11	+1.58323539255430E-14	+6.53546182190035E-02	+2.59395790100098E+01	+4.94776706944875E+06	+0.00000000000000E+00	+4.94776841518402E+06	+4.94773548484802E+06	+4.94779865425110E+06 	0	0	0	0
		B	s3	179	3:09:47 PM	0.0006000000	+1.09246298811170E-10	+1.58470593265482E-14	+6.52939708178300E-02	+2.59360561370850E+01	+4.94776711032307E+06	+0.00000000000000E+00	+4.94776840297699E+06	+4.94773550067902E+06	+4.94779872016907E+06 	0	0	0	0

