	10/07/22	Test #1 (today) Loc 7 Ramp 2 (Tip H10)	Tip H10	Box 5b Xtal 1		DLC	400 uN	2.2%		Points/Segment: 59	
		Seg 	ID Tag	Number	Time	Power	C0	C1	L1	R1	fs	fa	fr	f1	f2	Ch1 (Pk-Pk)	Ch2 (Pk-Pk)	Ch1 (RMS)	Ch2 (RMS)	
						uW	F	F	H	Ohms	Hz	Hz	Hz	Hz	Hz	V	V	V	V	
		B	s1	0	7:26:19 AM	0.0000000400	-6.26152832785024E-11	+1.50049034494972E-14	+6.89586070543101E-02	+2.03059368133545E+01	+4.94776756065542E+06	+0.00000000000000E+00	+4.94776904647827E+06	+4.94774412788391E+06	+4.94779099353790E+06 	0	0	0	0
		B	s1	1	7:26:20 AM	0.0000003847	+1.24019682880572E-10	+1.50172828394488E-14	+6.89017599234061E-02	+2.05484943389893E+01	+4.94776761793167E+06	+0.00000000000000E+00	+4.94776885581970E+06	+4.94774388568878E+06	+4.94779135028839E+06 	0	0	0	0
		B	s1	2	7:26:23 AM	0.0000014189	+4.06675733645667E-11	+1.50796250088447E-14	+6.86169101712480E-02	+2.06845836639404E+01	+4.94776747987654E+06	+0.00000000000000E+00	+4.94776866390228E+06	+4.94774349128723E+06	+4.94779146858216E+06 	0	0	0	0
		B	s1	3	7:26:26 AM	0.0000031425	+4.31095893125950E-11	+1.50675726466066E-14	+6.86717956725369E-02	+2.07075481414795E+01	+4.94776749082469E+06	+0.00000000000000E+00	+4.94776871959687E+06	+4.94774349479675E+06	+4.94779148696900E+06 	0	0	0	0
		B	s1	4	7:26:27 AM	0.0000055555	+8.52760426435106E-11	+1.50610366601128E-14	+6.87015933658995E-02	+2.07715816497803E+01	+4.94776761939875E+06	+0.00000000000000E+00	+4.94776882759094E+06	+4.94774355960846E+06	+4.94779167930603E+06 	0	0	0	0
		B	s1	5	7:26:30 AM	0.0000086579	+5.28230986036013E-11	+1.50589546674366E-14	+6.87110912583788E-02	+2.07426681518555E+01	+4.94776763824353E+06	+0.00000000000000E+00	+4.94776884304047E+06	+4.94774361526489E+06	+4.94779166133881E+06 	0	0	0	0
		B	s1	6	7:26:32 AM	0.0000124498	+4.86608457122922E-11	+1.50677258309120E-14	+6.86710942147759E-02	+2.06733150482178E+01	+4.94776761020583E+06	+0.00000000000000E+00	+4.94776888336182E+06	+4.94774365360260E+06	+4.94779156692505E+06 	0	0	0	0
		B	s1	7	7:26:34 AM	0.0000169311	+4.74293932769344E-11	+1.50369933816203E-14	+6.88114423666940E-02	+2.06728496551514E+01	+4.94776765010780E+06	+0.00000000000000E+00	+4.94776884780884E+06	+4.94774374290467E+06	+4.94779155742645E+06 	0	0	0	0
		B	s1	8	7:26:36 AM	0.0000221019	+1.26453902513580E-10	+1.50444569669785E-14	+6.87773059773595E-02	+2.06940307617187E+01	+4.94776761033940E+06	+0.00000000000000E+00	+4.94776890056610E+06	+4.94774366676331E+06	+4.94779155403137E+06 	0	0	0	0
		B	s1	9	7:26:38 AM	0.0000279621	+8.19440980909588E-11	+1.50392366125321E-14	+6.88011793741274E-02	+2.05857963562012E+01	+4.94776762050622E+06	+0.00000000000000E+00	+4.94776882266998E+06	+4.94774381042481E+06	+4.94779143070221E+06 	0	0	0	0
		B	s1	10	7:26:40 AM	0.0000345117	+4.40643757069154E-11	+1.50311380486686E-14	+6.88382490070918E-02	+2.05885391235352E+01	+4.94776760131834E+06	+0.00000000000000E+00	+4.94776882266998E+06	+4.94774380088806E+06	+4.94779140186310E+06 	0	0	0	0
		B	s1	11	7:26:43 AM	0.0000417508	+4.75022512048644E-11	+1.50350126545845E-14	+6.88205087607386E-02	+2.05499954223633E+01	+4.94776761026399E+06	+0.00000000000000E+00	+4.94776878494263E+06	+4.94774384826660E+06	+4.94779137237549E+06 	0	0	0	0
		B	s1	12	7:26:45 AM	0.0000496793	+8.47327876103898E-11	+1.50482135050777E-14	+6.87601382720881E-02	+2.05489273071289E+01	+4.94776755947120E+06	+0.00000000000000E+00	+4.94776877418518E+06	+4.94774377784729E+06	+4.94779134120941E+06 	0	0	0	0
		B	s1	13	7:26:48 AM	0.0000582972	+4.05015423103918E-11	+1.50409031126335E-14	+6.87935576257783E-02	+2.05049304962158E+01	+4.94776757461585E+06	+0.00000000000000E+00	+4.94776878166199E+06	+4.94774385543823E+06	+4.94779129390717E+06 	0	0	0	0
		B	s1	14	7:26:50 AM	0.0000676045	+4.41052272105174E-11	+1.50667717037837E-14	+6.86754437886534E-02	+2.04314708709717E+01	+4.94776757892667E+06	+0.00000000000000E+00	+4.94776877780915E+06	+4.94774390407562E+06	+4.94779125389099E+06 	0	0	0	0
		B	s1	15	7:26:53 AM	0.0000776013	+4.01714290606528E-11	+1.50327435905994E-14	+6.88308977546780E-02	+2.04491291046143E+01	+4.94776756975248E+06	+0.00000000000000E+00	+4.94776876842499E+06	+4.94774392795563E+06	+4.94779121166230E+06 	0	0	0	0
		B	s1	16	7:26:55 AM	0.0000882876	+4.02716011442215E-11	+1.50404822045006E-14	+6.87954844752733E-02	+2.04041786193848E+01	+4.94776751489732E+06	+0.00000000000000E+00	+4.94776872802735E+06	+4.94774391292572E+06	+4.94779111698151E+06 	0	0	0	0
		B	s1	17	7:26:57 AM	0.0000996632	+3.72498180843646E-11	+1.50530183550421E-14	+6.87381923298709E-02	+2.04007949829102E+01	+4.94776748899545E+06	+0.00000000000000E+00	+4.94776866802216E+06	+4.94774387126923E+06	+4.94779110683441E+06 	0	0	0	0
		B	s1	18	7:27:00 AM	0.0001117283	+4.03419795843052E-11	+1.50810366990398E-14	+6.86104858613465E-02	+2.04069652557373E+01	+4.94776752634109E+06	+0.00000000000000E+00	+4.94776867172241E+06	+4.94774385749817E+06	+4.94779119529724E+06 	0	0	0	0
		B	s1	19	7:27:02 AM	0.0001244828	+4.08186919825774E-11	+1.51011794261446E-14	+6.85189705319510E-02	+2.03637332916260E+01	+4.94776749553750E+06	+0.00000000000000E+00	+4.94776878459931E+06	+4.94774384529114E+06	+4.94779114589691E+06 	0	0	0	0
		B	s1	20	7:27:04 AM	0.0001379268	+4.28663270905761E-11	+1.50690375119155E-14	+6.86651183174814E-02	+2.04076290130615E+01	+4.94776755390237E+06	+0.00000000000000E+00	+4.94776875877380E+06	+4.94774390312195E+06	+4.94779120479584E+06 	0	0	0	0
		B	s1	21	7:27:07 AM	0.0001520602	+4.25471525056856E-11	+1.50874701985352E-14	+6.85812297542541E-02	+2.03971786499023E+01	+4.94776751466813E+06	+0.00000000000000E+00	+4.94776875652313E+06	+4.94774384708405E+06	+4.94779118236542E+06 	0	0	0	0
		B	s1	22	7:27:09 AM	0.0001668830	+4.26649352747560E-11	+1.50737745312441E-14	+6.86435398639943E-02	+2.03869018554687E+01	+4.94776755569535E+06	+0.00000000000000E+00	+4.94776876842499E+06	+4.94774392150879E+06	+4.94779118999481E+06 	0	0	0	0
		B	s1	23	7:27:11 AM	0.0001823953	+4.04434729258543E-11	+1.50521080665661E-14	+6.87423476526202E-02	+2.03747596740723E+01	+4.94776754928689E+06	+0.00000000000000E+00	+4.94776873855591E+06	+4.94774396312714E+06	+4.94779113555908E+06 	0	0	0	0
		B	s1	24	7:27:13 AM	0.0001985970	+4.25329447049676E-11	+1.50704450240059E-14	+6.86587054897150E-02	+2.03314552307129E+01	+4.94776754716984E+06	+0.00000000000000E+00	+4.94776877670288E+06	+4.94774398246765E+06	+4.94779111198426E+06 	0	0	0	0
		B	s1	25	7:27:15 AM	0.0002154881	+4.14390704896392E-11	+1.50923205545720E-14	+6.85591885016930E-02	+2.03258953094482E+01	+4.94776753921606E+06	+0.00000000000000E+00	+4.94776875160217E+06	+4.94774394676209E+06	+4.94779113178253E+06 	0	0	0	0
		B	s1	26	7:27:16 AM	0.0002330687	+4.58231094256845E-11	+1.50771151647935E-14	+6.86283311728687E-02	+2.03453578948975E+01	+4.94776753244498E+06	+0.00000000000000E+00	+4.94776872379303E+06	+4.94774394119263E+06	+4.94779112380982E+06 	0	0	0	0
		B	s1	27	7:27:19 AM	0.0002513387	+4.22389906419032E-11	+1.50708013876226E-14	+6.86570822335697E-02	+2.03333606719971E+01	+4.94776753833880E+06	+0.00000000000000E+00	+4.94776874515534E+06	+4.94774397087097E+06	+4.94779110591889E+06 	0	0	0	0
		B	s1	28	7:27:21 AM	0.0002702982	+4.36102189358150E-11	+1.50827177701698E-14	+6.86028392976562E-02	+2.03236103057861E+01	+4.94776750686751E+06	+0.00000000000000E+00	+4.94776873794556E+06	+4.94774393207550E+06	+4.94779108177185E+06 	0	0	0	0
		B	s1	29	7:27:24 AM	0.0002899470	+4.20393665289827E-11	+1.50894903692497E-14	+6.85720480559403E-02	+2.03172988891602E+01	+4.94776751791105E+06	+0.00000000000000E+00	+4.94776876163483E+06	+4.94774393985748E+06	+4.94779109607697E+06 	0	0	0	0
		B	s1	30	7:27:25 AM	0.0003102853	+4.30677979105449E-11	+1.50898375281694E-14	+6.85704706908331E-02	+2.03004455566406E+01	+4.94776751022452E+06	+0.00000000000000E+00	+4.94776872756958E+06	+4.94774395118714E+06	+4.94779106937409E+06 	0	0	0	0
		B	s1	31	7:27:28 AM	0.0003313131	+4.22733257885057E-11	+1.50869878400489E-14	+6.85834207247884E-02	+2.03072547912598E+01	+4.94776757585637E+06	+0.00000000000000E+00	+4.94776876598358E+06	+4.94774401336670E+06	+4.94779113845825E+06 	0	0	0	0
		B	s1	32	7:27:30 AM	0.0003530302	+4.38075024129616E-11	+1.51008130230522E-14	+6.85206316482373E-02	+2.02786121368408E+01	+4.94776754659770E+06	+0.00000000000000E+00	+4.94776878135681E+06	+4.94774399578095E+06	+4.94779109752655E+06 	0	0	0	0
		B	s1	33	7:27:32 AM	0.0003754369	+4.18902922777741E-11	+1.51075199400810E-14	+6.84902125843113E-02	+2.02952022552490E+01	+4.94776753326519E+06	+0.00000000000000E+00	+4.94776875652313E+06	+4.94774395271302E+06	+4.94779111392975E+06 	0	0	0	0
		B	s1	34	7:27:35 AM	0.0003985329	+4.56004136226513E-11	+1.50936392723198E-14	+6.85531981049212E-02	+2.03040733337402E+01	+4.94776755516161E+06	+0.00000000000000E+00	+4.94776882640839E+06	+4.94774398597717E+06	+4.94779112445831E+06 	0	0	0	0
		B	s1	35	7:27:36 AM	0.0004223184	+4.44940508360416E-11	+1.51192951151059E-14	+6.84368711463332E-02	+2.03013763427734E+01	+4.94776753494354E+06	+0.00000000000000E+00	+4.94776878086090E+06	+4.94774392883301E+06	+4.94779114116669E+06 	0	0	0	0
		B	s1	36	7:27:38 AM	0.0004467933	+4.55330907867268E-11	+1.51181396699283E-14	+6.84421010436077E-02	+2.03842449188232E+01	+4.94776755582855E+06	+0.00000000000000E+00	+4.94776882652283E+06	+4.94774385517121E+06	+4.94779125659943E+06 	0	0	0	0
		B	s1	37	7:27:40 AM	0.0004719576	+5.12378180768504E-11	+1.51279648597902E-14	+6.83976480823553E-02	+2.03786449432373E+01	+4.94776761846584E+06	+0.00000000000000E+00	+4.94776886356354E+06	+4.94774390892029E+06	+4.94779132812500E+06 	0	0	0	0
		B	s1	38	7:27:42 AM	0.0004978114	+5.33624303312536E-11	+1.51274257642246E-14	+6.84000854088437E-02	+2.03869781494141E+01	+4.94776762418784E+06	+0.00000000000000E+00	+4.94776890335083E+06	+4.94774390579224E+06	+4.94779134269715E+06 	0	0	0	0
		B	s1	39	7:27:44 AM	0.0005243546	+5.09258673226118E-11	+1.51145148327841E-14	+6.84585149684400E-02	+2.03650951385498E+01	+4.94776756290495E+06	+0.00000000000000E+00	+4.94776887329102E+06	+4.94774389019013E+06	+4.94779123573303E+06 	0	0	0	0
		B	s1	40	7:27:45 AM	0.0005515873	+5.25390269524975E-11	+1.51222781803933E-14	+6.84233685652383E-02	+2.03700885772705E+01	+4.94776762611440E+06	+0.00000000000000E+00	+4.94776887481690E+06	+4.94774393543243E+06	+4.94779131690979E+06 	0	0	0	0
		B	s1	41	7:27:48 AM	0.0005795093	+5.24044750117891E-11	+1.51138081798777E-14	+6.84617142854655E-02	+2.03536415100098E+01	+4.94776761680669E+06	+0.00000000000000E+00	+4.94776890369415E+06	+4.94774395851135E+06	+4.94779127521515E+06 	0	0	0	0
		B	s1	42	7:27:50 AM	0.0006081209	+5.32543799610181E-11	+1.51190300042934E-14	+6.84380691903273E-02	+2.03444137573242E+01	+4.94776760688849E+06	+0.00000000000000E+00	+4.94776896419525E+06	+4.94774395114899E+06	+4.94779126274109E+06 	0	0	0	0
		B	s1	43	7:27:52 AM	0.0006374218	+5.23456974084851E-11	+1.51394858695131E-14	+6.83455974737179E-02	+2.03557815551758E+01	+4.94776764114425E+06	+0.00000000000000E+00	+4.94776891605377E+06	+4.94774394016266E+06	+4.94779134223938E+06 	0	0	0	0
		B	s1	44	7:27:54 AM	0.0006674122	+5.57481587253233E-11	+1.51198879177895E-14	+6.84341843059196E-02	+2.03393058776855E+01	+4.94776766683648E+06	+0.00000000000000E+00	+4.94776893466950E+06	+4.94774401569367E+06	+4.94779131809235E+06 	0	0	0	0
		B	s1	45	7:27:56 AM	0.0006980920	+6.04299933375768E-11	+1.51277878352111E-14	+6.83984462784898E-02	+2.03436355590820E+01	+4.94776769765915E+06	+0.00000000000000E+00	+4.94776901203156E+06	+4.94774402912140E+06	+4.94779136631012E+06 	0	0	0	0
		B	s1	46	7:27:57 AM	0.0007294612	+5.80092662651977E-11	+1.51387933063755E-14	+6.83487226775357E-02	+2.03270606994629E+01	+4.94776769332948E+06	+0.00000000000000E+00	+4.94776898643494E+06	+4.94774402687073E+06	+4.94779135990143E+06 	0	0	0	0
		B	s1	47	7:28:00 AM	0.0007615199	+5.76899643096187E-11	+1.51345538877683E-14	+6.83678688542116E-02	+2.03379821777344E+01	+4.94776766943037E+06	+0.00000000000000E+00	+4.94776898376465E+06	+4.94774399688721E+06	+4.94779134208679E+06 	0	0	0	0
		B	s1	48	7:28:02 AM	0.0007942680	+5.45298807037395E-11	+1.51440983660949E-14	+6.83247805887808E-02	+2.03360710144043E+01	+4.94776766294532E+06	+0.00000000000000E+00	+4.94776895717621E+06	+4.94774397769928E+06	+4.94779134830475E+06 	0	0	0	0
		B	s1	49	7:28:04 AM	0.0008277056	+5.51120069817673E-11	+1.51291851375887E-14	+6.83921298021370E-02	+2.03435764312744E+01	+4.94776767334044E+06	+0.00000000000000E+00	+4.94776900363922E+06	+4.94774400268555E+06	+4.94779134410858E+06 	0	0	0	0
		B	s1	50	7:28:05 AM	0.0008618326	+5.77709776983586E-11	+1.51284273980519E-14	+6.83955550329020E-02	+2.03330707550049E+01	+4.94776768545217E+06	+0.00000000000000E+00	+4.94776897411347E+06	+4.94774402820587E+06	+4.94779134281159E+06 	0	0	0	0
		B	s1	51	7:28:07 AM	0.0008966490	+5.76952253953569E-11	+1.51327892766744E-14	+6.83758404959479E-02	+2.03401241302490E+01	+4.94776769220411E+06	+0.00000000000000E+00	+4.94776897998810E+06	+4.94774401992798E+06	+4.94779136459351E+06 	0	0	0	0
		B	s1	52	7:28:09 AM	0.0009321549	+6.24566128030523E-11	+1.51443022402314E-14	+6.83238584842683E-02	+2.03449344635010E+01	+4.94776774656344E+06	+0.00000000000000E+00	+4.94776902172089E+06	+4.94774405067444E+06	+4.94779144256592E+06 	0	0	0	0
		B	s1	53	7:28:10 AM	0.0009683502	+6.31895324182751E-11	+1.51537313786804E-14	+6.82813457985823E-02	+2.03581008911133E+01	+4.94776772432361E+06	+0.00000000000000E+00	+4.94776906303406E+06	+4.94774399833679E+06	+4.94779145042420E+06 	0	0	0	0
		B	s1	54	7:28:12 AM	0.0010052349	+6.28314012191251E-11	+1.51561919898516E-14	+6.82702606973252E-02	+2.03543376922607E+01	+4.94776771017108E+06	+0.00000000000000E+00	+4.94776905460358E+06	+4.94774398471832E+06	+4.94779143573761E+06 	0	0	0	0
		B	s1	55	7:28:14 AM	0.0010428090	+6.42851290119313E-11	+1.51513279790248E-14	+6.82921765365687E-02	+2.03680248260498E+01	+4.94776774177581E+06	+0.00000000000000E+00	+4.94776908035279E+06	+4.94774400798798E+06	+4.94779147567749E+06 	0	0	0	0
		B	s1	56	7:28:15 AM	0.0010810726	+6.60832749801807E-11	+1.51569136563081E-14	+6.82670084707176E-02	+2.03699760437012E+01	+4.94776777080560E+06	+0.00000000000000E+00	+4.94776912368775E+06	+4.94774402599335E+06	+4.94779151573181E+06 	0	0	0	0
		B	s1	57	7:28:17 AM	0.0011200256	+6.52487840132657E-11	+1.51640735296716E-14	+6.82347765965275E-02	+2.03637275695801E+01	+4.94776773105644E+06	+0.00000000000000E+00	+4.94776913150788E+06	+4.94774398231506E+06	+4.94779147991181E+06 	0	0	0	0
		B	s1	58	7:28:19 AM	0.0011596681	+6.68449165006251E-11	+1.51751205480891E-14	+6.81851028643193E-02	+2.03597221374512E+01	+4.94776776462572E+06	+0.00000000000000E+00	+4.94776912044525E+06	+4.94774400325775E+06	+4.94779152610779E+06 	0	0	0	0
		B	s1	59	7:28:20 AM	0.0012000000	+6.75450165173262E-11	+1.51706639668548E-14	+6.82051321952953E-02	+2.03526573181152E+01	+4.94776779857659E+06	+0.00000000000000E+00	+4.94776913421631E+06	+4.94774405242920E+06	+4.94779154483795E+06 	0	0	0	0
		T	s2 	60	7:31:58 AM	0.0012000000	+1.00895221572379E-11	+1.51005311951807E-14	+6.85218574542579E-02	+2.11094684600830E+01	+4.94776946097976E+06	+0.00000000000000E+00	+4.94777079448700E+06	+4.94774494567871E+06	+4.94779397640228E+06 	0.928000	0.074000	0.293130	0.012916
		T	s2 	61	7:32:03 AM	0.0011596681	+2.67613323745567E-11	+1.51425173387543E-14	+6.83318606000835E-02	+2.10137252807617E+01	+4.94776960948614E+06	+0.00000000000000E+00	+4.94777103652954E+06	+4.94774513751984E+06	+4.94779408157349E+06 	0.872000	0.076000	0.289258	0.012980
		T	s2 	62	7:32:09 AM	0.0011200256	+3.74896173679724E-11	+1.51534674468298E-14	+6.82824787793404E-02	+2.10667209625244E+01	+4.94776976382840E+06	+0.00000000000000E+00	+4.94777122642517E+06	+4.94774521240235E+06	+4.94779431537628E+06 	0.848000	0.072000	0.285060	0.013310
		T	s2 	63	7:32:15 AM	0.0010810726	+3.86717019229622E-11	+1.51411010552703E-14	+6.83382474858091E-02	+2.10673179626465E+01	+4.94776978355048E+06	+0.00000000000000E+00	+4.94777127132416E+06	+4.94774525146485E+06	+4.94779431575775E+06 	0.832000	0.070000	0.279072	0.013816
		T	s2 	64	7:32:21 AM	0.0010428090	+4.13226762663143E-11	+1.51351881815290E-14	+6.83649439860043E-02	+2.11331939697266E+01	+4.94776982867802E+06	+0.00000000000000E+00	+4.94777128257752E+06	+4.94774522949219E+06	+4.94779442798615E+06 	0.808000	0.062000	0.273548	0.013808
		T	s2 	65	7:32:26 AM	0.0010052349	+4.37087481532219E-11	+1.51512404857718E-14	+6.82925119155788E-02	+2.11028156280518E+01	+4.94776987849801E+06	+0.00000000000000E+00	+4.94777134395600E+06	+4.94774528862000E+06	+4.94779446849823E+06 	0.792000	0.060000	0.266012	0.013243
		T	s2 	66	7:32:32 AM	0.0009683502	+4.71637428423726E-11	+1.51534460537055E-14	+6.82825713509248E-02	+2.10909061431885E+01	+4.94776990249251E+06	+0.00000000000000E+00	+4.94777135505677E+06	+4.94774532291413E+06	+4.94779448219300E+06 	0.784000	0.060000	0.258851	0.009958
		T	s2 	67	7:32:37 AM	0.0009321549	+4.85537125966810E-11	+1.51539910270895E-14	+6.82801157696320E-02	+2.10979213714600E+01	+4.94776990171045E+06	+0.00000000000000E+00	+4.94777138317108E+06	+4.94774531307221E+06	+4.94779449047089E+06 	0.760000	0.060000	0.250565	0.012212
		T	s2 	68	7:32:43 AM	0.0008966490	+4.80023116014519E-11	+1.51567989811827E-14	+6.82674650510298E-02	+2.11237106323242E+01	+4.94776994227958E+06	+0.00000000000000E+00	+4.94777139301300E+06	+4.94774531902313E+06	+4.94779456565857E+06 	0.712000	0.046000	0.240520	0.010391
		T	s2 	69	7:32:49 AM	0.0008618326	+5.23137748049306E-11	+1.51660374408515E-14	+6.82258779791820E-02	+2.11199836730957E+01	+4.94777000173159E+06	+0.00000000000000E+00	+4.94777147357941E+06	+4.94774536781311E+06	+4.94779463577271E+06 	0.688000	0.054000	0.233346	0.010578
		T	s2 	70	7:32:55 AM	0.0008277056	+5.63922407074998E-11	+1.51381348172032E-14	+6.83516304350084E-02	+2.11328792572021E+01	+4.94777005759798E+06	+0.00000000000000E+00	+4.94777150295258E+06	+4.94774545398712E+06	+4.94779466133118E+06 	0.688000	0.046000	0.229599	0.011657
		T	s2 	71	7:33:00 AM	0.0007942680	+5.52207238680456E-11	+1.51402167690189E-14	+6.83422317181593E-02	+2.11414070129395E+01	+4.94777004279689E+06	+0.00000000000000E+00	+4.94777154174805E+06	+4.94774542587280E+06	+4.94779465984345E+06 	0.656000	0.052000	0.225584	0.008762
		T	s2 	72	7:33:06 AM	0.0007615199	+5.90108302598344E-11	+1.51667341031783E-14	+6.82227412461175E-02	+2.11598434448242E+01	+4.94777010596795E+06	+0.00000000000000E+00	+4.94777158878327E+06	+4.94774542442322E+06	+4.94779478763580E+06 	0.664000	0.056000	0.220468	0.008480
		T	s2 	73	7:33:11 AM	0.0007294612	+5.92987846753212E-11	+1.51424471876106E-14	+6.83321622754784E-02	+2.11431236267090E+01	+4.94777014852119E+06	+0.00000000000000E+00	+4.94777158958435E+06	+4.94774552597046E+06	+4.94779477119446E+06 	0.624000	0.046000	0.214875	0.008094
		T	s2 	74	7:33:17 AM	0.0006980920	+6.39189745061848E-11	+1.51228617701749E-14	+6.84206566949350E-02	+2.11973018646240E+01	+4.94777020841179E+06	+0.00000000000000E+00	+4.94777165355683E+06	+4.94774555469513E+06	+4.94779486225128E+06 	0.640000	0.044000	0.209965	0.008177
		T	s2 	75	7:33:23 AM	0.0006674122	+6.22962768817154E-11	+1.51220617281867E-14	+6.84242757558991E-02	+2.12453441619873E+01	+4.94777023646861E+06	+0.00000000000000E+00	+4.94777173236847E+06	+4.94774552818299E+06	+4.94779494487763E+06 	0.624000	0.044000	0.205772	0.010350
		T	s2 	76	7:33:28 AM	0.0006374218	+6.79951146232417E-11	+1.51335749576726E-14	+6.83722195702124E-02	+2.12054023742676E+01	+4.94777026467844E+06	+0.00000000000000E+00	+4.94777169883728E+06	+4.94774558406830E+06	+4.94779494541168E+06 	0.624000	0.054000	0.201639	0.008084
		T	s2 	77	7:33:33 AM	0.0006081209	+6.87875961654511E-11	+1.51151674782078E-14	+6.84554820555700E-02	+2.12894897460938E+01	+4.94777034553061E+06	+0.00000000000000E+00	+4.94777177898407E+06	+4.94774559719086E+06	+4.94779509399414E+06 	0.592000	0.046000	0.196190	0.010124
		T	s2 	78	7:33:38 AM	0.0005795093	+7.50769173898306E-11	+1.51262076227893E-14	+6.84055165429207E-02	+2.12161064147949E+01	+4.94777041797204E+06	+0.00000000000000E+00	+4.94777188686371E+06	+4.94774573692322E+06	+4.94779509914398E+06 	0.600000	0.048000	0.191724	0.009268
		T	s2 	79	7:33:44 AM	0.0005515873	+7.67837279190590E-11	+1.51268800096718E-14	+6.84024744305943E-02	+2.12660694122314E+01	+4.94777047223582E+06	+0.00000000000000E+00	+4.94777189941406E+06	+4.94774573196411E+06	+4.94779521263123E+06 	0.576000	0.046000	0.187196	0.008226
		T	s2 	80	7:33:49 AM	0.0005243546	+7.78048340842075E-11	+1.51312091842183E-14	+6.83829041512134E-02	+2.12926673889160E+01	+4.94777046205038E+06	+0.00000000000000E+00	+4.94777197044373E+06	+4.94774568374634E+06	+4.94779524047852E+06 	0.560000	0.046000	0.181962	0.009509
		T	s2 	81	7:33:54 AM	0.0004978114	+8.06722346654668E-11	+1.51150277179180E-14	+6.84561108575270E-02	+2.13008918762207E+01	+4.94777049615386E+06	+0.00000000000000E+00	+4.94777195804596E+06	+4.94774573478699E+06	+4.94779525764466E+06 	0.552000	0.044000	0.177872	0.009663
		T	s2 	82	7:33:59 AM	0.0004719576	+7.95147297332440E-11	+1.51152331458447E-14	+6.84551790763923E-02	+2.13062953948975E+01	+4.94777054706096E+06	+0.00000000000000E+00	+4.94777194343567E+06	+4.94774577907563E+06	+4.94779531517029E+06 	0.536000	0.040000	0.172913	0.008649
		T	s2 	83	7:34:05 AM	0.0004467933	+8.36057353126939E-11	+1.50744111158874E-14	+6.86405554282832E-02	+2.14155864715576E+01	+4.94777064277142E+06	+0.00000000000000E+00	+4.94777202106476E+06	+4.94774581497193E+06	+4.94779547069550E+06 	0.512000	0.052000	0.167241	0.008474
		T	s2 	84	7:34:10 AM	0.0004223184	+8.23646199106575E-11	+1.51002170136109E-14	+6.85232521602905E-02	+2.13765411376953E+01	+4.94777057977171E+06	+0.00000000000000E+00	+4.94777199726105E+06	+4.94774575481415E+06	+4.94779540485382E+06 	0.520000	0.044000	0.164335	0.009062
		T	s2 	85	7:34:16 AM	0.0003985329	+7.90895680047431E-11	+1.51176248538744E-14	+6.84443492680318E-02	+2.13743686676025E+01	+4.94777053792435E+06	+0.00000000000000E+00	+4.94777197441101E+06	+4.94774568687439E+06	+4.94779538909912E+06 	0.496000	0.042000	0.159920	0.007506
		T	s2 	86	7:34:22 AM	0.0003754369	+8.51823264008662E-11	+1.50845086591512E-14	+6.85946061082270E-02	+2.14772739410400E+01	+4.94777069522306E+06	+0.00000000000000E+00	+4.94777206703186E+06	+4.94774577922821E+06	+4.94779561134339E+06 	0.496000	0.038000	0.154036	0.007374
		T	s2 	87	7:34:27 AM	0.0003530302	+7.94904788308334E-11	+1.50929670754638E-14	+6.85561683207965E-02	+2.13893566131592E+01	+4.94777054824322E+06	+0.00000000000000E+00	+4.94777189468384E+06	+4.94774572032929E+06	+4.94779537628174E+06 	0.488000	0.044000	0.149194	0.007020
		T	s2 	88	7:34:32 AM	0.0003313131	+8.13037817572300E-11	+1.50570978497003E-14	+6.87194819360051E-02	+2.13947677612305E+01	+4.94777061421867E+06	+0.00000000000000E+00	+4.94777197174073E+06	+4.94774583904267E+06	+4.94779538951874E+06 	0.464000	0.040000	0.144471	0.007720
		T	s2 	89	7:34:38 AM	0.0003102853	+7.71591801960583E-11	+1.50486039215834E-14	+6.87582698002635E-02	+2.14340362548828E+01	+4.94777060258369E+06	+0.00000000000000E+00	+4.94777193908692E+06	+4.94774579593659E+06	+4.94779540935517E+06 	0.456000	0.036000	0.141128	0.008342
		T	s2 	90	7:34:44 AM	0.0002899470	+7.67415084575904E-11	+1.50766284890510E-14	+6.86304625277824E-02	+2.14584636688232E+01	+4.94777055953446E+06	+0.00000000000000E+00	+4.94777193374634E+06	+4.94774567836762E+06	+4.94779544082642E+06 	0.440000	0.044000	0.135622	0.007389
		T	s2 	91	7:34:49 AM	0.0002702982	+8.05560713695593E-11	+1.50435103734044E-14	+6.87815505413866E-02	+2.14777603149414E+01	+4.94777060136277E+06	+0.00000000000000E+00	+4.94777197311402E+06	+4.94774575252533E+06	+4.94779545032501E+06 	0.440000	0.036000	0.130919	0.006329
		T	s2 	92	7:34:54 AM	0.0002513387	+4.15280044423511E-11	+1.50395709159091E-14	+6.87995663185241E-02	+2.15265407562256E+01	+4.94777063109809E+06	+0.00000000000000E+00	+4.94777195377350E+06	+4.94774573234558E+06	+4.94779552997589E+06 	0.408000	0.046000	0.126160	0.008400
		T	s2 	93	7:35:00 AM	0.0002330687	+8.80210786675168E-11	+1.50408549729079E-14	+6.87936886247556E-02	+2.16012096405029E+01	+4.94777078166374E+06	+0.00000000000000E+00	+4.94777210418701E+06	+4.94774579441071E+06	+4.94779576904297E+06 	0.392000	0.042000	0.121711	0.009435
		T	s2 	94	7:35:05 AM	0.0002154881	+2.55124116932507E-11	+1.50282575215109E-14	+6.88513474766516E-02	+2.16788558959961E+01	+4.94777105201099E+06	+0.00000000000000E+00	+4.94777227458954E+06	+4.94774599594116E+06	+4.94779610820770E+06 	0.392000	0.040000	0.116983	0.006553
		T	s2 	95	7:35:10 AM	0.0001985970	+4.08556281598305E-11	+1.50000208020632E-14	+6.89809480311965E-02	+2.17886409759521E+01	+4.94777135127359E+06	+0.00000000000000E+00	+4.94777253459931E+06	+4.94774621562958E+06	+4.94779648704529E+06 	0.376000	0.040000	0.113687	0.008202
		T	s2 	96	7:35:15 AM	0.0001823953	+6.49616433957275E-11	+1.49907147499192E-14	+6.90237561074727E-02	+2.19676017761230E+01	+4.94777186923221E+06	+0.00000000000000E+00	+4.94777302425385E+06	+4.94774654285431E+06	+4.94779719573975E+06 	0.360000	0.038000	0.108760	0.006922
		T	s2 	97	7:35:21 AM	0.0001668830	+5.82443346781871E-11	+1.50200049317747E-14	+6.88891383400502E-02	+2.21037445068359E+01	+4.94777244582264E+06	+0.00000000000000E+00	+4.94777348255158E+06	+4.94774691268921E+06	+4.94779797908783E+06 	0.344000	0.038000	0.104756	0.006697
		T	s2 	98	7:35:27 AM	0.0001520602	+4.92574440804018E-11	+1.49842400428477E-14	+6.90535492342092E-02	+2.21524257659912E+01	+4.94777301982016E+06	+0.00000000000000E+00	+4.94777398910523E+06	+4.94774749137879E+06	+4.94779854839325E+06 	0.352000	0.040000	0.100772	0.008834
		T	s2 	99	7:35:33 AM	0.0001379268	+3.52674333741544E-11	+1.50047446630600E-14	+6.89591734637475E-02	+2.22391548156738E+01	+4.94777342038175E+06	+0.00000000000000E+00	+4.94777441562653E+06	+4.94774775691986E+06	+4.94779908397675E+06 	0.320000	0.056000	0.094823	0.007102
		T	s2 	100	7:35:38 AM	0.0001244828	+8.96049709893090E-11	+1.50320313060912E-14	+6.88339865073057E-02	+2.23232135772705E+01	+4.94777377877181E+06	+0.00000000000000E+00	+4.94777477611542E+06	+4.94774797145844E+06	+4.94779958621979E+06 	0.320000	0.034000	0.089865	0.006681
		T	s2 	101	7:35:44 AM	0.0001117283	+7.49746536147929E-11	+1.50126688725943E-14	+6.89227568237653E-02	+2.22874927520752E+01	+4.94777405161842E+06	+0.00000000000000E+00	+4.94777515174866E+06	+4.94774831878662E+06	+4.94779978458405E+06 	0.288000	0.032000	0.085190	0.006819
		T	s2 	102	7:35:49 AM	0.0000996632	+5.91101270597501E-11	+1.50018608069696E-14	+6.89724032252974E-02	+2.22540512084961E+01	+4.94777437026038E+06	+0.00000000000000E+00	+4.94777542907715E+06	+4.94774869453430E+06	+4.94780004611969E+06 	0.280000	0.038000	0.082155	0.008498
		T	s2 	103	7:35:54 AM	0.0000882876	+4.02453555493184E-11	+1.50075416171685E-14	+6.89462851152549E-02	+2.22254467010498E+01	+4.94777472767856E+06	+0.00000000000000E+00	+4.94777575759888E+06	+4.94774907524109E+06	+4.94780038024902E+06 	0.296000	0.046000	0.076371	0.006554
		T	s2 	104	7:35:59 AM	0.0000776013	+2.53640551248655E-11	+1.50057275782420E-14	+6.89546122787901E-02	+2.22389564514160E+01	+4.94777500525494E+06	+0.00000000000000E+00	+4.94777604991913E+06	+4.94774934032440E+06	+4.94780067031861E+06 	0.264000	0.038000	0.071865	0.006552
		T	s2 	105	7:36:05 AM	0.0000676045	+8.13682919757827E-11	+1.50155280324201E-14	+6.89095950813177E-02	+2.22457275390625E+01	+4.94777541283614E+06	+0.00000000000000E+00	+4.94777650730133E+06	+4.94774972332001E+06	+4.94780110248566E+06 	0.248000	0.040000	0.066995	0.005908
		T	s2 	106	7:36:11 AM	0.0000582972	+2.98553211817810E-11	+1.50342153069153E-14	+6.88239345661590E-02	+2.22309246063232E+01	+4.94777566653251E+06	+0.00000000000000E+00	+4.94777682922363E+06	+4.94774996215820E+06	+4.94780137104035E+06 	0.232000	0.030000	0.062264	0.006836
		T	s2 	107	7:36:17 AM	0.0000496793	+8.26003656748526E-11	+1.50081050097629E-14	+6.89436623548422E-02	+2.21204128265381E+01	+4.94777596816151E+06	+0.00000000000000E+00	+4.94777711093903E+06	+4.94775043598175E+06	+4.94780150047302E+06 	0.224000	0.032000	0.057907	0.005600
		T	s2 	108	7:36:22 AM	0.0000417508	+2.42605955604948E-11	+1.50370828460615E-14	+6.88107941015540E-02	+2.21041049957275E+01	+4.94777623778416E+06	+0.00000000000000E+00	+4.94777731147766E+06	+4.94775067516327E+06	+4.94780180053711E+06 	0.208000	0.036000	0.054612	0.006505
		T	s2 	109	7:36:28 AM	0.0000345117	+1.18020717030936E-11	+1.50306873858034E-14	+6.88400643828816E-02	+2.20504283905029E+01	+4.94777653485408E+06	+0.00000000000000E+00	+4.94777769207001E+06	+4.94775104515076E+06	+4.94780202468872E+06 	0.200000	0.044000	0.048886	0.008233
		T	s2 	110	7:36:33 AM	0.0000279621	+6.85252615222507E-11	+1.50146199754793E-14	+6.89137206102479E-02	+2.20049285888672E+01	+4.94777692050131E+06	+0.00000000000000E+00	+4.94777807109833E+06	+4.94775151058197E+06	+4.94780233055115E+06 	0.176000	0.044000	0.047114	0.008770
		T	s2 	111	7:36:40 AM	0.0000221019	+8.83690804803471E-11	+1.50347915160066E-14	+6.88212522037347E-02	+2.19913864135742E+01	+4.94777727269314E+06	+0.00000000000000E+00	+4.94777842014313E+06	+4.94775184429169E+06	+4.94780270122528E+06 	0.184000	0.036000	0.040013	0.006649
		T	s2 	112	7:36:45 AM	0.0000169311	+3.58174632234031E-11	+1.50178390324954E-14	+6.88989320677213E-02	+2.19852447509766E+01	+4.94777752959411E+06	+0.00000000000000E+00	+4.94777877628327E+06	+4.94775213695526E+06	+4.94780292236328E+06 	0.176000	0.036000	0.035680	0.006543
		T	s2 	113	7:36:50 AM	0.0000124498	+1.18002410882122E-10	+1.50062120307527E-14	+6.89523106719278E-02	+2.19144210815430E+01	+4.94777771453116E+06	+0.00000000000000E+00	+4.94777899475098E+06	+4.94775242328644E+06	+4.94780300590515E+06 	0.160000	0.030000	0.032111	0.009065
		T	s2 	114	7:36:56 AM	0.0000086579	+1.02764474448631E-10	+1.50336806551867E-14	+6.88263144546341E-02	+2.18688011169434E+01	+4.94777810130335E+06	+0.00000000000000E+00	+4.94777929805756E+06	+4.94775281650543E+06	+4.94780338623047E+06 	0.136000	0.036000	0.027771	0.007794
		T	s2 	115	7:37:02 AM	0.0000055555	+4.83074888261225E-11	+1.50519000272954E-14	+6.87429975631250E-02	+2.18734359741211E+01	+4.94777835303503E+06	+0.00000000000000E+00	+4.94777956825257E+06	+4.94775303222656E+06	+4.94780367397309E+06 	0.120000	0.034000	0.027937	0.004716
		T	s2 	116	7:37:08 AM	0.0000031425	+1.01641310635696E-10	+1.50644362564538E-14	+6.86857874752236E-02	+2.18285293579102E+01	+4.94777849589561E+06	+0.00000000000000E+00	+4.94777993507385E+06	+4.94775320602417E+06	+4.94780378589630E+06 	0.120000	0.030000	0.023429	0.005961
		T	s2 	117	7:37:14 AM	0.0000014189	+6.61218118041504E-11	+1.49894823851034E-14	+6.90292398563427E-02	+2.16335945129395E+01	+4.94777871648225E+06	+0.00000000000000E+00	+4.94777999298096E+06	+4.94775377716065E+06	+4.94780365592957E+06 	0.096000	0.032000	0.019928	0.008090
		T	s2 	118	7:37:20 AM	0.0000003847	+5.54520754479311E-11	+1.50912574011601E-14	+6.85637039660636E-02	+2.15744171142578E+01	+4.94777888373715E+06	+0.00000000000000E+00	+4.94777994724274E+06	+4.94775384376526E+06	+4.94780392383576E+06 	0.128000	0.036000	0.020428	0.008619
		T	s2 	119	7:37:26 AM	0.0000000400	-2.78768127023319E-11	+1.50338077031729E-14	+6.88257072055281E-02	+2.14167537689209E+01	+4.94777902184966E+06	+0.00000000000000E+00	+4.94778008255005E+06	+4.94775425949097E+06	+4.94780378433228E+06 	0.088000	0.032000	0.015570	0.007711
		B	s3	120	7:40:17 AM	0.0000000400	-4.19994335273772E-11	+1.50645866192962E-14	+6.86854094597139E-02	+2.05617427825928E+01	+4.94776741857516E+06	+0.00000000000000E+00	+4.94776838542938E+06	+4.94774359622955E+06	+4.94779124103546E+06 	0	0	0	0
		B	s3	121	7:40:18 AM	0.0000003847	+1.29311761793775E-10	+1.50872705056251E-14	+6.85821486772785E-02	+2.07813796997070E+01	+4.94776711095656E+06	+0.00000000000000E+00	+4.94776835506439E+06	+4.94774299789429E+06	+4.94779122413635E+06 	0	0	0	0
		B	s3	122	7:40:20 AM	0.0000014189	-3.57961938669000E-11	+1.49926646875942E-14	+6.90149124616617E-02	+2.09249858856201E+01	+4.94776708219368E+06	+0.00000000000000E+00	+4.94776832931519E+06	+4.94774295475006E+06	+4.94779120975495E+06 	0	0	0	0
		B	s3	123	7:40:23 AM	0.0000031425	+5.95994591810696E-11	+1.50677269019747E-14	+6.86711022361588E-02	+2.10225200653076E+01	+4.94776714538299E+06	+0.00000000000000E+00	+4.94776839664459E+06	+4.94774278411865E+06	+4.94779150676727E+06 	0	0	0	0
		B	s3	124	7:40:25 AM	0.0000055555	+2.59852658660206E-11	+1.50629209293876E-14	+6.86930098892339E-02	+2.10044803619385E+01	+4.94776723668791E+06	+0.00000000000000E+00	+4.94776847362518E+06	+4.94774290409088E+06	+4.94779156940460E+06 	0	0	0	0
		B	s3	125	7:40:28 AM	0.0000086579	+2.33993958527208E-11	+1.50516067274192E-14	+6.87446467163092E-02	+2.09859313964844E+01	+4.94776721128222E+06	+0.00000000000000E+00	+4.94776846485138E+06	+4.94774291843414E+06	+4.94779150424957E+06 	0	0	0	0
		B	s3	126	7:40:30 AM	0.0000124498	+2.30295863598989E-11	+1.51090514928564E-14	+6.84832781497704E-02	+2.10248184204102E+01	+4.94776723764110E+06	+0.00000000000000E+00	+4.94776845344544E+06	+4.94774280689240E+06	+4.94779166851044E+06 	0	0	0	0
		B	s3	127	7:40:33 AM	0.0000169311	+9.74917095362777E-11	+1.50587464026008E-14	+6.87120524504447E-02	+2.09543571472168E+01	+4.94776724555740E+06	+0.00000000000000E+00	+4.94776850646973E+06	+4.94774297775269E+06	+4.94779151348114E+06 	0	0	0	0
		B	s3	128	7:40:35 AM	0.0000221019	+2.05851248679311E-11	+1.50397572073908E-14	+6.87988083810630E-02	+2.09434642791748E+01	+4.94776724183828E+06	+0.00000000000000E+00	+4.94776846366883E+06	+4.94774301723480E+06	+4.94779146656036E+06 	0	0	0	0
		B	s3	129	7:40:38 AM	0.0000279621	+2.33346943210670E-11	+1.50616228770615E-14	+6.86989306821511E-02	+2.09270725250244E+01	+4.94776721366666E+06	+0.00000000000000E+00	+4.94776846588135E+06	+4.94774297283173E+06	+4.94779145462036E+06 	0	0	0	0
		B	s3	130	7:40:40 AM	0.0000345117	+5.58793984607917E-11	+1.50695832537623E-14	+6.86626420840515E-02	+2.08935375213623E+01	+4.94776717704570E+06	+0.00000000000000E+00	+4.94776841846466E+06	+4.94774296226502E+06	+4.94779139194489E+06 	0	0	0	0
		B	s3	131	7:40:43 AM	0.0000417508	+1.83690963638173E-11	+1.50262083743455E-14	+6.88608461104376E-02	+2.08400154113770E+01	+4.94776712640623E+06	+0.00000000000000E+00	+4.94776840953827E+06	+4.94774304317475E+06	+4.94779120975495E+06 	0	0	0	0
		B	s3	132	7:40:45 AM	0.0000496793	+9.76405499670559E-11	+1.50788959743892E-14	+6.86202372809319E-02	+2.07930526733398E+01	+4.94776713308181E+06	+0.00000000000000E+00	+4.94776841335297E+06	+4.94774301986694E+06	+4.94779124641419E+06 	0	0	0	0
		B	s3	133	7:40:47 AM	0.0000582972	+2.12288151233925E-11	+1.50607225263268E-14	+6.87030392726567E-02	+2.07721176147461E+01	+4.94776715339533E+06	+0.00000000000000E+00	+4.94776844646454E+06	+4.94774309349060E+06	+4.94779121341705E+06 	0	0	0	0
		B	s3	134	7:40:48 AM	0.0000676045	+9.71786218463097E-11	+1.50539140256419E-14	+6.87341122538265E-02	+2.07720890045166E+01	+4.94776714073059E+06	+0.00000000000000E+00	+4.94776835903168E+06	+4.94774309173584E+06	+4.94779118984223E+06 	0	0	0	0
		B	s3	135	7:40:51 AM	0.0000776013	+9.21658833520847E-11	+1.50634166737225E-14	+6.86907525033542E-02	+2.07500782012939E+01	+4.94776711660268E+06	+0.00000000000000E+00	+4.94776832984925E+06	+4.94774307792664E+06	+4.94779115539551E+06 	0	0	0	0
		B	s3	136	7:40:53 AM	0.0000882876	+1.65380746575946E-11	+1.51057574041582E-14	+6.84982144167519E-02	+2.07720031738281E+01	+4.94776715722875E+06	+0.00000000000000E+00	+4.94776837078095E+06	+4.94774302551270E+06	+4.94779128906250E+06 	0	0	0	0
		B	s3	137	7:40:56 AM	0.0000996632	+1.91438575489323E-11	+1.50920333558974E-14	+6.85605044097873E-02	+2.07279052734375E+01	+4.94776713367335E+06	+0.00000000000000E+00	+4.94776842166901E+06	+4.94774307506561E+06	+4.94779119239807E+06 	0	0	0	0
		B	s3	138	7:40:58 AM	0.0001117283	+2.06522624895302E-11	+1.50745764024068E-14	+6.86398981841146E-02	+2.07238578796387E+01	+4.94776720544704E+06	+0.00000000000000E+00	+4.94776843360901E+06	+4.94774317935944E+06	+4.94779123165131E+06 	0	0	0	0
		B	s3	139	7:41:01 AM	0.0001244828	+1.73236767101648E-11	+1.50659402644927E-14	+6.86792441816626E-02	+2.06859416961670E+01	+4.94776720348275E+06	+0.00000000000000E+00	+4.94776839126587E+06	+4.94774323509217E+06	+4.94779117198944E+06 	0	0	0	0
		B	s3	140	7:41:03 AM	0.0001379268	+9.90547246645088E-11	+1.50547879207589E-14	+6.87301201276289E-02	+2.06808052062988E+01	+4.94776722251820E+06	+0.00000000000000E+00	+4.94776842815399E+06	+4.94774327781677E+06	+4.94779116733551E+06 	0	0	0	0
		B	s3	141	7:41:05 AM	0.0001520602	+1.63368775059360E-11	+1.50822304314212E-14	+6.86050651812981E-02	+2.06914710998535E+01	+4.94776717580696E+06	+0.00000000000000E+00	+4.94776837944031E+06	+4.94774317508698E+06	+4.94779117664337E+06 	0	0	0	0
		B	s3	142	7:41:08 AM	0.0001668830	+1.53219357194126E-11	+1.50811766131789E-14	+6.86098602180418E-02	+2.06921443939209E+01	+4.94776713390252E+06	+0.00000000000000E+00	+4.94776836700440E+06	+4.94774313407898E+06	+4.94779113384247E+06 	0	0	0	0
		B	s3	143	7:41:10 AM	0.0001823953	+1.76282512341193E-11	+1.50891057780825E-14	+6.85738068576671E-02	+2.06698150634766E+01	+4.94776711973098E+06	+0.00000000000000E+00	+4.94776837089539E+06	+4.94774313320160E+06	+4.94779110637665E+06 	0	0	0	0
		B	s3	144	7:41:13 AM	0.0001985970	+2.01371144042622E-11	+1.50727321522604E-14	+6.86482970331279E-02	+2.06429557800293E+01	+4.94776719478543E+06	+0.00000000000000E+00	+4.94776841251374E+06	+4.94774326541901E+06	+4.94779112426758E+06 	0	0	0	0
		B	s3	145	7:41:14 AM	0.0002154881	+1.66926535997023E-11	+1.50820271114450E-14	+6.86059909722823E-02	+2.06359729766846E+01	+4.94776714227609E+06	+0.00000000000000E+00	+4.94776837863922E+06	+4.94774320625305E+06	+4.94779107841492E+06 	0	0	0	0
		B	s3	146	7:41:17 AM	0.0002330687	+9.67099389303471E-11	+1.50824302166231E-14	+6.86041581832058E-02	+2.06368522644043E+01	+4.94776711234978E+06	+0.00000000000000E+00	+4.94776839546204E+06	+4.94774317466736E+06	+4.94779105014801E+06 	0	0	0	0
		B	s3	147	7:41:19 AM	0.0002513387	+1.54058711325544E-11	+1.50836524978906E-14	+6.85985983457604E-02	+2.06189022064209E+01	+4.94776713405550E+06	+0.00000000000000E+00	+4.94776835914612E+06	+4.94774321525574E+06	+4.94779105297089E+06 	0	0	0	0
		B	s3	148	7:41:21 AM	0.0002702982	+1.58329523602599E-11	+1.50977433540003E-14	+6.85345736643792E-02	+2.06218833923340E+01	+4.94776717046666E+06	+0.00000000000000E+00	+4.94776837360382E+06	+4.94774322586060E+06	+4.94779111518860E+06 	0	0	0	0
		B	s3	149	7:41:22 AM	0.0002899470	+1.66572173959525E-11	+1.51006593070267E-14	+6.85213421417973E-02	+2.06246356964111E+01	+4.94776707750245E+06	+0.00000000000000E+00	+4.94776839839935E+06	+4.94774312507630E+06	+4.94779103004456E+06 	0	0	0	0
		B	s3	150	7:41:24 AM	0.0003102853	+1.69713647913141E-11	+1.50754588523851E-14	+6.86358818257686E-02	+2.06240711212158E+01	+4.94776715085927E+06	+0.00000000000000E+00	+4.94776838470459E+06	+4.94774323905945E+06	+4.94779106277466E+06 	0	0	0	0
		B	s3	151	7:41:27 AM	0.0003313131	+1.87005633503736E-11	+1.50938971010469E-14	+6.85520385874290E-02	+2.06110363006592E+01	+4.94776714071211E+06	+0.00000000000000E+00	+4.94776839469910E+06	+4.94774321479798E+06	+4.94779106674195E+06 	0	0	0	0
		B	s3	152	7:41:29 AM	0.0003530302	+1.60379880138082E-11	+1.51047409538067E-14	+6.85028253349447E-02	+2.06180934906006E+01	+4.94776710536882E+06	+0.00000000000000E+00	+4.94776837558747E+06	+4.94774315406799E+06	+4.94779105678559E+06 	0	0	0	0
		B	s3	153	7:41:31 AM	0.0003754369	+9.79821744407273E-11	+1.51242973638619E-14	+6.84142470524842E-02	+2.07316837310791E+01	+4.94776714109267E+06	+0.00000000000000E+00	+4.94776845195770E+06	+4.94774302665711E+06	+4.94779125564575E+06 	0	0	0	0
		B	s3	154	7:41:33 AM	0.0003985329	+9.90193534760547E-11	+1.51134862678060E-14	+6.84631855823963E-02	+2.07280693054199E+01	+4.94776714395379E+06	+0.00000000000000E+00	+4.94776846012116E+06	+4.94774305095673E+06	+4.94779123706818E+06 	0	0	0	0
		B	s3	155	7:41:35 AM	0.0004223184	+1.94190505770555E-11	+1.51178546621551E-14	+6.84434029119599E-02	+2.07181262969971E+01	+4.94776713760234E+06	+0.00000000000000E+00	+4.94776841949463E+06	+4.94774304920197E+06	+4.94779122612000E+06 	0	0	0	0
		B	s3	156	7:41:38 AM	0.0004467933	+2.34894325949771E-11	+1.51035510830623E-14	+6.85082204053549E-02	+2.06979274749756E+01	+4.94776716462970E+06	+0.00000000000000E+00	+4.94776846622467E+06	+4.94774312248230E+06	+4.94779120689392E+06 	0	0	0	0
		B	s3	157	7:41:39 AM	0.0004719576	+1.86261273969430E-11	+1.51226619298718E-14	+6.84216457302729E-02	+2.06927299499512E+01	+4.94776713937629E+06	+0.00000000000000E+00	+4.94776841705322E+06	+4.94774307285309E+06	+4.94779120601654E+06 	0	0	0	0
		B	s3	158	7:41:42 AM	0.0004978114	+2.17346518089581E-11	+1.51194016145874E-14	+6.84363985912655E-02	+2.07067546844482E+01	+4.94776719127519E+06	+0.00000000000000E+00	+4.94776846858979E+06	+4.94774311363220E+06	+4.94779126903534E+06 	0	0	0	0
		B	s3	159	7:41:44 AM	0.0005243546	+2.70181893687701E-11	+1.51373894988790E-14	+6.83550754250162E-02	+2.07042503356934E+01	+4.94776717794269E+06	+0.00000000000000E+00	+4.94776853313446E+06	+4.94774307456970E+06	+4.94779128143311E+06 	0	0	0	0
		B	s3	160	7:41:46 AM	0.0005515873	+2.37374762284650E-11	+1.51386718182689E-14	+6.83492853011018E-02	+2.06931095123291E+01	+4.94776718211984E+06	+0.00000000000000E+00	+4.94776849113465E+06	+4.94774308967590E+06	+4.94779127468109E+06 	0	0	0	0
		B	s3	161	7:41:48 AM	0.0005795093	+2.71502416087742E-11	+1.51397413645217E-14	+6.83444558714540E-02	+2.06962013244629E+01	+4.94776721462104E+06	+0.00000000000000E+00	+4.94776856029511E+06	+4.94774311687470E+06	+4.94779131248474E+06 	0	0	0	0
		B	s3	162	7:41:49 AM	0.0006081209	+2.46190240557292E-11	+1.51277063622563E-14	+6.83988283737907E-02	+2.06805667877197E+01	+4.94776720130793E+06	+0.00000000000000E+00	+4.94776849506378E+06	+4.94774314090729E+06	+4.94779126182556E+06 	0	0	0	0
		B	s3	163	7:41:51 AM	0.0006374218	+2.66900719147132E-11	+1.51491646765508E-14	+6.83019438156300E-02	+2.06749458312988E+01	+4.94776719310619E+06	+0.00000000000000E+00	+4.94776854145050E+06	+4.94774310512543E+06	+4.94779128120423E+06 	0	0	0	0
		B	s3	164	7:41:53 AM	0.0006674122	+2.71765744493517E-11	+1.51482671847938E-14	+6.83059892566177E-02	+2.06913471221924E+01	+4.94776723855822E+06	+0.00000000000000E+00	+4.94776857242584E+06	+4.94774313289642E+06	+4.94779134433746E+06 	0	0	0	0
		B	s3	165	7:41:54 AM	0.0006980920	+2.69160159695000E-11	+1.51514846750088E-14	+6.82914848434749E-02	+2.06715507507324E+01	+4.94776721355297E+06	+0.00000000000000E+00	+4.94776858329773E+06	+4.94774312583924E+06	+4.94779130138397E+06 	0	0	0	0
		B	s3	166	7:41:56 AM	0.0007294612	+3.05443510134603E-11	+1.51616722026436E-14	+6.82455985668071E-02	+2.06842746734619E+01	+4.94776719274365E+06	+0.00000000000000E+00	+4.94776862106323E+06	+4.94774307399750E+06	+4.94779131160736E+06 	0	0	0	0
		B	s3	167	7:41:59 AM	0.0007615199	+3.12929119197038E-11	+1.51498429197117E-14	+6.82988848707813E-02	+2.06771793365478E+01	+4.94776723424768E+06	+0.00000000000000E+00	+4.94776859363556E+06	+4.94774314258576E+06	+4.94779132602692E+06 	0	0	0	0
		B	s3	168	7:42:01 AM	0.0007942680	+3.29770255044607E-11	+1.51531619092275E-14	+6.82839246645289E-02	+2.06748924255371E+01	+4.94776726089333E+06	+0.00000000000000E+00	+4.94776868091583E+06	+4.94774316661835E+06	+4.94779135528565E+06 	0	0	0	0
		B	s3	169	7:42:02 AM	0.0008277056	+3.27528806010319E-11	+1.51658098929671E-14	+6.82269768742196E-02	+2.06738719940186E+01	+4.94776727378692E+06	+0.00000000000000E+00	+4.94776863182068E+06	+4.94774316059113E+06	+4.94779138710022E+06 	0	0	0	0
		B	s3	170	7:42:04 AM	0.0008618326	+3.27151486761793E-11	+1.51692540380689E-14	+6.82114861679008E-02	+2.06926555633545E+01	+4.94776727104020E+06	+0.00000000000000E+00	+4.94776862316132E+06	+4.94774313045502E+06	+4.94779141174317E+06 	0	0	0	0
		B	s3	171	7:42:06 AM	0.0008966490	+3.72108890948575E-11	+1.51547790005114E-14	+6.82766367790820E-02	+2.06818828582764E+01	+4.94776732055514E+06	+0.00000000000000E+00	+4.94776867153168E+06	+4.94774321556091E+06	+4.94779142566681E+06 	0	0	0	0
		B	s3	172	7:42:07 AM	0.0009321549	+3.63283939296968E-11	+1.51581347530098E-14	+6.82615220625103E-02	+2.06790714263916E+01	+4.94776730003206E+06	+0.00000000000000E+00	+4.94776866134644E+06	+4.94774319297791E+06	+4.94779140720368E+06 	0	0	0	0
		B	s3	173	7:42:09 AM	0.0009683502	+3.55272677915670E-11	+1.51605319194625E-14	+6.82507280492821E-02	+2.06958408355713E+01	+4.94776732095556E+06	+0.00000000000000E+00	+4.94776866401672E+06	+4.94774319053650E+06	+4.94779145149231E+06 	0	0	0	0
		B	s3	174	7:42:11 AM	0.0010052349	+3.55079264371904E-11	+1.51584586509237E-14	+6.82600636711969E-02	+2.06937961578369E+01	+4.94776729333718E+06	+0.00000000000000E+00	+4.94776869491577E+06	+4.94774316860199E+06	+4.94779141819000E+06 	0	0	0	0
		B	s3	175	7:42:13 AM	0.0010428090	+3.73126409686838E-11	+1.51656147713857E-14	+6.82278532273384E-02	+2.07065658569336E+01	+4.94776732667751E+06	+0.00000000000000E+00	+4.94776870719910E+06	+4.94774317565918E+06	+4.94779147781372E+06 	0	0	0	0
		B	s3	176	7:42:15 AM	0.0010810726	+3.70465589576394E-11	+1.51697201948851E-14	+6.82093888405583E-02	+2.06967277526855E+01	+4.94776731555769E+06	+0.00000000000000E+00	+4.94776875701905E+06	+4.94774316947937E+06	+4.94779146175385E+06 	0	0	0	0
		B	s3	177	7:42:18 AM	0.0011200256	+3.89137656520057E-11	+1.51670852974006E-14	+6.82212377735812E-02	+2.06896781921387E+01	+4.94776734178380E+06	+0.00000000000000E+00	+4.94776869731903E+06	+4.94774320812225E+06	+4.94779147556305E+06 	0	0	0	0
		B	s3	178	7:42:20 AM	0.0011596681	+3.66390757396305E-11	+1.51833681342105E-14	+6.81480773366180E-02	+2.06997013092041E+01	+4.94776730966386E+06	+0.00000000000000E+00	+4.94776872875214E+06	+4.94774313838959E+06	+4.94779148105622E+06 	0	0	0	0
		B	s3	179	7:42:22 AM	0.0012000000	+3.91634382704110E-11	+1.51641425343848E-14	+6.82344766572376E-02	+2.06943473815918E+01	+4.94776734803989E+06	+0.00000000000000E+00	+4.94776871643067E+06	+4.94774321361542E+06	+4.94779148258209E+06 	0	0	0	0

