	10/07/22	Test #4 (today) Loc 7 Ramp 2 (Tip H10)	Tip H10	Box 5b Xtal 1		DLC	250 uN	2.2%		Points/Segment: 59	
		Seg 	ID Tag	Number	Time	Power	C0	C1	L1	R1	fs	fa	fr	f1	f2	Ch1 (Pk-Pk)	Ch2 (Pk-Pk)	Ch1 (RMS)	Ch2 (RMS)	
						uW	F	F	H	Ohms	Hz	Hz	Hz	Hz	Hz	V	V	V	V	
		B	s1	0	1:01:44 PM	0.0000000400	+8.05451993272416E-11	+1.49170797735657E-14	+6.93646204546759E-02	+2.15969352722168E+01	+4.94776675750251E+06	+0.00000000000000E+00	+4.94776820343018E+06	+4.94774198081970E+06	+4.94779153430939E+06 	0	0	0	0
		B	s1	1	1:01:45 PM	0.0000002985	+1.51889903958047E-11	+1.51125860845612E-14	+6.84672744652457E-02	+2.17014350891113E+01	+4.94776675141581E+06	+0.00000000000000E+00	+4.94776811244965E+06	+4.94774152854920E+06	+4.94779197441101E+06 	0	0	0	0
		B	s1	2	1:01:48 PM	0.0000010741	+1.24276364651504E-10	+1.51392618984853E-14	+6.83466369278765E-02	+2.18608093261719E+01	+4.94776661513458E+06	+0.00000000000000E+00	+4.94776792610169E+06	+4.94774116218567E+06	+4.94779206821442E+06 	0	0	0	0
		B	s1	3	1:01:50 PM	0.0000023668	+3.66717752540141E-11	+1.50914504279058E-14	+6.85631636276986E-02	+2.19726943969727E+01	+4.94776673770054E+06	+0.00000000000000E+00	+4.94776805618286E+06	+4.94774123527527E+06	+4.94779224025726E+06 	0	0	0	0
		B	s1	4	1:01:53 PM	0.0000041766	+7.65985180956049E-11	+1.50762327370630E-14	+6.86323687236933E-02	+2.19438610076904E+01	+4.94776678765431E+06	+0.00000000000000E+00	+4.94776814701081E+06	+4.94774134437561E+06	+4.94779223106384E+06 	0	0	0	0
		B	s1	5	1:01:55 PM	0.0000065034	+7.09905453135943E-11	+1.51018750382323E-14	+6.85158332678918E-02	+2.19035301208496E+01	+4.94776681639807E+06	+0.00000000000000E+00	+4.94776818363190E+06	+4.94774137668610E+06	+4.94779225624085E+06 	0	0	0	0
		B	s1	6	1:01:58 PM	0.0000093473	+6.90078878558268E-11	+1.51348748301267E-14	+6.83664422599114E-02	+2.18687171936035E+01	+4.94776683066496E+06	+0.00000000000000E+00	+4.94776811244965E+06	+4.94774137588501E+06	+4.94779228557587E+06 	0	0	0	0
		B	s1	7	1:02:00 PM	0.0000127082	+1.07001547563813E-10	+1.50919635571808E-14	+6.85608315568677E-02	+2.19033393859863E+01	+4.94776677060272E+06	+0.00000000000000E+00	+4.94776809982300E+06	+4.94774134780884E+06	+4.94779219352722E+06 	0	0	0	0
		B	s1	8	1:02:02 PM	0.0000165862	+6.64517252776604E-11	+1.50720649575319E-14	+6.86513476171545E-02	+2.18995285034180E+01	+4.94776677203342E+06	+0.00000000000000E+00	+4.94776812206268E+06	+4.94774138717651E+06	+4.94779215702057E+06 	0	0	0	0
		B	s1	9	1:02:04 PM	0.0000209813	+6.71267801911308E-11	+1.50866455846882E-14	+6.85849970088545E-02	+2.18350467681885E+01	+4.94776683995437E+06	+0.00000000000000E+00	+4.94776809989929E+06	+4.94774150535584E+06	+4.94779217468262E+06 	0	0	0	0
		B	s1	10	1:02:07 PM	0.0000258935	+3.22689855087851E-11	+1.50712106682330E-14	+6.86552388002685E-02	+2.17607326507568E+01	+4.94776677985438E+06	+0.00000000000000E+00	+4.94776806674958E+06	+4.94774155731201E+06	+4.94779200252533E+06 	0	0	0	0
		B	s1	11	1:02:08 PM	0.0000313227	+7.33969116763336E-11	+1.51128633554686E-14	+6.84660162692580E-02	+2.18533725738525E+01	+4.94776682543911E+06	+0.00000000000000E+00	+4.94776810085297E+06	+4.94774142551422E+06	+4.94779222549439E+06 	0	0	0	0
		B	s1	12	1:02:11 PM	0.0000372690	+3.61333642531238E-11	+1.51085136214959E-14	+6.84857280176566E-02	+2.17871265411377E+01	+4.94776681046685E+06	+0.00000000000000E+00	+4.94776819210053E+06	+4.94774149482727E+06	+4.94779212623596E+06 	0	0	0	0
		B	s1	13	1:02:13 PM	0.0000437324	+1.10303444141062E-10	+1.50918020620576E-14	+6.85615642497855E-02	+2.17497920989990E+01	+4.94776680546996E+06	+0.00000000000000E+00	+4.94776814994812E+06	+4.94774156116486E+06	+4.94779204990387E+06 	0	0	0	0
		B	s1	14	1:02:16 PM	0.0000507128	+3.77022019608191E-11	+1.51139874779356E-14	+6.84609238566485E-02	+2.17549667358398E+01	+4.94776683135247E+06	+0.00000000000000E+00	+4.94776812587738E+06	+4.94774154392243E+06	+4.94779211891175E+06 	0	0	0	0
		B	s1	15	1:02:17 PM	0.0000582104	+6.58039231058637E-11	+1.50956360623335E-14	+6.85441507869073E-02	+2.16479778289795E+01	+4.94776681083018E+06	+0.00000000000000E+00	+4.94776812309265E+06	+4.94774167831421E+06	+4.94779194347382E+06 	0	0	0	0
		B	s1	16	1:02:20 PM	0.0000662249	+6.85346438929669E-11	+1.51068233182007E-14	+6.84933915776209E-02	+2.17103862762451E+01	+4.94776678561457E+06	+0.00000000000000E+00	+4.94776806644440E+06	+4.94774156196594E+06	+4.94779200939179E+06 	0	0	0	0
		B	s1	17	1:02:22 PM	0.0000747566	+1.07553296857199E-10	+1.50894619963697E-14	+6.85721978121016E-02	+2.16854667663574E+01	+4.94776676680841E+06	+0.00000000000000E+00	+4.94776804889679E+06	+4.94774160106659E+06	+4.94779193267822E+06 	0	0	0	0
		B	s1	18	1:02:25 PM	0.0000838053	+6.78531473850859E-11	+1.50978018051995E-14	+6.85343195372980E-02	+2.16840667724609E+01	+4.94776676600726E+06	+0.00000000000000E+00	+4.94776805805206E+06	+4.94774158798218E+06	+4.94779194416046E+06 	0	0	0	0
		B	s1	19	1:02:26 PM	0.0000933711	+7.00751229694061E-11	+1.50924700336879E-14	+6.85585305127139E-02	+2.16443195343018E+01	+4.94776678014099E+06	+0.00000000000000E+00	+4.94776808341980E+06	+4.94774165714264E+06	+4.94779190326691E+06 	0	0	0	0
		B	s1	20	1:02:29 PM	0.0001034540	+6.81398297083416E-11	+1.51013654672257E-14	+6.85181474498224E-02	+2.16418838500977E+01	+4.94776673600488E+06	+0.00000000000000E+00	+4.94776807929993E+06	+4.94774160102844E+06	+4.94779187110901E+06 	0	0	0	0
		B	s1	21	1:02:31 PM	0.0001140539	+3.15749850843446E-11	+1.50794307070053E-14	+6.86178138287184E-02	+2.16491546630859E+01	+4.94776677636452E+06	+0.00000000000000E+00	+4.94776803283692E+06	+4.94774166946411E+06	+4.94779188339234E+06 	0	0	0	0
		B	s1	22	1:02:33 PM	0.0001251709	+6.60197927047496E-11	+1.50977125039743E-14	+6.85347249637682E-02	+2.16297569274902E+01	+4.94776676406208E+06	+0.00000000000000E+00	+4.94776802352905E+06	+4.94774164924622E+06	+4.94779187900543E+06 	0	0	0	0
		B	s1	23	1:02:35 PM	0.0001368050	+6.52710630967272E-11	+1.50921346124656E-14	+6.85600549562304E-02	+2.15921173095703E+01	+4.94776675355286E+06	+0.00000000000000E+00	+4.94776803806305E+06	+4.94774169170380E+06	+4.94779181552887E+06 	0	0	0	0
		B	s1	24	1:02:37 PM	0.0001489561	+6.50478251577602E-11	+1.50959144841803E-14	+6.85428896035020E-02	+2.15861034393311E+01	+4.94776670211167E+06	+0.00000000000000E+00	+4.94776798404694E+06	+4.94774164096832E+06	+4.94779176338196E+06 	0	0	0	0
		B	s1	25	1:02:39 PM	0.0001616243	+6.63098597053050E-11	+1.50975358383591E-14	+6.85355266213661E-02	+2.15665035247803E+01	+4.94776677523952E+06	+0.00000000000000E+00	+4.94776797740936E+06	+4.94774173416138E+06	+4.94779181644440E+06 	0	0	0	0
		B	s1	26	1:02:42 PM	0.0001748096	+6.29310164118190E-11	+1.51033195453933E-14	+6.85092833236471E-02	+2.15694770812988E+01	+4.94776670710896E+06	+0.00000000000000E+00	+4.94776799388886E+06	+4.94774165298462E+06	+4.94779176136017E+06 	0	0	0	0
		B	s1	27	1:02:43 PM	0.0001885119	+6.45652036735652E-11	+1.50999359481818E-14	+6.85246348915684E-02	+2.15504951477051E+01	+4.94776670741428E+06	+0.00000000000000E+00	+4.94776797595978E+06	+4.94774168094635E+06	+4.94779173400879E+06 	0	0	0	0
		B	s1	28	1:02:46 PM	0.0002027314	+1.03393451997268E-10	+1.51233415829610E-14	+6.84185826757222E-02	+2.15591564178467E+01	+4.94776671054208E+06	+0.00000000000000E+00	+4.94776803943634E+06	+4.94774163520813E+06	+4.94779178600311E+06 	0	0	0	0
		B	s1	29	1:02:47 PM	0.0002174679	+6.42813453869959E-11	+1.51126247347370E-14	+6.84671007860196E-02	+2.15559501647949E+01	+4.94776669995641E+06	+0.00000000000000E+00	+4.94776797508240E+06	+4.94774164611817E+06	+4.94779175392151E+06 	0	0	0	0
		B	s1	30	1:02:50 PM	0.0002327214	+6.66683142237056E-11	+1.51014718176431E-14	+6.85176659359006E-02	+2.15558414459229E+01	+4.94776669926986E+06	+0.00000000000000E+00	+4.94776799251557E+06	+4.94774166404724E+06	+4.94779173461914E+06 	0	0	0	0
		B	s1	31	1:02:52 PM	0.0002484920	+6.46595258246080E-11	+1.51067210699497E-14	+6.84938568503823E-02	+2.15792312622070E+01	+4.94776672484722E+06	+0.00000000000000E+00	+4.94776798450470E+06	+4.94774165374756E+06	+4.94779179607392E+06 	0	0	0	0
		B	s1	32	1:02:54 PM	0.0002647797	+6.47486662026335E-11	+1.51074454944443E-14	+6.84905739750875E-02	+2.15599422454834E+01	+4.94776667041160E+06	+0.00000000000000E+00	+4.94776798065186E+06	+4.94774162052155E+06	+4.94779172042847E+06 	0	0	0	0
		B	s1	33	1:02:56 PM	0.0002815845	+6.37658157828160E-11	+1.51177349509127E-14	+6.84439581551770E-02	+2.15422496795654E+01	+4.94776665805199E+06	+0.00000000000000E+00	+4.94776798274994E+06	+4.94774161167145E+06	+4.94779170455933E+06 	0	0	0	0
		B	s1	34	1:02:58 PM	0.0002989063	+6.19339623211102E-11	+1.51293131808568E-14	+6.83915782680790E-02	+2.16557388305664E+01	+4.94776668633721E+06	+0.00000000000000E+00	+4.94776800369263E+06	+4.94774148872376E+06	+4.94779188407898E+06 	0	0	0	0
		B	s1	35	1:03:01 PM	0.0003167453	+6.43946683478425E-11	+1.51419465290406E-14	+6.83345164618439E-02	+2.16364421844482E+01	+4.94776671550058E+06	+0.00000000000000E+00	+4.94776806251526E+06	+4.94774151931763E+06	+4.94779191181183E+06 	0	0	0	0
		B	s1	36	1:03:03 PM	0.0003351012	+6.74185940958302E-11	+1.51041472928576E-14	+6.85055286340386E-02	+2.16679954528809E+01	+4.94776671428000E+06	+0.00000000000000E+00	+4.94776803901673E+06	+4.94774154434204E+06	+4.94779188434601E+06 	0	0	0	0
		B	s1	37	1:03:05 PM	0.0003539743	+1.05807337821268E-10	+1.51468435131592E-14	+6.83124238103332E-02	+2.16826934814453E+01	+4.94776671763649E+06	+0.00000000000000E+00	+4.94776813919068E+06	+4.94774145942688E+06	+4.94779197597504E+06 	0	0	0	0
		B	s1	38	1:03:07 PM	0.0003733644	+6.89600543512393E-11	+1.51142711940917E-14	+6.84596422143397E-02	+2.16565666198730E+01	+4.94776670611654E+06	+0.00000000000000E+00	+4.94776806999207E+06	+4.94774153259278E+06	+4.94779187976837E+06 	0	0	0	0
		B	s1	39	1:03:09 PM	0.0003932716	+7.30265437989486E-11	+1.51006650715052E-14	+6.85213255174088E-02	+2.16763916015625E+01	+4.94776673333440E+06	+0.00000000000000E+00	+4.94776809310913E+06	+4.94774155944824E+06	+4.94779190734863E+06 	0	0	0	0
		B	s1	40	1:03:11 PM	0.0004136958	+3.02982741889832E-13	+1.51335853720810E-14	+6.83722699590846E-02	+2.16735019683838E+01	+4.94776673903711E+06	+0.00000000000000E+00	+4.94776813022614E+06	+4.94774151363373E+06	+4.94779196456909E+06 	0	0	0	0
		B	s1	41	1:03:14 PM	0.0004346372	+7.01065272688416E-11	+1.51421409957328E-14	+6.83336389337252E-02	+2.16603717803955E+01	+4.94776671279200E+06	+0.00000000000000E+00	+4.94776814449311E+06	+4.94774148841858E+06	+4.94779193729401E+06 	0	0	0	0
		B	s1	42	1:03:16 PM	0.0004560956	+7.12483863770849E-11	+1.51456476689122E-14	+6.83178168937312E-02	+2.16618900299072E+01	+4.94776673981909E+06	+0.00000000000000E+00	+4.94776809329987E+06	+4.94774150783539E+06	+4.94779197193146E+06 	0	0	0	0
		B	s1	43	1:03:18 PM	0.0004780710	+6.95746322561294E-11	+1.51496416440561E-14	+6.82998059310253E-02	+2.16524467468262E+01	+4.94776673974281E+06	+0.00000000000000E+00	+4.94776810550690E+06	+4.94774151210785E+06	+4.94779196750641E+06 	0	0	0	0
		B	s1	44	1:03:21 PM	0.0005005636	+7.01175813414379E-11	+1.51360277675942E-14	+6.83612371772341E-02	+2.16288452148438E+01	+4.94776673991473E+06	+0.00000000000000E+00	+4.94776812408447E+06	+4.94774156242371E+06	+4.94779191753388E+06 	0	0	0	0
		B	s1	45	1:03:23 PM	0.0005235732	+3.71941132080498E-11	+1.51557826242919E-14	+6.82721311314237E-02	+2.16409568786621E+01	+4.94776675286539E+06	+0.00000000000000E+00	+4.94776814701081E+06	+4.94774152839661E+06	+4.94779197746277E+06 	0	0	0	0
		B	s1	46	1:03:26 PM	0.0005470999	+7.58931601259508E-11	+1.51747222737471E-14	+6.81869198326242E-02	+2.16501960754395E+01	+4.94776677094684E+06	+0.00000000000000E+00	+4.94776818920136E+06	+4.94774150417328E+06	+4.94779203784943E+06 	0	0	0	0
		B	s1	47	1:03:28 PM	0.0005711436	+7.14548030190163E-11	+1.51445510663017E-14	+6.83227625259108E-02	+2.16212902069092E+01	+4.94776678313522E+06	+0.00000000000000E+00	+4.94776814731598E+06	+4.94774160026550E+06	+4.94779196613312E+06 	0	0	0	0
		B	s1	48	1:03:30 PM	0.0005957044	+7.31069500044018E-11	+1.51515325633117E-14	+6.82912808761151E-02	+2.16272048950195E+01	+4.94776678332586E+06	+0.00000000000000E+00	+4.94776816074372E+06	+4.94774158195496E+06	+4.94779198482514E+06 	0	0	0	0
		B	s1	49	1:03:32 PM	0.0006207823	+3.84883120322533E-11	+1.51668986430117E-14	+6.82220928230760E-02	+2.16190128326416E+01	+4.94776678075086E+06	+0.00000000000000E+00	+4.94776817668915E+06	+4.94774156337738E+06	+4.94779199825287E+06 	0	0	0	0
		B	s1	50	1:03:35 PM	0.0006463773	+7.56901127334917E-11	+1.51572116447593E-14	+6.82656932434987E-02	+2.16182670593262E+01	+4.94776679627677E+06	+0.00000000000000E+00	+4.94776816558838E+06	+4.94774159587860E+06	+4.94779199680329E+06 	0	0	0	0
		B	s1	51	1:03:37 PM	0.0006724893	+7.29257870304441E-11	+1.51550475382427E-14	+6.82754414148500E-02	+2.16133518218994E+01	+4.94776679682995E+06	+0.00000000000000E+00	+4.94776819557190E+06	+4.94774160575867E+06	+4.94779198802948E+06 	0	0	0	0
		B	s1	52	1:03:39 PM	0.0006991184	+7.61752951581374E-11	+1.51750462219885E-14	+6.81854628392273E-02	+2.16249084472656E+01	+4.94776682093859E+06	+0.00000000000000E+00	+4.94776822536469E+06	+4.94774158313751E+06	+4.94779205886841E+06 	0	0	0	0
		B	s1	53	1:03:40 PM	0.0007262645	+7.58957581242365E-11	+1.51617989053062E-14	+6.82450383700145E-02	+2.16155700683594E+01	+4.94776682620305E+06	+0.00000000000000E+00	+4.94776821811676E+06	+4.94774162132263E+06	+4.94779203121186E+06 	0	0	0	0
		B	s1	54	1:03:43 PM	0.0007539278	+7.65199159705229E-11	+1.51577880560044E-14	+6.82630972578387E-02	+2.16205863952637E+01	+4.94776679696340E+06	+0.00000000000000E+00	+4.94776818626404E+06	+4.94774159290314E+06	+4.94779200115204E+06 	0	0	0	0
		B	s1	55	1:03:44 PM	0.0007821081	+7.69271404620491E-11	+1.51592135735509E-14	+6.82566772871549E-02	+2.16222667694092E+01	+4.94776682437197E+06	+0.00000000000000E+00	+4.94776820087433E+06	+4.94774161598206E+06	+4.94779203289032E+06 	0	0	0	0
		B	s1	56	1:03:47 PM	0.0008108055	+7.68938123526173E-11	+1.51585479821186E-14	+6.82596743975270E-02	+2.16142177581787E+01	+4.94776682250282E+06	+0.00000000000000E+00	+4.94776819950104E+06	+4.94774162460327E+06	+4.94779202053070E+06 	0	0	0	0
		B	s1	57	1:03:49 PM	0.0008400199	+7.62673930201454E-11	+1.51723931439572E-14	+6.81973856447194E-02	+2.16105785369873E+01	+4.94776683017027E+06	+0.00000000000000E+00	+4.94776818798065E+06	+4.94774161350250E+06	+4.94779204696656E+06 	0	0	0	0
		B	s1	58	1:03:51 PM	0.0008697514	+7.69713957727656E-11	+1.51589856271821E-14	+6.82577037307011E-02	+2.16147880554199E+01	+4.94776682202598E+06	+0.00000000000000E+00	+4.94776820922852E+06	+4.94774162273407E+06	+4.94779202144623E+06 	0	0	0	0
		B	s1	59	1:03:53 PM	0.0009000000	+7.98631094552667E-11	+1.51736112671816E-14	+6.81919103953811E-02	+2.16232757568359E+01	+4.94776684567693E+06	+0.00000000000000E+00	+4.94776823459625E+06	+4.94774161216736E+06	+4.94779207931519E+06 	0	0	0	0
		T	s2 	60	1:36:07 PM	0.0009000000	+9.30444936613967E-11	+1.51573937176172E-14	+6.82648288448003E-02	+2.23830814361572E+01	+4.94776840462481E+06	+0.00000000000000E+00	+4.94776981929779E+06	+4.94774231235504E+06	+4.94779449703217E+06 	0.720000	0.058000	0.246019	0.010296
		T	s2 	61	1:36:13 PM	0.0008697514	+3.93858346496763E-11	+1.51764546460519E-14	+6.81790828196966E-02	+2.23979282379150E+01	+4.94776871458777E+06	+0.00000000000000E+00	+4.94777012477875E+06	+4.94774257217407E+06	+4.94779485713959E+06 	0.688000	0.050000	0.239065	0.009380
		T	s2 	62	1:36:19 PM	0.0008400199	+1.13137391865926E-10	+1.51525057975243E-14	+6.82868396342115E-02	+2.23963871002197E+01	+4.94776877381117E+06	+0.00000000000000E+00	+4.94777019355774E+06	+4.94774267444611E+06	+4.94779487331391E+06 	0.688000	0.044000	0.235466	0.008598
		T	s2 	63	1:36:24 PM	0.0008108055	+4.38044543332161E-11	+1.51625393661340E-14	+6.82416511737102E-02	+2.24327621459961E+01	+4.94776880039929E+06	+0.00000000000000E+00	+4.94777020866394E+06	+4.94774264133454E+06	+4.94779495960236E+06 	0.656000	0.052000	0.231701	0.008947
		T	s2 	64	1:36:29 PM	0.0007821081	+1.13099441052096E-10	+1.51418146108711E-14	+6.83350529089117E-02	+2.24463825225830E+01	+4.94776884764443E+06	+0.00000000000000E+00	+4.94777023857117E+06	+4.94774270847321E+06	+4.94779498695374E+06 	0.648000	0.046000	0.228422	0.009240
		T	s2 	65	1:36:34 PM	0.0007539278	+4.59907349763182E-11	+1.51755193685297E-14	+6.81832840640169E-02	+2.23959255218506E+01	+4.94776873921166E+06	+0.00000000000000E+00	+4.94777020671845E+06	+4.94774260074616E+06	+4.94779487781525E+06 	0.656000	0.046000	0.223340	0.008109
		T	s2 	66	1:36:39 PM	0.0007262645	+4.26770204813161E-11	+1.51702237342887E-14	+6.82070852976943E-02	+2.23682842254639E+01	+4.94776874804290E+06	+0.00000000000000E+00	+4.94777021648407E+06	+4.94774265094757E+06	+4.94779484527588E+06 	0.632000	0.046000	0.218816	0.009477
		T	s2 	67	1:36:44 PM	0.0006991184	+1.12504300517976E-10	+1.51687680261450E-14	+6.82136311377854E-02	+2.23688449859619E+01	+4.94776874153885E+06	+0.00000000000000E+00	+4.94777020339966E+06	+4.94774264629364E+06	+4.94779483692169E+06 	0.640000	0.044000	0.214584	0.011471
		T	s2 	68	1:36:49 PM	0.0006724893	+4.11344636556279E-11	+1.51661044199672E-14	+6.82256108754699E-02	+2.23882102966309E+01	+4.94776876137518E+06	+0.00000000000000E+00	+4.94777020126343E+06	+4.94774264812470E+06	+4.94779487476349E+06 	0.640000	0.044000	0.210314	0.008703
		T	s2 	69	1:36:54 PM	0.0006463773	+1.11901201407037E-10	+1.51663870612655E-14	+6.82243371167978E-02	+2.24136943817139E+01	+4.94776884491689E+06	+0.00000000000000E+00	+4.94777025627136E+06	+4.94774270145416E+06	+4.94779498851776E+06 	0.616000	0.044000	0.206556	0.009548
		T	s2 	70	1:36:59 PM	0.0006207823	+4.29713299109492E-11	+1.51639942675773E-14	+6.82351039790673E-02	+2.23908348083496E+01	+4.94776879261756E+06	+0.00000000000000E+00	+4.94777019931793E+06	+4.94774267993927E+06	+4.94779490543366E+06 	0.616000	0.044000	0.202402	0.007980
		T	s2 	71	1:37:04 PM	0.0005957044	+7.63734519074737E-11	+1.51482203783649E-14	+6.83061589206493E-02	+2.23815708160400E+01	+4.94776873776241E+06	+0.00000000000000E+00	+4.94777014598847E+06	+4.94774266304016E+06	+4.94779481262207E+06 	0.608000	0.046000	0.198293	0.007928
		T	s2 	72	1:37:09 PM	0.0005711436	+1.13441006489932E-10	+1.51618526867246E-14	+6.82447415409709E-02	+2.24173717498779E+01	+4.94776881102333E+06	+0.00000000000000E+00	+4.94777019550324E+06	+4.94774267108917E+06	+4.94779495109558E+06 	0.584000	0.050000	0.193679	0.007691
		T	s2 	73	1:37:14 PM	0.0005470999	+8.16156126429721E-11	+1.51719870426430E-14	+6.81991560985681E-02	+2.24588413238525E+01	+4.94776882355426E+06	+0.00000000000000E+00	+4.94777021400452E+06	+4.94774261775971E+06	+4.94779502948761E+06 	0.576000	0.048000	0.189695	0.007938
		T	s2 	74	1:37:19 PM	0.0005235732	+4.40295578481467E-11	+1.51406875865899E-14	+6.83401412131729E-02	+2.24235820770264E+01	+4.94776878748680E+06	+0.00000000000000E+00	+4.94777019657135E+06	+4.94774267681122E+06	+4.94779489830017E+06 	0.592000	0.046000	0.185480	0.008570
		T	s2 	75	1:37:24 PM	0.0005005636	+4.41215058981087E-11	+1.51476803916320E-14	+6.83085921380166E-02	+2.24200248718262E+01	+4.94776880188724E+06	+0.00000000000000E+00	+4.94777020690918E+06	+4.94774268329621E+06	+4.94779492061615E+06 	0.568000	0.042000	0.181146	0.009011
		T	s2 	76	1:37:29 PM	0.0004780710	+4.24295276267441E-11	+1.51594611808050E-14	+6.82555103307884E-02	+2.23954696655273E+01	+4.94776871216560E+06	+0.00000000000000E+00	+4.94777017620087E+06	+4.94774260189057E+06	+4.94779482257843E+06 	0.560000	0.048000	0.176536	0.009935
		T	s2 	77	1:37:34 PM	0.0004560956	+4.25891386610175E-11	+1.51394947288298E-14	+6.83455255465611E-02	+2.24242839813232E+01	+4.94776879700448E+06	+0.00000000000000E+00	+4.94777019725800E+06	+4.94774268756867E+06	+4.94779490657807E+06 	0.536000	0.044000	0.172683	0.007773
		T	s2 	78	1:37:39 PM	0.0004346372	+1.14147651809908E-10	+1.51251816255532E-14	+6.84102002142379E-02	+2.24678363800049E+01	+4.94776884594690E+06	+0.00000000000000E+00	+4.94777024833679E+06	+4.94774271053314E+06	+4.94779498149872E+06 	0.536000	0.042000	0.168951	0.009052
		T	s2 	79	1:37:44 PM	0.0004136958	+4.25524068412482E-11	+1.51252708133976E-14	+6.84097990405628E-02	+2.24206295013428E+01	+4.94776876585763E+06	+0.00000000000000E+00	+4.94777015720368E+06	+4.94774268520355E+06	+4.94779484664917E+06 	0.520000	0.044000	0.164561	0.007758
		T	s2 	80	1:37:49 PM	0.0003932716	+1.12795271568077E-10	+1.51264047189423E-14	+6.84046688974477E-02	+2.24715614318848E+01	+4.94776883847006E+06	+0.00000000000000E+00	+4.94777021289826E+06	+4.94774269660950E+06	+4.94779498046875E+06 	0.512000	0.044000	0.160610	0.007248
		T	s2 	81	1:37:54 PM	0.0003733644	+4.43399994380766E-11	+1.51327263037329E-14	+6.83760931106731E-02	+2.24985733032227E+01	+4.94776884718642E+06	+0.00000000000000E+00	+4.94777021251679E+06	+4.94774266296387E+06	+4.94779503154755E+06 	0.504000	0.042000	0.156387	0.009225
		T	s2 	82	1:38:00 PM	0.0003539743	+7.54087776324778E-11	+1.51126525374315E-14	+6.84669165378495E-02	+2.24207725524902E+01	+4.94776880610280E+06	+0.00000000000000E+00	+4.94777014274597E+06	+4.94774274703980E+06	+4.94779486530304E+06 	0.472000	0.042000	0.152381	0.006949
		T	s2 	83	1:38:04 PM	0.0003351012	+1.12760617949337E-10	+1.51167552844286E-14	+6.84483336231870E-02	+2.24510593414307E+01	+4.94776883225232E+06	+0.00000000000000E+00	+4.94777018688202E+06	+4.94774273090363E+06	+4.94779493373871E+06 	0.464000	0.040000	0.148458	0.008499
		T	s2 	84	1:38:10 PM	0.0003167453	+4.59338805815038E-11	+1.51281925771333E-14	+6.83965820151093E-02	+2.25065937042236E+01	+4.94776893904433E+06	+0.00000000000000E+00	+4.94777026443482E+06	+4.94774275333405E+06	+4.94779512489319E+06 	0.472000	0.038000	0.145144	0.006386
		T	s2 	85	1:38:15 PM	0.0002989063	+1.16590428505022E-10	+1.51234577279549E-14	+6.84179951272551E-02	+2.25041122436523E+01	+4.94776895626774E+06	+0.00000000000000E+00	+4.94777029190064E+06	+4.94774278163910E+06	+4.94779513103485E+06 	0.480000	0.040000	0.140078	0.006781
		T	s2 	86	1:38:20 PM	0.0002815845	+1.23010770356838E-10	+1.51280998581699E-14	+6.83969974473439E-02	+2.25787315368652E+01	+4.94776907522857E+06	+0.00000000000000E+00	+4.94777037643433E+06	+4.94774280574799E+06	+4.94779534484863E+06 	0.424000	0.044000	0.136037	0.007317
		T	s2 	87	1:38:25 PM	0.0002647797	+5.24806499922396E-11	+1.51206489105139E-14	+6.84307014255701E-02	+2.25433750152588E+01	+4.94776906668394E+06	+0.00000000000000E+00	+4.94777036117554E+06	+4.94774285125733E+06	+4.94779528224945E+06 	0.424000	0.036000	0.131507	0.006540
		T	s2 	88	1:38:30 PM	0.0002484920	+5.94312357070367E-11	+1.51205961803627E-14	+6.84309356779503E-02	+2.25998744964600E+01	+4.94776922526056E+06	+0.00000000000000E+00	+4.94777049457550E+06	+4.94774294422150E+06	+4.94779550643921E+06 	0.408000	0.042000	0.128107	0.007755
		T	s2 	89	1:38:35 PM	0.0002327214	+6.65026339205357E-11	+1.50898537708272E-14	+6.85703457272950E-02	+2.26354465484619E+01	+4.94776935578049E+06	+0.00000000000000E+00	+4.94777062313080E+06	+4.94774308689118E+06	+4.94779562480927E+06 	0.408000	0.040000	0.123373	0.009012
		T	s2 	90	1:38:40 PM	0.0002174679	+7.29449419649715E-11	+1.51104497217334E-14	+6.84768771462120E-02	+2.26903820037842E+01	+4.94776954901345E+06	+0.00000000000000E+00	+4.94777072193146E+06	+4.94774318042755E+06	+4.94779591773987E+06 	0.400000	0.066000	0.119430	0.008552
		T	s2 	91	1:38:45 PM	0.0002027314	+8.07201505940558E-11	+1.50981586583553E-14	+6.85326189723263E-02	+2.27082118988037E+01	+4.94776967980035E+06	+0.00000000000000E+00	+4.94777090442658E+06	+4.94774331195831E+06	+4.94779604778290E+06 	0.392000	0.046000	0.115428	0.006760
		T	s2 	92	1:38:50 PM	0.0001885119	+2.07906588778932E-11	+1.51034275420084E-14	+6.85087080363771E-02	+2.27373828887939E+01	+4.94776979143723E+06	+0.00000000000000E+00	+4.94777099403381E+06	+4.94774338050843E+06	+4.94779620250702E+06 	0.368000	0.044000	0.111313	0.008296
		T	s2 	93	1:38:55 PM	0.0001748096	+9.44578157544336E-11	+1.50866153852005E-14	+6.85850470781833E-02	+2.26910953521729E+01	+4.94776998600631E+06	+0.00000000000000E+00	+4.94777114788056E+06	+4.94774365818024E+06	+4.94779631397248E+06 	0.360000	0.044000	0.107288	0.006245
		T	s2 	94	1:39:00 PM	0.0001616243	+3.41877870487900E-11	+1.50682818095418E-14	+6.86684911493091E-02	+2.26835136413574E+01	+4.94777010643652E+06	+0.00000000000000E+00	+4.94777128124237E+06	+4.94774381938935E+06	+4.94779639362335E+06 	0.360000	0.032000	0.103165	0.009115
		T	s2 	95	1:39:06 PM	0.0001489561	+4.66068073275552E-11	+1.51138705208465E-14	+6.84613570589462E-02	+2.27225208282471E+01	+4.94777032114609E+06	+0.00000000000000E+00	+4.94777146072388E+06	+4.94774390922547E+06	+4.94779673320770E+06 	0.352000	0.032000	0.098548	0.006845
		T	s2 	96	1:39:12 PM	0.0001368050	+5.60951025215080E-11	+1.50702905225924E-14	+6.86593276671773E-02	+2.26950836181641E+01	+4.94777049147290E+06	+0.00000000000000E+00	+4.94777164051056E+06	+4.94774418750763E+06	+4.94779679557800E+06 	0.336000	0.048000	0.096085	0.007224
		T	s2 	97	1:39:17 PM	0.0001251709	+6.39280311549151E-11	+1.51090200684277E-14	+6.84833263415682E-02	+2.27423038482666E+01	+4.94777064205742E+06	+0.00000000000000E+00	+4.94777182224274E+06	+4.94774421562195E+06	+4.94779706863404E+06 	0.328000	0.036000	0.091652	0.009495
		T	s2 	98	1:39:23 PM	0.0001140539	+7.15360956597174E-11	+1.50700372942123E-14	+6.86604730109007E-02	+2.26988029479980E+01	+4.94777079300562E+06	+0.00000000000000E+00	+4.94777195602417E+06	+4.94774448516846E+06	+4.94779710098267E+06 	0.304000	0.036000	0.086512	0.009654
		T	s2 	99	1:39:29 PM	0.0001034540	+7.70225678508665E-11	+1.50998333054472E-14	+6.85249847425421E-02	+2.26761512756348E+01	+4.94777089352276E+06	+0.00000000000000E+00	+4.94777200023651E+06	+4.94774455997467E+06	+4.94779722721100E+06 	0.320000	0.054000	0.083321	0.006780
		T	s2 	100	1:39:35 PM	0.0000933711	+8.75911483520719E-11	+1.50504417262219E-14	+6.87498606693439E-02	+2.27182693481445E+01	+4.94777107327149E+06	+0.00000000000000E+00	+4.94777223503113E+06	+4.94774477710724E+06	+4.94779736957550E+06 	0.280000	0.038000	0.079437	0.006316
		T	s2 	101	1:39:41 PM	0.0000838053	+9.10000732841079E-11	+1.50546151575142E-14	+6.87307996611924E-02	+2.27132720947266E+01	+4.94777115294144E+06	+0.00000000000000E+00	+4.94777230815888E+06	+4.94774485527039E+06	+4.94779745075226E+06 	0.272000	0.046000	0.075207	0.006174
		T	s2 	102	1:39:47 PM	0.0000747566	+1.00821877479182E-10	+1.50636580601856E-14	+6.86895334311711E-02	+2.27121639251709E+01	+4.94777137875236E+06	+0.00000000000000E+00	+4.94777251796723E+06	+4.94774506656647E+06	+4.94779769107819E+06 	0.264000	0.034000	0.071121	0.006484
		T	s2 	103	1:39:52 PM	0.0000662249	+3.70642471973801E-11	+1.50814806841427E-14	+6.86083539898930E-02	+2.27314319610596E+01	+4.94777156632074E+06	+0.00000000000000E+00	+4.94777262264252E+06	+4.94774520065308E+06	+4.94779793212891E+06 	0.248000	0.036000	0.068064	0.007690
		T	s2 	104	1:39:58 PM	0.0000582104	+1.15084391992046E-10	+1.50858293800539E-14	+6.85885749676245E-02	+2.26955833435059E+01	+4.94777162869123E+06	+0.00000000000000E+00	+4.94777275329590E+06	+4.94774529701233E+06	+4.94779796051026E+06 	0.232000	0.034000	0.063467	0.007489
		T	s2 	105	1:40:04 PM	0.0000507128	+1.29713029415891E-10	+1.50902129754746E-14	+6.85686456992771E-02	+2.27155475616455E+01	+4.94777180164944E+06	+0.00000000000000E+00	+4.94777299736023E+06	+4.94774543914795E+06	+4.94779816429138E+06 	0.224000	0.034000	0.060840	0.005845
		T	s2 	106	1:40:09 PM	0.0000437324	+1.03824772462236E-10	+1.51009710019186E-14	+6.85197922242054E-02	+2.27160491943359E+01	+4.94777197285295E+06	+0.00000000000000E+00	+4.94777320575714E+06	+4.94774559097290E+06	+4.94779835487366E+06 	0.232000	0.068000	0.056666	0.005298
		T	s2 	107	1:40:15 PM	0.0000372690	+4.74597610095627E-11	+1.50999303788585E-14	+6.85245091539606E-02	+2.26999568939209E+01	+4.94777215925824E+06	+0.00000000000000E+00	+4.94777342529297E+06	+4.94774579788208E+06	+4.94779852077484E+06 	0.208000	0.034000	0.051526	0.007844
		T	s2 	108	1:40:20 PM	0.0000313227	+6.09633949677053E-11	+1.51213073359544E-14	+6.84276289781842E-02	+2.26806564331055E+01	+4.94777242087010E+06	+0.00000000000000E+00	+4.94777353656769E+06	+4.94774604461670E+06	+4.94779879726410E+06 	0.200000	0.030000	0.049612	0.009163
		T	s2 	109	1:40:26 PM	0.0000258935	+7.24102538901717E-11	+1.50828896564163E-14	+6.86019153833030E-02	+2.26503238677979E+01	+4.94777263151822E+06	+0.00000000000000E+00	+4.94777383106232E+06	+4.94774635746002E+06	+4.94779890571594E+06 	0.176000	0.034000	0.044514	0.010191
		T	s2 	110	1:40:32 PM	0.0000209813	+8.50661941991193E-11	+1.50682836994960E-14	+6.86684047972707E-02	+2.26643600463867E+01	+4.94777290711107E+06	+0.00000000000000E+00	+4.94777410724640E+06	+4.94774664222717E+06	+4.94779917213440E+06 	0.192000	0.036000	0.042042	0.008206
		T	s2 	111	1:40:38 PM	0.0000165862	+5.94822268646742E-11	+1.51060520745288E-14	+6.84967154813860E-02	+2.26124706268311E+01	+4.94777303545654E+06	+0.00000000000000E+00	+4.94777426425934E+06	+4.94774676502228E+06	+4.94779930603028E+06 	0.192000	0.052000	0.039339	0.006685
		T	s2 	112	1:40:44 PM	0.0000127082	+1.05243761223249E-10	+1.50699313030401E-14	+6.86608911597256E-02	+2.25633029937744E+01	+4.94777312634233E+06	+0.00000000000000E+00	+4.94777450531006E+06	+4.94774697570801E+06	+4.94779927711487E+06 	0.144000	0.040000	0.033019	0.006062
		T	s2 	113	1:40:50 PM	0.0000093473	+4.85616165546254E-11	+1.50977414605832E-14	+6.85344081588984E-02	+2.26050376892090E+01	+4.94777345495892E+06	+0.00000000000000E+00	+4.94777470676422E+06	+4.94774720760346E+06	+4.94779970245361E+06 	0.136000	0.036000	0.029166	0.008563
		T	s2 	114	1:40:55 PM	0.0000065034	+6.05880504593703E-11	+1.51156101226258E-14	+6.84533885248441E-02	+2.26188240051270E+01	+4.94777355782198E+06	+0.00000000000000E+00	+4.94777479537964E+06	+4.94774726337433E+06	+4.94779985240936E+06 	0.136000	0.034000	0.027149	0.008400
		T	s2 	115	1:41:01 PM	0.0000041766	+2.91485418189875E-11	+1.51139345721846E-14	+6.84609745627164E-02	+2.26288623809814E+01	+4.94777365877789E+06	+0.00000000000000E+00	+4.94777501125336E+06	+4.94774735557556E+06	+4.94779996212006E+06 	0.120000	0.036000	0.024509	0.007646
		T	s2 	116	1:41:07 PM	0.0000023668	+3.69622693630935E-11	+1.51416985461974E-14	+6.83354413575788E-02	+2.26870021820068E+01	+4.94777374779324E+06	+0.00000000000000E+00	+4.94777499774933E+06	+4.94774732856751E+06	+4.94780016716004E+06 	0.112000	0.034000	0.021137	0.005360
		T	s2 	117	1:41:13 PM	0.0000010741	-3.97033810194920E-12	+1.51344641720800E-14	+6.83681050431562E-02	+2.25826473236084E+01	+4.94777378788642E+06	+0.00000000000000E+00	+4.94777493793488E+06	+4.94774750274658E+06	+4.94780007316589E+06 	0.096000	0.034000	0.017422	0.006424
		T	s2 	118	1:41:19 PM	0.0000002985	+7.85249839433340E-11	+1.50766770643629E-14	+6.86301532870949E-02	+2.25141506195068E+01	+4.94777373600749E+06	+0.00000000000000E+00	+4.94777519512177E+06	+4.94774763065338E+06	+4.94779984149933E+06 	0.120000	0.032000	0.021396	0.005250
		T	s2 	119	1:41:25 PM	0.0000000400	-1.79247700423487E-11	+1.52917157304504E-14	+6.76650400635161E-02	+2.18887329101562E+01	+4.94777397616366E+06	+0.00000000000000E+00	+4.94777481193543E+06	+4.94774823398590E+06	+4.94779971847534E+06 	0.104000	0.032000	0.018378	0.006528
		B	s3	120	1:44:03 PM	0.0000000400	+1.50412719928229E-10	+1.54394659669695E-14	+6.70177165702125E-02	+2.17200202941895E+01	+4.94776633339836E+06	+0.00000000000000E+00	+4.94776683490753E+06	+4.94774054290772E+06	+4.94779212402344E+06 	0	0	0	0
		B	s3	121	1:44:04 PM	0.0000002985	-2.08591797988769E-11	+1.50705050483355E-14	+6.86584547553094E-02	+2.20190143585205E+01	+4.94776672829722E+06	+0.00000000000000E+00	+4.94776778488159E+06	+4.94774120758057E+06	+4.94779224914551E+06 	0	0	0	0
		B	s3	122	1:44:07 PM	0.0000010741	+1.66970862498317E-10	+1.51621881751384E-14	+6.82432898562761E-02	+2.20573711395264E+01	+4.94776669604292E+06	+0.00000000000000E+00	+4.94776801326752E+06	+4.94774097534180E+06	+4.94779241687775E+06 	0	0	0	0
		B	s3	123	1:44:08 PM	0.0000023668	+1.32649697340429E-10	+1.50932596373868E-14	+6.85549492537111E-02	+2.21358070373535E+01	+4.94776658600811E+06	+0.00000000000000E+00	+4.94776800048828E+06	+4.94774089118958E+06	+4.94779228096008E+06 	0	0	0	0
		B	s3	124	1:44:11 PM	0.0000041766	+1.03565124560691E-10	+1.51118796728056E-14	+6.84704747339806E-02	+2.21892910003662E+01	+4.94776676100686E+06	+0.00000000000000E+00	+4.94776800918579E+06	+4.94774097232819E+06	+4.94779254981995E+06 	0	0	0	0
		B	s3	125	1:44:13 PM	0.0000065034	-6.44344798882299E-12	+1.51060913773558E-14	+6.84967109631079E-02	+2.21779937744141E+01	+4.94776676211324E+06	+0.00000000000000E+00	+4.94776801815033E+06	+4.94774099643707E+06	+4.94779252792359E+06 	0	0	0	0
		B	s3	126	1:44:16 PM	0.0000093473	+6.48030161443339E-11	+1.50921780686298E-14	+6.85598574399315E-02	+2.21415328979492E+01	+4.94776675736429E+06	+0.00000000000000E+00	+4.94776811740875E+06	+4.94774105773926E+06	+4.94779245712280E+06 	0	0	0	0
		B	s3	127	1:44:18 PM	0.0000127082	+1.05143837703018E-10	+1.50861726104436E-14	+6.85871499551526E-02	+2.21528129577637E+01	+4.94776674244881E+06	+0.00000000000000E+00	+4.94776805217743E+06	+4.94774103996277E+06	+4.94779244506836E+06 	0	0	0	0
		B	s3	128	1:44:20 PM	0.0000165862	+1.70071607310780E-10	+1.50915961428306E-14	+6.85625024412762E-02	+2.21101284027100E+01	+4.94776670825025E+06	+0.00000000000000E+00	+4.94776800323487E+06	+4.94774104606629E+06	+4.94779237056732E+06 	0	0	0	0
		B	s3	129	1:44:22 PM	0.0000209813	+6.10749120215282E-11	+1.50431057262032E-14	+6.87835080860690E-02	+2.20809803009033E+01	+4.94776673939786E+06	+0.00000000000000E+00	+4.94776807834625E+06	+4.94774119338989E+06	+4.94779228553772E+06 	0	0	0	0
		B	s3	130	1:44:25 PM	0.0000258935	+6.36529487866244E-11	+1.50911700612096E-14	+6.85644381291026E-02	+2.21041297912598E+01	+4.94776671166445E+06	+0.00000000000000E+00	+4.94776798435211E+06	+4.94774105716706E+06	+4.94779236629486E+06 	0	0	0	0
		B	s3	131	1:44:27 PM	0.0000313227	+6.33688654637965E-11	+1.50953212231692E-14	+6.85455825891766E-02	+2.20606250762939E+01	+4.94776673161554E+06	+0.00000000000000E+00	+4.94776797187805E+06	+4.94774112056732E+06	+4.94779234279633E+06 	0	0	0	0
		B	s3	132	1:44:29 PM	0.0000372690	+6.32425250383225E-11	+1.51269269937364E-14	+6.84023641780842E-02	+2.20345993041992E+01	+4.94776677582776E+06	+0.00000000000000E+00	+4.94776800846100E+06	+4.94774114143372E+06	+4.94779241035462E+06 	0	0	0	0
		B	s3	133	1:44:31 PM	0.0000437324	+6.67721326719741E-11	+1.51090215511891E-14	+6.84834275813043E-02	+2.20450859069824E+01	+4.94776674210593E+06	+0.00000000000000E+00	+4.94776813083649E+06	+4.94774112586975E+06	+4.94779235847473E+06 	0	0	0	0
		B	s3	134	1:44:33 PM	0.0000507128	+6.31039182027774E-11	+1.51281352339759E-14	+6.83969027588778E-02	+2.19718227386475E+01	+4.94776671509815E+06	+0.00000000000000E+00	+4.94776803947449E+06	+4.94774115169525E+06	+4.94779227863312E+06 	0	0	0	0
		B	s3	135	1:44:36 PM	0.0000582104	+2.75910521328613E-11	+1.51151095717685E-14	+6.84558451538882E-02	+2.19662113189697E+01	+4.94776670121280E+06	+0.00000000000000E+00	+4.94776800559998E+06	+4.94774116634369E+06	+4.94779223621369E+06 	0	0	0	0
		B	s3	136	1:44:38 PM	0.0000662249	+9.70520587778735E-11	+1.50922045214044E-14	+6.85597392996782E-02	+2.19371376037598E+01	+4.94776668419962E+06	+0.00000000000000E+00	+4.94776795475006E+06	+4.94774122177124E+06	+4.94779214675904E+06 	0	0	0	0
		B	s3	137	1:44:40 PM	0.0000747566	+9.89564659624073E-11	+1.50979620907035E-14	+6.85335940109983E-02	+2.19415187835693E+01	+4.94776669167635E+06	+0.00000000000000E+00	+4.94776799163819E+06	+4.94774121444702E+06	+4.94779216903687E+06 	0	0	0	0
		B	s3	138	1:44:42 PM	0.0000838053	+6.03568557041122E-11	+1.50917323133319E-14	+6.85618836547767E-02	+2.18969707489014E+01	+4.94776671391636E+06	+0.00000000000000E+00	+4.94776793022156E+06	+4.94774129890442E+06	+4.94779212905884E+06 	0	0	0	0
		B	s3	139	1:44:44 PM	0.0000933711	+5.98630307664518E-11	+1.51257100302672E-14	+6.84078709642795E-02	+2.18641300201416E+01	+4.94776665419717E+06	+0.00000000000000E+00	+4.94776796367646E+06	+4.94774122016907E+06	+4.94779208835602E+06 	0	0	0	0
		B	s3	140	1:44:46 PM	0.0001034540	+6.36437820378369E-11	+1.51165877099279E-14	+6.84491518575037E-02	+2.19019660949707E+01	+4.94776668353205E+06	+0.00000000000000E+00	+4.94776794185639E+06	+4.94774122085572E+06	+4.94779214633942E+06 	0	0	0	0
		B	s3	141	1:44:49 PM	0.0001140539	+5.81444330577196E-11	+1.50881701892905E-14	+6.85780710482557E-02	+2.18728332519531E+01	+4.94776668471502E+06	+0.00000000000000E+00	+4.94776794776917E+06	+4.94774130371094E+06	+4.94779206584931E+06 	0	0	0	0
		B	s3	142	1:44:50 PM	0.0001251709	+6.00138347183435E-11	+1.51094837389315E-14	+6.84813345584353E-02	+2.18645648956299E+01	+4.94776667586479E+06	+0.00000000000000E+00	+4.94776795841217E+06	+4.94774126861572E+06	+4.94779208324433E+06 	0	0	0	0
		B	s3	143	1:44:53 PM	0.0001368050	+6.12942159689164E-11	+1.51052903364635E-14	+6.85003463476929E-02	+2.18315753936768E+01	+4.94776665482697E+06	+0.00000000000000E+00	+4.94776792751312E+06	+4.94774129295349E+06	+4.94779201683045E+06 	0	0	0	0
		B	s3	144	1:44:55 PM	0.0001489561	+9.78955687245646E-11	+1.51013785214316E-14	+6.85180909861836E-02	+2.18294792175293E+01	+4.94776663613500E+06	+0.00000000000000E+00	+4.94776785373688E+06	+4.94774128326416E+06	+4.94779198913574E+06 	0	0	0	0
		B	s3	145	1:44:57 PM	0.0001616243	+5.71088499582092E-11	+1.51142437162135E-14	+6.84597692611420E-02	+2.17949981689453E+01	+4.94776661265563E+06	+0.00000000000000E+00	+4.94776791320801E+06	+4.94774127826691E+06	+4.94779194717407E+06 	0	0	0	0
		B	s3	146	1:44:59 PM	0.0001748096	+5.41436006282658E-11	+1.51213418564691E-14	+6.84276339615347E-02	+2.18048915863037E+01	+4.94776659306704E+06	+0.00000000000000E+00	+4.94776789684296E+06	+4.94774123527527E+06	+4.94779195098877E+06 	0	0	0	0
		B	s3	147	1:45:02 PM	0.0001885119	+9.78036590887906E-11	+1.51186507968233E-14	+6.84398142052596E-02	+2.17873001098633E+01	+4.94776657870483E+06	+0.00000000000000E+00	+4.94776787338257E+06	+4.94774124588013E+06	+4.94779191165924E+06 	0	0	0	0
		B	s3	148	1:45:04 PM	0.0002027314	+9.90295573572486E-11	+1.51270126179629E-14	+6.84019816189842E-02	+2.18152599334717E+01	+4.94776660864997E+06	+0.00000000000000E+00	+4.94776789924622E+06	+4.94774122928620E+06	+4.94779198814392E+06 	0	0	0	0
		B	s3	149	1:45:06 PM	0.0002174679	+6.11910792747677E-11	+1.51335529733356E-14	+6.83724204301681E-02	+2.18059959411621E+01	+4.94776659083533E+06	+0.00000000000000E+00	+4.94776790184021E+06	+4.94774121128082E+06	+4.94779197052002E+06 	0	0	0	0
		B	s3	150	1:45:08 PM	0.0002327214	+5.56909661825732E-11	+1.51140774179544E-14	+6.84605228804745E-02	+2.17887401580811E+01	+4.94776659945682E+06	+0.00000000000000E+00	+4.94776787250519E+06	+4.94774127262116E+06	+4.94779192642212E+06 	0	0	0	0
		B	s3	151	1:45:10 PM	0.0002484920	+9.54648772889161E-11	+1.51099623035107E-14	+6.84791680663703E-02	+2.17958889007568E+01	+4.94776658709719E+06	+0.00000000000000E+00	+4.94776789875031E+06	+4.94774125885010E+06	+4.94779191547394E+06 	0	0	0	0
		B	s3	152	1:45:13 PM	0.0002647797	+5.86910195147938E-11	+1.51291284488404E-14	+6.83924162552337E-02	+2.18015213012695E+01	+4.94776658137495E+06	+0.00000000000000E+00	+4.94776787197113E+06	+4.94774121444702E+06	+4.94779194843292E+06 	0	0	0	0
		B	s3	153	1:45:15 PM	0.0002815845	+5.67679821719516E-11	+1.51164305373533E-14	+6.84498665908062E-02	+2.17789173126221E+01	+4.94776657382209E+06	+0.00000000000000E+00	+4.94776790412903E+06	+4.94774125446320E+06	+4.94779189331055E+06 	0	0	0	0
		B	s3	154	1:45:18 PM	0.0002989063	+5.92340284717371E-11	+1.51275696481461E-14	+6.83994635149494E-02	+2.17897014617920E+01	+4.94776658671561E+06	+0.00000000000000E+00	+4.94776788105011E+06	+4.94774123615265E+06	+4.94779193740845E+06 	0	0	0	0
		B	s3	155	1:45:20 PM	0.0003167453	+5.65234435470925E-11	+1.51533290621271E-14	+6.82831905261066E-02	+2.17912693023682E+01	+4.94776656941572E+06	+0.00000000000000E+00	+4.94776787940979E+06	+4.94774117385864E+06	+4.94779196510315E+06 	0	0	0	0
		B	s3	156	1:45:23 PM	0.0003351012	+5.89991735773133E-11	+1.51198012125914E-14	+6.84346063824578E-02	+2.18889465332031E+01	+4.94776659545074E+06	+0.00000000000000E+00	+4.94776792007447E+06	+4.94774114250183E+06	+4.94779204853058E+06 	0	0	0	0
		B	s3	157	1:45:24 PM	0.0003539743	+5.72862123127587E-11	+1.51244119717513E-14	+6.84137443897308E-02	+2.19105434417725E+01	+4.94776657126539E+06	+0.00000000000000E+00	+4.94776787666321E+06	+4.94774108543396E+06	+4.94779205722809E+06 	0	0	0	0
		B	s3	158	1:45:26 PM	0.0003733644	+5.88700852955306E-11	+1.51355816518939E-14	+6.83632565966108E-02	+2.19159374237061E+01	+4.94776657717804E+06	+0.00000000000000E+00	+4.94776791702271E+06	+4.94774106624603E+06	+4.94779208824158E+06 	0	0	0	0
		B	s3	159	1:45:28 PM	0.0003932716	+6.16742027059868E-11	+1.51539925786985E-14	+6.82802006268703E-02	+2.19248085021973E+01	+4.94776657391626E+06	+0.00000000000000E+00	+4.94776796936035E+06	+4.94774102161408E+06	+4.94779212635040E+06 	0	0	0	0
		B	s3	160	1:45:30 PM	0.0004136958	+6.12530432928037E-11	+1.51354973180201E-14	+6.83636368902024E-02	+2.19087677001953E+01	+4.94776659966572E+06	+0.00000000000000E+00	+4.94776797538758E+06	+4.94774109722138E+06	+4.94779210224152E+06 	0	0	0	0
		B	s3	161	1:45:32 PM	0.0004346372	+6.15264309581944E-11	+1.51384341960039E-14	+6.83503732562353E-02	+2.19030590057373E+01	+4.94776663550481E+06	+0.00000000000000E+00	+4.94776796421051E+06	+4.94774113475800E+06	+4.94779213638306E+06 	0	0	0	0
		B	s3	162	1:45:34 PM	0.0004560956	+6.46969298610526E-11	+1.51613068516083E-14	+6.82472594597665E-02	+2.19124317169189E+01	+4.94776660050471E+06	+0.00000000000000E+00	+4.94776798389435E+06	+4.94774105030060E+06	+4.94779215084076E+06 	0	0	0	0
		B	s3	163	1:45:36 PM	0.0004780710	+6.19764511683722E-11	+1.51472394780694E-14	+6.83106413107012E-02	+2.19019680023193E+01	+4.94776659958937E+06	+0.00000000000000E+00	+4.94776796890259E+06	+4.94774108528137E+06	+4.94779211402893E+06 	0	0	0	0
		B	s3	164	1:45:39 PM	0.0005005636	+6.31352855189447E-11	+1.51636356769852E-14	+6.82367779759664E-02	+2.18940849304199E+01	+4.94776660397617E+06	+0.00000000000000E+00	+4.94776799755097E+06	+4.94774107124329E+06	+4.94779213684082E+06 	0	0	0	0
		B	s3	165	1:45:41 PM	0.0005235732	+6.19610601252529E-11	+1.51587050578988E-14	+6.82589728324916E-02	+2.18943347930908E+01	+4.94776661419960E+06	+0.00000000000000E+00	+4.94776800521851E+06	+4.94774108947754E+06	+4.94779213905335E+06 	0	0	0	0
		B	s3	166	1:45:44 PM	0.0005470999	+6.55372028259051E-11	+1.51677849577978E-14	+6.82181100646225E-02	+2.19285144805908E+01	+4.94776664536540E+06	+0.00000000000000E+00	+4.94776801918030E+06	+4.94774106548310E+06	+4.94779222537995E+06 	0	0	0	0
		B	s3	167	1:45:45 PM	0.0005711436	+6.70087563281322E-11	+1.51565710739905E-14	+6.82685826581804E-02	+2.19126510620117E+01	+4.94776664179885E+06	+0.00000000000000E+00	+4.94776802516937E+06	+4.94774109931946E+06	+4.94779218441010E+06 	0	0	0	0
		B	s3	168	1:45:48 PM	0.0005957044	+6.59921501042504E-11	+1.51629421755932E-14	+6.82398966106727E-02	+2.19058151245117E+01	+4.94776668675504E+06	+0.00000000000000E+00	+4.94776804290772E+06	+4.94774114151001E+06	+4.94779223213196E+06 	0	0	0	0
		B	s3	169	1:45:50 PM	0.0006207823	+6.64170877823557E-11	+1.51668689657838E-14	+6.82222292266628E-02	+2.19048366546631E+01	+4.94776667513926E+06	+0.00000000000000E+00	+4.94776804164887E+06	+4.94774112442017E+06	+4.94779222599030E+06 	0	0	0	0
		B	s3	170	1:45:53 PM	0.0006463773	+6.77937345718420E-11	+1.51884001853420E-14	+6.81255165542358E-02	+2.18963012695312E+01	+4.94776668225353E+06	+0.00000000000000E+00	+4.94776809360504E+06	+4.94774110523224E+06	+4.94779225940705E+06 	0	0	0	0
		B	s3	171	1:45:54 PM	0.0006724893	+6.72848177554951E-11	+1.51786625497061E-14	+6.81692216828282E-02	+2.18884868621826E+01	+4.94776667283136E+06	+0.00000000000000E+00	+4.94776808120728E+06	+4.94774112133026E+06	+4.94779222446442E+06 	0	0	0	0
		B	s3	172	1:45:56 PM	0.0006991184	+6.83603727286444E-11	+1.51702412530769E-14	+6.82070632286021E-02	+2.18815917968750E+01	+4.94776669161886E+06	+0.00000000000000E+00	+4.94776809040070E+06	+4.94774116233826E+06	+4.94779222103119E+06 	0	0	0	0
		B	s3	173	1:45:58 PM	0.0007262645	+6.73047019671238E-11	+1.51918519672267E-14	+6.81100371623197E-02	+2.18834247589111E+01	+4.94776669709275E+06	+0.00000000000000E+00	+4.94776805351258E+06	+4.94774112930298E+06	+4.94779226501465E+06 	0	0	0	0
		B	s3	174	1:46:01 PM	0.0007539278	+6.88043335021992E-11	+1.51805623014584E-14	+6.81606902149131E-02	+2.18928050994873E+01	+4.94776669167592E+06	+0.00000000000000E+00	+4.94776803817749E+06	+4.94774113193512E+06	+4.94779225154877E+06 	0	0	0	0
		B	s3	175	1:46:02 PM	0.0007821081	+6.83684391066014E-11	+1.51766868054150E-14	+6.81780960657355E-02	+2.18839664459229E+01	+4.94776667574965E+06	+0.00000000000000E+00	+4.94776808029175E+06	+4.94774113285065E+06	+4.94779221878052E+06 	0	0	0	0
		B	s3	176	1:46:05 PM	0.0008108055	+6.92798398714269E-11	+1.51815555271080E-14	+6.81562308259241E-02	+2.18946399688721E+01	+4.94776669529987E+06	+0.00000000000000E+00	+4.94776808456421E+06	+4.94774113174439E+06	+4.94779225898743E+06 	0	0	0	0
		B	s3	177	1:46:07 PM	0.0008400199	+6.57743411906331E-11	+1.51992649235155E-14	+6.80768186175579E-02	+2.18884487152100E+01	+4.94776669884742E+06	+0.00000000000000E+00	+4.94776807983399E+06	+4.94774111270905E+06	+4.94779228511811E+06 	0	0	0	0
		B	s3	178	1:46:10 PM	0.0008697514	+6.65216556807842E-11	+1.51966248155707E-14	+6.80886460938953E-02	+2.18820190429687E+01	+4.94776668074674E+06	+0.00000000000000E+00	+4.94776806373596E+06	+4.94774110656739E+06	+4.94779225505829E+06 	0	0	0	0
		B	s3	179	1:46:12 PM	0.0009000000	+6.81354792769233E-11	+1.51894001728170E-14	+6.81210319610040E-02	+2.18904514312744E+01	+4.94776666699477E+06	+0.00000000000000E+00	+4.94776808116913E+06	+4.94774109512329E+06	+4.94779223899841E+06 	0	0	0	0

