	10/07/22	Test #9 (today) Loc 7 Ramp 2 (Tip H10)	Tip H10	Box 5b Xtal 1		DLC	50 uN	2.2%		Points/Segment: 59	
		Seg 	ID Tag	Number	Time	Power	C0	C1	L1	R1	fs	fa	fr	f1	f2	Ch1 (Pk-Pk)	Ch2 (Pk-Pk)	Ch1 (RMS)	Ch2 (RMS)	
						uW	F	F	H	Ohms	Hz	Hz	Hz	Hz	Hz	V	V	V	V	
		B	s1	0	3:11:09 PM	0.0000000400	+7.36971962341301E-11	+1.56441427703143E-14	+6.61408946083834E-02	+2.50520477294922E+01	+4.94776670627950E+06	+0.00000000000000E+00	+4.94776890064240E+06	+4.94773656497955E+06	+4.94779684776306E+06 	0	0	0	0
		B	s1	1	3:11:11 PM	0.0000001262	+1.48496787758754E-10	+1.58403304503375E-14	+6.53216962718184E-02	+2.58607387542725E+01	+4.94776752799495E+06	+0.00000000000000E+00	+4.94776895778656E+06	+4.94773602352143E+06	+4.94779903266907E+06 	0	0	0	0
		B	s1	2	3:11:13 PM	0.0000003847	+3.83226589118455E-11	+1.58978434021509E-14	+6.50853881686812E-02	+2.58579921722412E+01	+4.94776739804658E+06	+0.00000000000000E+00	+4.94776842525482E+06	+4.94773578254700E+06	+4.94779901374817E+06 	0	0	0	0
		B	s1	3	3:11:16 PM	0.0000008155	+6.32272786289370E-11	+1.58196553476793E-14	+6.54070756681308E-02	+2.58372249603272E+01	+4.94776719363717E+06	+0.00000000000000E+00	+4.94776846012116E+06	+4.94773575889588E+06	+4.94779862857819E+06 	0	0	0	0
		B	s1	4	3:11:18 PM	0.0000014187	+8.68205514188376E-11	+1.58550996783965E-14	+6.52608581802611E-02	+2.59459438323975E+01	+4.94776715257066E+06	+0.00000000000000E+00	+4.94776851303101E+06	+4.94773551483154E+06	+4.94779879051209E+06 	0	0	0	0
		B	s1	5	3:11:21 PM	0.0000021943	+1.10497196150157E-10	+1.57619877064704E-14	+6.56463781841685E-02	+2.59827499389648E+01	+4.94776716603745E+06	+0.00000000000000E+00	+4.94776848682404E+06	+4.94773566947937E+06	+4.94779866279602E+06 	0	0	0	0
		B	s1	6	3:11:23 PM	0.0000031421	+6.14120787451713E-11	+1.58408562604722E-14	+6.53195372660641E-02	+2.61126670837402E+01	+4.94776717818524E+06	+0.00000000000000E+00	+4.94776852039337E+06	+4.94773536575318E+06	+4.94779899082184E+06 	0	0	0	0
		B	s1	7	3:11:26 PM	0.0000042624	+1.14291007608162E-10	+1.57743781266438E-14	+6.55948127815538E-02	+2.61530647277832E+01	+4.94776722808202E+06	+0.00000000000000E+00	+4.94776860263825E+06	+4.94773550014496E+06	+4.94779895622254E+06 	0	0	0	0
		B	s1	8	3:11:28 PM	0.0000055549	+1.11443727712149E-10	+1.57617294254391E-14	+6.56474509776200E-02	+2.60895881652832E+01	+4.94776727633859E+06	+0.00000000000000E+00	+4.94776864112854E+06	+4.94773565078736E+06	+4.94779890209198E+06 	0	0	0	0
		B	s1	9	3:11:30 PM	0.0000070198	+1.15917374497111E-10	+1.57798389297260E-14	+6.55721115506044E-02	+2.60874023437500E+01	+4.94776727927570E+06	+0.00000000000000E+00	+4.94776857166290E+06	+4.94773562004090E+06	+4.94779893871308E+06 	0	0	0	0
		B	s1	10	3:11:33 PM	0.0000086571	+1.38799327409826E-10	+1.57961980602222E-14	+6.55042035990572E-02	+2.61080989837646E+01	+4.94776724274960E+06	+0.00000000000000E+00	+4.94776854942322E+06	+4.94773552555084E+06	+4.94779896015167E+06 	0	0	0	0
		B	s1	11	3:11:35 PM	0.0000104666	+1.12956818070499E-10	+1.57834704940050E-14	+6.55570249467303E-02	+2.60882511138916E+01	+4.94776725448011E+06	+0.00000000000000E+00	+4.94776859165192E+06	+4.94773558692932E+06	+4.94779892223358E+06 	0	0	0	0
		B	s1	12	3:11:37 PM	0.0000124486	+6.44396581159985E-11	+1.57966581885393E-14	+6.55022953806236E-02	+2.60503635406494E+01	+4.94776725024592E+06	+0.00000000000000E+00	+4.94776850166321E+06	+4.94773560226441E+06	+4.94779889842987E+06 	0	0	0	0
		B	s1	13	3:11:40 PM	0.0000146028	+9.38746623643184E-11	+1.57852543005475E-14	+6.55496158454238E-02	+2.60394573211670E+01	+4.94776728675281E+06	+0.00000000000000E+00	+4.94776839115143E+06	+4.94773567485809E+06	+4.94779889884949E+06 	0	0	0	0
		B	s1	14	3:11:42 PM	0.0000169294	+6.22533019145797E-11	+1.57421538447671E-14	+6.57290840058170E-02	+2.60372886657715E+01	+4.94776729375334E+06	+0.00000000000000E+00	+4.94776855358124E+06	+4.94773577079773E+06	+4.94779881690979E+06 	0	0	0	0
		B	s1	15	3:11:44 PM	0.0000194284	+6.08721588565711E-11	+1.58026770723716E-14	+6.54773482091460E-02	+2.60899562835693E+01	+4.94776720574709E+06	+0.00000000000000E+00	+4.94776857906342E+06	+4.94773549758911E+06	+4.94779891410828E+06 	0	0	0	0
		B	s1	16	3:11:46 PM	0.0000220997	+6.38285768166115E-11	+1.57324736202667E-14	+6.57695272308050E-02	+2.60421485900879E+01	+4.94776729451637E+06	+0.00000000000000E+00	+4.94776848983765E+06	+4.94773578506470E+06	+4.94779880416870E+06 	0	0	0	0
		B	s1	17	3:11:49 PM	0.0000249433	+1.38202851731628E-10	+1.57500437239026E-14	+6.56961593730778E-02	+2.59668350219727E+01	+4.94776722173230E+06	+0.00000000000000E+00	+4.94776849441528E+06	+4.94773576831818E+06	+4.94779867534638E+06 	0	0	0	0
		B	s1	18	3:11:51 PM	0.0000279593	+1.11439039548360E-10	+1.57718762411323E-14	+6.56052170637627E-02	+2.60600509643555E+01	+4.94776726552403E+06	+0.00000000000000E+00	+4.94776848686218E+06	+4.94773565544129E+06	+4.94779887580872E+06 	0	0	0	0
		B	s1	19	3:11:53 PM	0.0000311476	+1.13190858346279E-10	+1.57787698547603E-14	+6.55765571474596E-02	+2.60244770050049E+01	+4.94776717276985E+06	+0.00000000000000E+00	+4.94776844680786E+06	+4.94773559204102E+06	+4.94779875370026E+06 	0	0	0	0
		B	s1	20	3:11:55 PM	0.0000345083	+5.80211464293309E-11	+1.57536411009139E-14	+6.56811577035588E-02	+2.60189018249512E+01	+4.94776721471281E+06	+0.00000000000000E+00	+4.94776843032837E+06	+4.94773569103241E+06	+4.94779873859406E+06 	0	0	0	0
		B	s1	21	3:11:58 PM	0.0000380413	+1.11032205249902E-10	+1.57882904825716E-14	+6.55370121593275E-02	+2.60456504821777E+01	+4.94776721524622E+06	+0.00000000000000E+00	+4.94776849384308E+06	+4.94773558975220E+06	+4.94779884094238E+06 	0	0	0	0
		B	s1	22	3:11:59 PM	0.0000417466	+9.00939733152509E-11	+1.57924258394365E-14	+6.55198521423737E-02	+2.60148506164551E+01	+4.94776716590330E+06	+0.00000000000000E+00	+4.94776854465485E+06	+4.94773556953430E+06	+4.94779876247406E+06 	0	0	0	0
		B	s1	23	3:12:02 PM	0.0000456243	+6.46854475633650E-11	+1.58035058175987E-14	+6.54739134906574E-02	+2.60053672790527E+01	+4.94776724532522E+06	+0.00000000000000E+00	+4.94776844566345E+06	+4.94773563831329E+06	+4.94779885253906E+06 	0	0	0	0
		B	s1	24	3:12:04 PM	0.0000496743	+6.14391902211701E-11	+1.57952546212766E-14	+6.55081169715078E-02	+2.59241638183594E+01	+4.94776721047870E+06	+0.00000000000000E+00	+4.94776848098755E+06	+4.94773571861267E+06	+4.94779870254517E+06 	0	0	0	0
		B	s1	25	3:12:07 PM	0.0000538967	+1.10952487141556E-10	+1.57681929251547E-14	+6.56205429787003E-02	+2.59628829956055E+01	+4.94776722430702E+06	+0.00000000000000E+00	+4.94776846099854E+06	+4.94773573944092E+06	+4.94779870937348E+06 	0	0	0	0
		B	s1	26	3:12:09 PM	0.0000582914	+1.09984159509972E-10	+1.57440235713750E-14	+6.57212809105943E-02	+2.59464569091797E+01	+4.94776719022313E+06	+0.00000000000000E+00	+4.94776850585938E+06	+4.94773577350617E+06	+4.94779860713959E+06 	0	0	0	0
		B	s1	27	3:12:11 PM	0.0000628584	+6.12260845812738E-11	+1.57658048422755E-14	+6.56304824052285E-02	+2.58982772827148E+01	+4.94776723443557E+06	+0.00000000000000E+00	+4.94776846668244E+06	+4.94773583267212E+06	+4.94779863639832E+06 	0	0	0	0
		B	s1	28	3:12:14 PM	0.0000675978	+6.18863819602438E-11	+1.57762223342132E-14	+6.55871438790883E-02	+2.59542274475098E+01	+4.94776726600163E+06	+0.00000000000000E+00	+4.94776848346710E+06	+4.94773577560425E+06	+4.94779875659943E+06 	0	0	0	0
		B	s1	29	3:12:15 PM	0.0000725095	+1.08146423828429E-10	+1.57733297735126E-14	+6.55991737072469E-02	+2.59268970489502E+01	+4.94776718076247E+06	+0.00000000000000E+00	+4.94776842800141E+06	+4.94773572929383E+06	+4.94779863243103E+06 	0	0	0	0
		B	s1	30	3:12:18 PM	0.0000775936	+1.10229745844910E-10	+1.57585571882933E-14	+6.56606672647639E-02	+2.58914604187012E+01	+4.94776722772185E+06	+0.00000000000000E+00	+4.94776846683502E+06	+4.94773584865570E+06	+4.94779860698700E+06 	0	0	0	0
		B	s1	31	3:12:20 PM	0.0000828500	+8.69810719477290E-11	+1.57707344950147E-14	+6.56099677526229E-02	+2.59128742218018E+01	+4.94776722404035E+06	+0.00000000000000E+00	+4.94776843315125E+06	+4.94773579475403E+06	+4.94779865352631E+06 	0	0	0	0
		B	s1	32	3:12:22 PM	0.0000882787	+5.84213650159623E-11	+1.57904579317478E-14	+6.55280165791638E-02	+2.59085426330566E+01	+4.94776720613013E+06	+0.00000000000000E+00	+4.94776844902039E+06	+4.94773574279785E+06	+4.94779866966248E+06 	0	0	0	0
		B	s1	33	3:12:24 PM	0.0000938798	+1.06823903280296E-10	+1.57636302978862E-14	+6.56395371159719E-02	+2.58629589080811E+01	+4.94776718968947E+06	+0.00000000000000E+00	+4.94776837547302E+06	+4.94773583507538E+06	+4.94779854450226E+06 	0	0	0	0
		B	s1	34	3:12:26 PM	0.0000996533	+5.89966868149339E-11	+1.57657379917179E-14	+6.56307604080085E-02	+2.58893890380859E+01	+4.94776724523123E+06	+0.00000000000000E+00	+4.94776841026306E+06	+4.94773585437775E+06	+4.94779863628388E+06 	0	0	0	0
		B	s1	35	3:12:28 PM	0.0001055990	+1.06517074129621E-10	+1.57597208316545E-14	+6.56558193847343E-02	+2.58609237670898E+01	+4.94776721728887E+06	+0.00000000000000E+00	+4.94776838821411E+06	+4.94773587291718E+06	+4.94779856185913E+06 	0	0	0	0
		B	s1	36	3:12:31 PM	0.0001117172	+1.09177588279189E-10	+1.57796797106196E-14	+6.55727750844773E-02	+2.58580913543701E+01	+4.94776720750394E+06	+0.00000000000000E+00	+4.94776840129853E+06	+4.94773582687378E+06	+4.94779858833313E+06 	0	0	0	0
		B	s1	37	3:12:33 PM	0.0001180076	+1.13568214762993E-10	+1.57760441525837E-14	+6.55878865800020E-02	+2.58749446868896E+01	+4.94776719317967E+06	+0.00000000000000E+00	+4.94776841148377E+06	+4.94773579933167E+06	+4.94779858722687E+06 	0	0	0	0
		B	s1	38	3:12:36 PM	0.0001244704	+1.10191468054724E-10	+1.57618774061931E-14	+6.56468369888468E-02	+2.58518314361572E+01	+4.94776718801111E+06	+0.00000000000000E+00	+4.94776838302612E+06	+4.94773585037232E+06	+4.94779852584839E+06 	0	0	0	0
		B	s1	39	3:12:37 PM	0.0001311055	+5.95692951000940E-11	+1.57672382609300E-14	+6.56245176808381E-02	+2.58341236114502E+01	+4.94776716575242E+06	+0.00000000000000E+00	+4.94776839015961E+06	+4.94773583892822E+06	+4.94779849277496E+06 	0	0	0	0
		B	s1	40	3:12:39 PM	0.0001379130	+1.04487398509733E-10	+1.57623021891593E-14	+6.56450675318457E-02	+2.58445892333984E+01	+4.94776720010375E+06	+0.00000000000000E+00	+4.94776834934235E+06	+4.94773587039948E+06	+4.94779853000641E+06 	0	0	0	0
		B	s1	41	3:12:41 PM	0.0001448928	+1.09588626036053E-10	+1.57887332350468E-14	+6.55351754326871E-02	+2.58484477996826E+01	+4.94776717439233E+06	+0.00000000000000E+00	+4.94776839233399E+06	+4.94773578746796E+06	+4.94779856151581E+06 	0	0	0	0
		B	s1	42	3:12:42 PM	0.0001520450	+8.49433832502867E-11	+1.57833112722666E-14	+6.55576886567365E-02	+2.58526763916016E+01	+4.94776716497006E+06	+0.00000000000000E+00	+4.94776838874817E+06	+4.94773578369141E+06	+4.94779854644776E+06 	0	0	0	0
		B	s1	43	3:12:45 PM	0.0001593695	+5.77265149526414E-11	+1.57767699859081E-14	+6.55848696298469E-02	+2.58619804382324E+01	+4.94776717370573E+06	+0.00000000000000E+00	+4.94776837562561E+06	+4.94773579414368E+06	+4.94779855346680E+06 	0	0	0	0
		B	s1	44	3:12:47 PM	0.0001668664	+1.07099823360282E-10	+1.57903685395545E-14	+6.55283886674475E-02	+2.58293266296387E+01	+4.94776716376853E+06	+0.00000000000000E+00	+4.94776839611054E+06	+4.94773579681397E+06	+4.94779853092194E+06 	0	0	0	0
		B	s1	45	3:12:50 PM	0.0001745355	+8.46104918623481E-11	+1.57740615228554E-14	+6.55961318279712E-02	+2.58519725799561E+01	+4.94776713447168E+06	+0.00000000000000E+00	+4.94776840702057E+06	+4.94773577243805E+06	+4.94779849670410E+06 	0	0	0	0
		B	s1	46	3:12:52 PM	0.0001823771	+5.65861390703878E-11	+1.58202204054802E-14	+6.54047413947857E-02	+2.58092765808105E+01	+4.94776712176849E+06	+0.00000000000000E+00	+4.94776839607239E+06	+4.94773571990967E+06	+4.94779852382660E+06 	0	0	0	0
		B	s1	47	3:12:54 PM	0.0001903909	+1.05891975561082E-10	+1.57922269040559E-14	+6.55206791688692E-02	+2.58241519927979E+01	+4.94776710284783E+06	+0.00000000000000E+00	+4.94776840126038E+06	+4.94773573848725E+06	+4.94779846740723E+06 	0	0	0	0
		B	s1	48	3:12:56 PM	0.0001985772	+5.81693603850151E-11	+1.57774291908883E-14	+6.55821308196524E-02	+2.58320560455322E+01	+4.94776711993780E+06	+0.00000000000000E+00	+4.94776842826843E+06	+4.94773577537537E+06	+4.94779846469879E+06 	0	0	0	0
		B	s1	49	3:12:59 PM	0.0002069357	+1.07031355817312E-10	+1.57952017771120E-14	+6.55083388167572E-02	+2.58293056488037E+01	+4.94776710918015E+06	+0.00000000000000E+00	+4.94776844181061E+06	+4.94773573265076E+06	+4.94779848590851E+06 	0	0	0	0
		B	s1	50	3:13:01 PM	0.0002154666	+1.03936138626729E-10	+1.57732523724880E-14	+6.55994982074863E-02	+2.59125442504883E+01	+4.94776708278208E+06	+0.00000000000000E+00	+4.94776827625275E+06	+4.94773564888001E+06	+4.94779851688385E+06 	0	0	0	0
		B	s1	51	3:13:03 PM	0.0002241698	+1.29342469107435E-10	+1.57776879112294E-14	+6.55810561491729E-02	+2.59642047882080E+01	+4.94776709216578E+06	+0.00000000000000E+00	+4.94776834480286E+06	+4.94773558673859E+06	+4.94779859779358E+06 	0	0	0	0
		B	s1	52	3:13:05 PM	0.0002330454	+1.03310566097899E-10	+1.57753880027282E-14	+6.55906179560966E-02	+2.59520492553711E+01	+4.94776706637855E+06	+0.00000000000000E+00	+4.94776834449768E+06	+4.94773558029175E+06	+4.94779855266571E+06 	0	0	0	0
		B	s1	53	3:13:07 PM	0.0002420933	+1.05547970371333E-10	+1.57900755006164E-14	+6.55296077454715E-02	+2.59664688110352E+01	+4.94776705148186E+06	+0.00000000000000E+00	+4.94776828525543E+06	+4.94773551856995E+06	+4.94779858459473E+06 	0	0	0	0
		B	s1	54	3:13:10 PM	0.0002513136	+1.03738814033932E-10	+1.57852769468674E-14	+6.55495277718175E-02	+2.59485015869141E+01	+4.94776706155286E+06	+0.00000000000000E+00	+4.94776838531494E+06	+4.94773556003571E+06	+4.94779856327057E+06 	0	0	0	0
		B	s1	55	3:13:12 PM	0.0002607062	+1.05638382840115E-10	+1.57743100750541E-14	+6.55950999475494E-02	+2.59938354492188E+01	+4.94776707025016E+06	+0.00000000000000E+00	+4.94776832695008E+06	+4.94773553562164E+06	+4.94779860507965E+06 	0	0	0	0
		B	s1	56	3:13:15 PM	0.0002702711	+5.57107669700523E-11	+1.57986399992548E-14	+6.54940838536946E-02	+2.59879951477051E+01	+4.94776705373225E+06	+0.00000000000000E+00	+4.94776829662323E+06	+4.94773547756195E+06	+4.94779863010407E+06 	0	0	0	0
		B	s1	57	3:13:17 PM	0.0002800084	+1.04934957468195E-10	+1.57925315040469E-14	+6.55194169584714E-02	+2.59670162200928E+01	+4.94776704522572E+06	+0.00000000000000E+00	+4.94776834907532E+06	+4.94773550674439E+06	+4.94779858390808E+06 	0	0	0	0
		B	s1	58	3:13:19 PM	0.0002899180	+1.04336189171147E-10	+1.58006510965367E-14	+6.54857477423279E-02	+2.59749088287354E+01	+4.94776705615466E+06	+0.00000000000000E+00	+4.94776828304291E+06	+4.94773549186707E+06	+4.94779862064362E+06 	0	0	0	0
		B	s1	59	3:13:20 PM	0.0003000000	+1.02898120465405E-10	+1.58152507798082E-14	+6.54252942552211E-02	+2.59933795928955E+01	+4.94776709412964E+06	+0.00000000000000E+00	+4.94776831420899E+06	+4.94773547821045E+06	+4.94779871025086E+06 	0	0	0	0
		T	s2 	60	3:16:41 PM	0.0003000000	+8.10233708491350E-11	+1.58460073749110E-14	+6.52982887445486E-02	+2.63744964599609E+01	+4.94776774199536E+06	+0.00000000000000E+00	+4.94776902286530E+06	+4.94773560012818E+06	+4.94779988407135E+06 	0.472000	0.156000	0.148069	0.028818
		T	s2 	61	3:16:47 PM	0.0002899180	+1.07190362915636E-10	+1.58273478737899E-14	+6.53752677773566E-02	+2.64017028808594E+01	+4.94776788439804E+06	+0.00000000000000E+00	+4.94776916526795E+06	+4.94773574726105E+06	+4.94780002174378E+06 	0.464000	0.122000	0.145544	0.026426
		T	s2 	62	3:16:53 PM	0.0002800084	+8.41705100539097E-11	+1.58501540737628E-14	+6.52812014094773E-02	+2.64084644317627E+01	+4.94776789633769E+06	+0.00000000000000E+00	+4.94776914493561E+06	+4.94773570465088E+06	+4.94780008823395E+06 	0.440000	0.142000	0.143749	0.027107
		T	s2 	63	3:16:59 PM	0.0002702711	+8.58773062621215E-11	+1.58577752425867E-14	+6.52498259832340E-02	+2.64399375915527E+01	+4.94776795706732E+06	+0.00000000000000E+00	+4.94776915130615E+06	+4.94773571151734E+06	+4.94780020282746E+06 	0.464000	0.114000	0.140569	0.026368
		T	s2 	64	3:17:05 PM	0.0002607062	+3.90834194138388E-11	+1.58489177813289E-14	+6.52862910256781E-02	+2.64467487335205E+01	+4.94776799614896E+06	+0.00000000000000E+00	+4.94776915210724E+06	+4.94773576030731E+06	+4.94780023220062E+06 	0.432000	0.142000	0.137557	0.025640
		T	s2 	65	3:17:10 PM	0.0002513136	+6.04189766591000E-11	+1.58411564527192E-14	+6.53182783499446E-02	+2.64255142211914E+01	+4.94776797738092E+06	+0.00000000000000E+00	+4.94776924606324E+06	+4.94773578319550E+06	+4.94780017177582E+06 	0.480000	0.150000	0.135555	0.025357
		T	s2 	66	3:17:15 PM	0.0002420933	+8.44715261050040E-11	+1.58789368938511E-14	+6.51628690150571E-02	+2.64110584259033E+01	+4.94776793351151E+06	+0.00000000000000E+00	+4.94776923412323E+06	+4.94773568019867E+06	+4.94780018703461E+06 	0.448000	0.134000	0.133445	0.026548
		T	s2 	67	3:17:21 PM	0.0002330454	+8.70497670930729E-11	+1.58293912497420E-14	+6.53668262132126E-02	+2.64449043273926E+01	+4.94776797661798E+06	+0.00000000000000E+00	+4.94776916446686E+06	+4.94773578273773E+06	+4.94780017070770E+06 	0.416000	0.118000	0.130136	0.025512
		T	s2 	68	3:17:26 PM	0.0002241698	+8.79202440519054E-11	+1.58098306822804E-14	+6.54476986488144E-02	+2.64845714569092E+01	+4.94776805480015E+06	+0.00000000000000E+00	+4.94776926990509E+06	+4.94773585247040E+06	+4.94780025733948E+06 	0.424000	0.116000	0.127706	0.025346
		T	s2 	69	3:17:32 PM	0.0002154666	+8.54242885153385E-11	+1.58530103805829E-14	+6.52694342604543E-02	+2.64375267028809E+01	+4.94776809142104E+06	+0.00000000000000E+00	+4.94776927597046E+06	+4.94773585849762E+06	+4.94780032455444E+06 	0.416000	0.158000	0.125629	0.025655
		T	s2 	70	3:17:38 PM	0.0002069357	+8.79261829745377E-11	+1.58383544055676E-14	+6.53298317735492E-02	+2.64504661560059E+01	+4.94776806746483E+06	+0.00000000000000E+00	+4.94776921482086E+06	+4.94773584857941E+06	+4.94780028656006E+06 	0.392000	0.128000	0.122652	0.024942
		T	s2 	71	3:17:44 PM	0.0001985772	+4.56749663091008E-11	+1.58272264445000E-14	+6.53757638222059E-02	+2.64816455841064E+01	+4.94776809350004E+06	+0.00000000000000E+00	+4.94776924968720E+06	+4.94773585929871E+06	+4.94780032791138E+06 	0.416000	0.154000	0.121754	0.022809
		T	s2 	72	3:17:49 PM	0.0001903909	+9.04422311861721E-11	+1.58059191743926E-14	+6.54638933837811E-02	+2.64844093322754E+01	+4.94776811820047E+06	+0.00000000000000E+00	+4.94776932655335E+06	+4.94773592403412E+06	+4.94780031257630E+06 	0.392000	0.134000	0.118028	0.022911
		T	s2 	73	3:17:55 PM	0.0001823771	+8.99044642897878E-11	+1.58084771400248E-14	+6.54532997104933E-02	+2.64928779602051E+01	+4.94776815514571E+06	+0.00000000000000E+00	+4.94776932567597E+06	+4.94773594547272E+06	+4.94780036502838E+06 	0.376000	0.102000	0.114838	0.024019
		T	s2 	74	3:18:00 PM	0.0001745355	+9.14578544825267E-11	+1.58154906188746E-14	+6.54242737160292E-02	+2.64659500122070E+01	+4.94776816712398E+06	+0.00000000000000E+00	+4.94776933158875E+06	+4.94773597591400E+06	+4.94780035854340E+06 	0.376000	0.094000	0.112762	0.021847
		T	s2 	75	3:18:05 PM	0.0001668664	+9.21448852304967E-11	+1.58180231718140E-14	+6.54137981404249E-02	+2.64836311340332E+01	+4.94776819691659E+06	+0.00000000000000E+00	+4.94776933601380E+06	+4.94773597904205E+06	+4.94780041500092E+06 	0.360000	0.126000	0.111255	0.021756
		T	s2 	76	3:18:11 PM	0.0001593695	+9.71917212325957E-11	+1.58243800220717E-14	+6.53875186990608E-02	+2.64746685028076E+01	+4.94776826899528E+06	+0.00000000000000E+00	+4.94776935626984E+06	+4.94773604907990E+06	+4.94780048912049E+06 	0.360000	0.116000	0.108667	0.022315
		T	s2 	77	3:18:16 PM	0.0001520450	+9.32212025967448E-11	+1.57798547537648E-14	+6.55720194170723E-02	+2.64824180603027E+01	+4.94776827445083E+06	+0.00000000000000E+00	+4.94776938949585E+06	+4.94773613578797E+06	+4.94780041332245E+06 	0.344000	0.118000	0.105112	0.022167
		T	s2 	78	3:18:22 PM	0.0001448928	+9.44464791939837E-11	+1.58099476375730E-14	+6.54472083722208E-02	+2.63955707550049E+01	+4.94776828621946E+06	+0.00000000000000E+00	+4.94776946540833E+06	+4.94773619186402E+06	+4.94780038078308E+06 	0.376000	0.094000	0.102798	0.020687
		T	s2 	79	3:18:28 PM	0.0001379130	+9.60789574244456E-11	+1.58199462071471E-14	+6.54058429863778E-02	+2.64129219055176E+01	+4.94776833334977E+06	+0.00000000000000E+00	+4.94776940792084E+06	+4.94773619758606E+06	+4.94780046932221E+06 	0.336000	0.128000	0.100396	0.020790
		T	s2 	80	3:18:34 PM	0.0001311055	+5.46599988930805E-11	+1.58168801140535E-14	+6.54185214713636E-02	+2.63642444610596E+01	+4.94776834847547E+06	+0.00000000000000E+00	+4.94776963085175E+06	+4.94773627815247E+06	+4.94780041900635E+06 	0.328000	0.178000	0.098755	0.021330
		T	s2 	81	3:18:39 PM	0.0001244704	+5.63770438938823E-11	+1.58570418343063E-14	+6.52528302103234E-02	+2.63767490386963E+01	+4.94776847495113E+06	+0.00000000000000E+00	+4.94776962688446E+06	+4.94773630794525E+06	+4.94780064216614E+06 	0.344000	0.106000	0.094839	0.019596
		T	s2 	82	3:18:45 PM	0.0001180076	+5.79975507446239E-11	+1.58514683232820E-14	+6.52757729399951E-02	+2.63969593048096E+01	+4.94776850224520E+06	+0.00000000000000E+00	+4.94776966533661E+06	+4.94773632190704E+06	+4.94780068279267E+06 	0.320000	0.156000	0.092767	0.019516
		T	s2 	83	3:18:51 PM	0.0001117172	+7.99473529581094E-11	+1.58461944169158E-14	+6.52974959008220E-02	+2.64367637634277E+01	+4.94776857888223E+06	+0.00000000000000E+00	+4.94776978473663E+06	+4.94773636074066E+06	+4.94780079723358E+06 	0.304000	0.130000	0.090971	0.019877
		T	s2 	84	3:18:56 PM	0.0001055990	+6.34854439163437E-11	+1.58570706683203E-14	+6.52527059475844E-02	+2.64472198486328E+01	+4.94776868760087E+06	+0.00000000000000E+00	+4.94776973922730E+06	+4.94773643459320E+06	+4.94780094081879E+06 	0.296000	0.128000	0.088015	0.020084
		T	s2 	85	3:19:02 PM	0.0000996533	+6.23640727509417E-11	+1.58512260000198E-14	+6.52767668653160E-02	+2.64041671752930E+01	+4.94776865263959E+06	+0.00000000000000E+00	+4.94776977283478E+06	+4.94773646400452E+06	+4.94780084148407E+06 	0.288000	0.100000	0.086542	0.018301
		T	s2 	86	3:19:08 PM	0.0000938798	+1.09869334124204E-10	+1.58152236155350E-14	+6.54253632408186E-02	+2.64516658782959E+01	+4.94776873477012E+06	+0.00000000000000E+00	+4.94776985519409E+06	+4.94773656147003E+06	+4.94780090827942E+06 	0.304000	0.130000	0.082760	0.018758
		T	s2 	87	3:19:13 PM	0.0000882787	+6.65912727954882E-11	+1.58156123148796E-14	+6.54237556437723E-02	+2.64722480773926E+01	+4.94776872122778E+06	+0.00000000000000E+00	+4.94776993930817E+06	+4.94773652210236E+06	+4.94780092056275E+06 	0.280000	0.106000	0.080655	0.018151
		T	s2 	88	3:19:19 PM	0.0000828500	+6.74489799634370E-11	+1.58332720903874E-14	+6.53507817742609E-02	+2.64688320159912E+01	+4.94776883191101E+06	+0.00000000000000E+00	+4.94777001453400E+06	+4.94773660099030E+06	+4.94780106304169E+06 	0.272000	0.160000	0.079316	0.016805
		T	s2 	89	3:19:24 PM	0.0000775936	+9.04571067804866E-11	+1.57989456504989E-14	+6.54927691042141E-02	+2.64862804412842E+01	+4.94776885479951E+06	+0.00000000000000E+00	+4.94777002410889E+06	+4.94773667255402E+06	+4.94780103725434E+06 	0.272000	0.116000	0.075863	0.016769
		T	s2 	90	3:19:29 PM	0.0000725095	+7.35793774537476E-11	+1.58167630198235E-14	+6.54189924892246E-02	+2.64786624908447E+01	+4.94776885092742E+06	+0.00000000000000E+00	+4.94777004261017E+06	+4.94773664165497E+06	+4.94780106040955E+06 	0.264000	0.152000	0.074386	0.018377
		T	s2 	91	3:19:35 PM	0.0000675978	+5.12056065946101E-11	+1.57960461278308E-14	+6.55047872138933E-02	+2.65307216644287E+01	+4.94776899622910E+06	+0.00000000000000E+00	+4.94777023006439E+06	+4.94773676589966E+06	+4.94780122676850E+06 	0.248000	0.096000	0.071846	0.017820
		T	s2 	92	3:19:41 PM	0.0000628584	+7.79584582731171E-11	+1.58032833891375E-14	+6.54747881463309E-02	+2.64979190826416E+01	+4.94776901656160E+06	+0.00000000000000E+00	+4.94777025997162E+06	+4.94773681133270E+06	+4.94780122200012E+06 	0.248000	0.088000	0.067682	0.016704
		T	s2 	93	3:19:46 PM	0.0000582914	+3.03437484753093E-11	+1.58242724240514E-14	+6.53879396192832E-02	+2.65376071929932E+01	+4.94776916512439E+06	+0.00000000000000E+00	+4.94777023654938E+06	+4.94773686882019E+06	+4.94780146163941E+06 	0.256000	0.124000	0.066532	0.016248
		T	s2 	94	3:19:52 PM	0.0000538967	+7.90379048712438E-11	+1.58259990127149E-14	+6.53808054563660E-02	+2.64837818145752E+01	+4.94776918229093E+06	+0.00000000000000E+00	+4.94777032356262E+06	+4.94773694797516E+06	+4.94780141681671E+06 	0.240000	0.110000	0.064205	0.016361
		T	s2 	95	3:19:57 PM	0.0000496743	+8.41999284835016E-11	+1.57703422066650E-14	+6.56115466473243E-02	+2.65191402435303E+01	+4.94776922835386E+06	+0.00000000000000E+00	+4.94777031360626E+06	+4.94773706451416E+06	+4.94780139240265E+06 	0.232000	0.128000	0.060909	0.017195
		T	s2 	96	3:20:03 PM	0.0000456243	+8.70175147278631E-11	+1.58205402289006E-14	+6.54033587310025E-02	+2.65382843017578E+01	+4.94776940869286E+06	+0.00000000000000E+00	+4.94777049842835E+06	+4.94773711917877E+06	+4.94780169841767E+06 	0.216000	0.122000	0.058549	0.016744
		T	s2 	97	3:20:09 PM	0.0000417466	+9.28572829576131E-11	+1.58300788043634E-14	+6.53639490961728E-02	+2.65350303649902E+01	+4.94776941527311E+06	+0.00000000000000E+00	+4.94777060951233E+06	+4.94773711025238E+06	+4.94780172050476E+06 	0.208000	0.078000	0.058745	0.015218
		T	s2 	98	3:20:15 PM	0.0000380413	+9.80764482907849E-11	+1.58582275655394E-14	+6.52479218296491E-02	+2.66005439758301E+01	+4.94776958886001E+06	+0.00000000000000E+00	+4.94777062850952E+06	+4.94773714649201E+06	+4.94780203144074E+06 	0.216000	0.086000	0.054275	0.016601
		T	s2 	99	3:20:20 PM	0.0000345083	+1.01769210217746E-10	+1.58379473412585E-14	+6.53314690966631E-02	+2.66117115020752E+01	+4.94776964928500E+06	+0.00000000000000E+00	+4.94777080139160E+06	+4.94773723480225E+06	+4.94780206398010E+06 	0.216000	0.078000	0.051069	0.014392
		T	s2 	100	3:20:26 PM	0.0000311476	+1.48315747121911E-10	+1.57845788452034E-14	+6.55523568905489E-02	+2.65579071044922E+01	+4.94776970057474E+06	+0.00000000000000E+00	+4.94777082744599E+06	+4.94773746063233E+06	+4.94780194072724E+06 	0.232000	0.132000	0.049333	0.015676
		T	s2 	101	3:20:32 PM	0.0000279593	+5.85871930215795E-11	+1.58112141486709E-14	+6.54419274119665E-02	+2.65865440368652E+01	+4.94776974173474E+06	+0.00000000000000E+00	+4.94777095565796E+06	+4.94773741256714E+06	+4.94780207111359E+06 	0.200000	0.114000	0.047313	0.014391
		T	s2 	102	3:20:38 PM	0.0000249433	+8.81339251195493E-11	+1.58115838216070E-14	+6.54403961443432E-02	+2.65450153350830E+01	+4.94776978873214E+06	+0.00000000000000E+00	+4.94777111240387E+06	+4.94773750930786E+06	+4.94780206836701E+06 	0.184000	0.140000	0.044077	0.016127
		T	s2 	103	3:20:44 PM	0.0000220997	+1.12102187413394E-10	+1.58004868768311E-14	+6.54863532255415E-02	+2.65885982513428E+01	+4.94776989441813E+06	+0.00000000000000E+00	+4.94777114501953E+06	+4.94773758468628E+06	+4.94780220436096E+06 	0.216000	0.080000	0.041304	0.013342
		T	s2 	104	3:20:49 PM	0.0000194284	+4.78300793650897E-11	+1.58742593360230E-14	+6.51820150969284E-02	+2.66102485656738E+01	+4.94777002127472E+06	+0.00000000000000E+00	+4.94777120285034E+06	+4.94773753425598E+06	+4.94780250850678E+06 	0.184000	0.072000	0.040638	0.012792
		T	s2 	105	3:20:55 PM	0.0000169294	+1.14029484051320E-10	+1.58677529582426E-14	+6.52087400905083E-02	+2.65971832275391E+01	+4.94777010069691E+06	+0.00000000000000E+00	+4.94777124073029E+06	+4.94773764293671E+06	+4.94780255867005E+06 	0.184000	0.064000	0.037499	0.013857
		T	s2 	106	3:21:01 PM	0.0000146028	+4.93223202184226E-11	+1.58229859333058E-14	+6.53932300727855E-02	+2.65507259368897E+01	+4.94777014588297E+06	+0.00000000000000E+00	+4.94777146091461E+06	+4.94773783622742E+06	+4.94780245574951E+06 	0.160000	0.112000	0.035785	0.014847
		T	s2 	107	3:21:07 PM	0.0000124486	+3.00018817782920E-11	+1.58652502967689E-14	+6.52190237646653E-02	+2.65924205780029E+01	+4.94777020191998E+06	+0.00000000000000E+00	+4.94777155838013E+06	+4.94773775508881E+06	+4.94780264896393E+06 	0.136000	0.080000	0.034730	0.014179
		T	s2 	108	3:21:13 PM	0.0000104666	+1.03275328066751E-10	+1.58440433158384E-14	+6.53063157368075E-02	+2.65810699462891E+01	+4.94777029948124E+06	+0.00000000000000E+00	+4.94777150630951E+06	+4.94773790985108E+06	+4.94780268932343E+06 	0.136000	0.080000	0.029856	0.015179
		T	s2 	109	3:21:19 PM	0.0000086571	+8.36491709651826E-11	+1.58576414070633E-14	+6.52503124780492E-02	+2.66164855957031E+01	+4.94777039118609E+06	+0.00000000000000E+00	+4.94777165203095E+06	+4.94773793056488E+06	+4.94780285202027E+06 	0.128000	0.110000	0.028385	0.015532
		T	s2 	110	3:21:24 PM	0.0000070198	+1.09570697014154E-10	+1.58461814507072E-14	+6.52974980499782E-02	+2.66490364074707E+01	+4.94777052172493E+06	+0.00000000000000E+00	+4.94777167858124E+06	+4.94773804489136E+06	+4.94780299877167E+06 	0.120000	0.104000	0.027445	0.013779
		T	s2 	111	3:21:30 PM	0.0000055549	+8.53708775563208E-11	+1.58667722050766E-14	+6.52127610635044E-02	+2.66588287353516E+01	+4.94777046845232E+06	+0.00000000000000E+00	+4.94777173103333E+06	+4.94773793746948E+06	+4.94780299964905E+06 	0.128000	0.080000	0.023613	0.012847
		T	s2 	112	3:21:36 PM	0.0000042624	+8.65307698868671E-11	+1.59050095320379E-14	+6.50559812842038E-02	+2.66596508026123E+01	+4.94777052157146E+06	+0.00000000000000E+00	+4.94777172859192E+06	+4.94773791118622E+06	+4.94780313217163E+06 	0.112000	0.082000	0.022351	0.013126
		T	s2 	113	3:21:41 PM	0.0000031421	+1.08860366278063E-10	+1.59626289926107E-14	+6.48211520873342E-02	+2.66012039184570E+01	+4.94777052347850E+06	+0.00000000000000E+00	+4.94777178001404E+06	+4.94773786670685E+06	+4.94780318046570E+06 	0.112000	0.062000	0.020427	0.011304
		T	s2 	114	3:21:47 PM	0.0000021943	+8.55489705889550E-11	+1.58746129177094E-14	+6.51805531242664E-02	+2.66796417236328E+01	+4.94777040640600E+06	+0.00000000000000E+00	+4.94777175289154E+06	+4.94773783393860E+06	+4.94780297908783E+06 	0.096000	0.104000	0.022349	0.012066
		T	s2 	115	3:21:53 PM	0.0000014187	+3.58156750733463E-11	+1.59052337292654E-14	+6.50550634731289E-02	+2.65088520050049E+01	+4.94777055176600E+06	+0.00000000000000E+00	+4.94777172092438E+06	+4.94773812538147E+06	+4.94780297836304E+06 	0.096000	0.090000	0.015964	0.011291
		T	s2 	116	3:21:59 PM	0.0000008155	+6.22637844210796E-11	+1.59181247847459E-14	+6.50023812780360E-02	+2.64986648559570E+01	+4.94777048798417E+06	+0.00000000000000E+00	+4.94777188117981E+06	+4.94773804779053E+06	+4.94780292839051E+06 	0.096000	0.138000	0.024096	0.012852
		T	s2 	117	3:22:05 PM	0.0000003847	+1.05926469767474E-10	+1.58634701379250E-14	+6.52263291372619E-02	+2.64485359191895E+01	+4.94777070797889E+06	+0.00000000000000E+00	+4.94777157070160E+06	+4.94773844032288E+06	+4.94780297584534E+06 	0.096000	0.124000	0.017414	0.013085
		T	s2 	118	3:22:11 PM	0.0000001262	+7.81127961150806E-11	+1.59058638660755E-14	+6.50524807058764E-02	+2.64780654907227E+01	+4.94777076109775E+06	+0.00000000000000E+00	+4.94777163322449E+06	+4.94773837108612E+06	+4.94780315132141E+06 	0.096000	0.082000	0.015191	0.014160
		T	s2 	119	3:22:16 PM	0.0000000400	-3.36931623789229E-12	+1.57849787267420E-14	+6.55506860874085E-02	+2.61719532012939E+01	+4.94777008410743E+06	+0.00000000000000E+00	+4.94777122596741E+06	+4.94773831188202E+06	+4.94780185653687E+06 	0.112000	0.072000	0.016257	0.014579
		B	s3	120	3:23:29 PM	0.0000000400	+1.52602854081511E-10	+1.58048691550701E-14	+6.54682541662845E-02	+2.59908485412598E+01	+4.94776768008637E+06	+0.00000000000000E+00	+4.94776882083893E+06	+4.94773608798981E+06	+4.94779927238464E+06 	0	0	0	0
		B	s3	121	3:23:31 PM	0.0000001262	+4.69877788561267E-11	+1.59060326721732E-14	+6.50518674739283E-02	+2.59985980987549E+01	+4.94776782708437E+06	+0.00000000000000E+00	+4.94776880031586E+06	+4.94773602329254E+06	+4.94779963108063E+06 	0	0	0	0
		B	s3	122	3:23:33 PM	0.0000003847	+9.03778771055615E-11	+1.58247746013137E-14	+6.53859073454138E-02	+2.61952114105225E+01	+4.94776754874449E+06	+0.00000000000000E+00	+4.94776857658386E+06	+4.94773566814423E+06	+4.94779942955017E+06 	0	0	0	0
		B	s3	123	3:23:35 PM	0.0000008155	+1.36742800223016E-10	+1.58713885297100E-14	+6.51938698565936E-02	+2.62598476409912E+01	+4.94776756690133E+06	+0.00000000000000E+00	+4.94776888614655E+06	+4.94773551349640E+06	+4.94779962051392E+06 	0	0	0	0
		B	s3	124	3:23:38 PM	0.0000014187	+1.14683211967569E-10	+1.58157066175034E-14	+6.54234003144618E-02	+2.63140087127686E+01	+4.94776740660805E+06	+0.00000000000000E+00	+4.94776864139557E+06	+4.94773539978028E+06	+4.94779941364289E+06 	0	0	0	0
		B	s3	125	3:23:40 PM	0.0000021943	+1.16191165282445E-10	+1.58435002770129E-14	+6.53086319206179E-02	+2.63196449279785E+01	+4.94776735249616E+06	+0.00000000000000E+00	+4.94776859611511E+06	+4.94773528255463E+06	+4.94779942264557E+06 	0	0	0	0
		B	s3	126	3:23:43 PM	0.0000031421	+9.61953235940940E-11	+1.58515801718028E-14	+6.52753402890135E-02	+2.64351940155029E+01	+4.94776744357104E+06	+0.00000000000000E+00	+4.94776859939575E+06	+4.94773521640778E+06	+4.94779967094422E+06 	0	0	0	0
		B	s3	127	3:23:44 PM	0.0000042624	+2.32716989669030E-11	+1.58804154187106E-14	+6.51568130499796E-02	+2.64568138122559E+01	+4.94776751826226E+06	+0.00000000000000E+00	+4.94776871299744E+06	+4.94773520606995E+06	+4.94779983066559E+06 	0	0	0	0
		B	s3	128	3:23:47 PM	0.0000055549	+7.17505590165977E-11	+1.58125457077626E-14	+6.54364754650915E-02	+2.64329147338867E+01	+4.94776751669932E+06	+0.00000000000000E+00	+4.94776876258850E+06	+4.94773537166596E+06	+4.94779966194153E+06 	0	0	0	0
		B	s3	129	3:23:49 PM	0.0000070198	+6.84904759877847E-11	+1.58437207092241E-14	+6.53077191941174E-02	+2.64150123596191E+01	+4.94776750756285E+06	+0.00000000000000E+00	+4.94776876739502E+06	+4.94773532096863E+06	+4.94779969436646E+06 	0	0	0	0
		B	s3	130	3:23:51 PM	0.0000086571	+7.19244863810083E-11	+1.58207511478337E-14	+6.54025357925814E-02	+2.64355392456055E+01	+4.94776755503690E+06	+0.00000000000000E+00	+4.94776886863709E+06	+4.94773539012909E+06	+4.94779972015381E+06 	0	0	0	0
		B	s3	131	3:23:54 PM	0.0000104666	+1.22026977611566E-10	+1.58482504408394E-14	+6.52890528046285E-02	+2.64059600830078E+01	+4.94776751515411E+06	+0.00000000000000E+00	+4.94776883369446E+06	+4.94773533039093E+06	+4.94779970012665E+06 	0	0	0	0
		B	s3	132	3:23:56 PM	0.0000124486	+1.45896069733640E-10	+1.58321449353307E-14	+6.53554686552878E-02	+2.64530448913574E+01	+4.94776753386504E+06	+0.00000000000000E+00	+4.94776878166199E+06	+4.94773532447815E+06	+4.94779974346161E+06 	0	0	0	0
		B	s3	133	3:23:58 PM	0.0000146028	+9.30029060617302E-11	+1.58502779403327E-14	+6.52807008457938E-02	+2.63952751159668E+01	+4.94776753272085E+06	+0.00000000000000E+00	+4.94776878448486E+06	+4.94773535686493E+06	+4.94779970878601E+06 	0	0	0	0
		B	s3	134	3:24:00 PM	0.0000169294	+7.12570412332087E-11	+1.58264387695672E-14	+6.53790341256691E-02	+2.64375419616699E+01	+4.94776746611622E+06	+0.00000000000000E+00	+4.94776874469757E+06	+4.94773528720856E+06	+4.94779964523316E+06 	0	0	0	0
		B	s3	135	3:24:03 PM	0.0000194284	+9.56456928222283E-11	+1.58342984798119E-14	+6.53465807879046E-02	+2.63531227111816E+01	+4.94776750334822E+06	+0.00000000000000E+00	+4.94776870761872E+06	+4.94773541126251E+06	+4.94779959564209E+06 	0	0	0	0
		B	s3	136	3:24:05 PM	0.0000220997	+9.50653731818556E-11	+1.57993429721368E-14	+6.54911603643623E-02	+2.62842502593994E+01	+4.94776740912620E+06	+0.00000000000000E+00	+4.94776875709534E+06	+4.94773547157288E+06	+4.94779934688568E+06 	0	0	0	0
		B	s3	137	3:24:07 PM	0.0000249433	+1.14072984131908E-10	+1.58361857052571E-14	+6.53387948177994E-02	+2.63389263153076E+01	+4.94776744677635E+06	+0.00000000000000E+00	+4.94776878784180E+06	+4.94773536815644E+06	+4.94779952560425E+06 	0	0	0	0
		B	s3	138	3:24:10 PM	0.0000279593	+1.62829117103671E-10	+1.58181705425700E-14	+6.54132092600629E-02	+2.63411884307861E+01	+4.94776741971129E+06	+0.00000000000000E+00	+4.94776872848511E+06	+4.94773537483216E+06	+4.94779946479798E+06 	0	0	0	0
		B	s3	139	3:24:12 PM	0.0000311476	+1.36873000063396E-10	+1.58331435339933E-14	+6.53513485970469E-02	+2.62917327880859E+01	+4.94776746115817E+06	+0.00000000000000E+00	+4.94776863830567E+06	+4.94773544616699E+06	+4.94779947635651E+06 	0	0	0	0
		B	s3	140	3:24:15 PM	0.0000345083	+1.13431788266361E-10	+1.58337585717563E-14	+6.53488104947108E-02	+2.63042602539062E+01	+4.94776744717720E+06	+0.00000000000000E+00	+4.94776869983673E+06	+4.94773541568756E+06	+4.94779947887421E+06 	0	0	0	0
		B	s3	141	3:24:17 PM	0.0000380413	+1.15139320434009E-10	+1.58045922433357E-14	+6.54694082870436E-02	+2.63417091369629E+01	+4.94776741355073E+06	+0.00000000000000E+00	+4.94776874847412E+06	+4.94773539554596E+06	+4.94779943176270E+06 	0	0	0	0
		B	s3	142	3:24:20 PM	0.0000417466	+1.36021779617118E-10	+1.58226263802955E-14	+6.53947895057396E-02	+2.63225326538086E+01	+4.94776736769798E+06	+0.00000000000000E+00	+4.94776868244171E+06	+4.94773533649445E+06	+4.94779939910889E+06 	0	0	0	0
		B	s3	143	3:24:22 PM	0.0000456243	+6.38763200426469E-11	+1.58119486644107E-14	+6.54389477808303E-02	+2.62749176025391E+01	+4.94776745999510E+06	+0.00000000000000E+00	+4.94776860248566E+06	+4.94773550830841E+06	+4.94779941188812E+06 	0	0	0	0
		B	s3	144	3:24:24 PM	0.0000496743	+9.19649941479631E-11	+1.58299341899547E-14	+6.53645974825664E-02	+2.63137168884277E+01	+4.94776747544408E+06	+0.00000000000000E+00	+4.94776863761902E+06	+4.94773544017792E+06	+4.94779951091767E+06 	0	0	0	0
		B	s3	145	3:24:27 PM	0.0000538967	+9.41558139076117E-11	+1.58779037328248E-14	+6.51671218384598E-02	+2.62834835052490E+01	+4.94776745011410E+06	+0.00000000000000E+00	+4.94776869422913E+06	+4.94773535469055E+06	+4.94779954574585E+06 	0	0	0	0
		B	s3	146	3:24:29 PM	0.0000582914	+6.85892857681611E-11	+1.58411620136523E-14	+6.53182701587268E-02	+2.63141670227051E+01	+4.94776741917715E+06	+0.00000000000000E+00	+4.94776871963501E+06	+4.94773536064148E+06	+4.94779947792053E+06 	0	0	0	0
		B	s3	147	3:24:32 PM	0.0000628584	+6.79047253779641E-11	+1.58371378748219E-14	+6.53348662321194E-02	+2.62437286376953E+01	+4.94776745619939E+06	+0.00000000000000E+00	+4.94776875049591E+06	+4.94773549160004E+06	+4.94779942100525E+06 	0	0	0	0
		B	s3	148	3:24:34 PM	0.0000675978	+6.81277769540888E-11	+1.58162489919639E-14	+6.54211559290271E-02	+2.62851791381836E+01	+4.94776743954819E+06	+0.00000000000000E+00	+4.94776880973816E+06	+4.94773546669007E+06	+4.94779941261292E+06 	0	0	0	0
		B	s3	149	3:24:36 PM	0.0000725095	+9.25954717579102E-11	+1.58204201618549E-14	+6.54039050628711E-02	+2.62514572143555E+01	+4.94776751891317E+06	+0.00000000000000E+00	+4.94776866138458E+06	+4.94773557865143E+06	+4.94779945938111E+06 	0	0	0	0
		B	s3	150	3:24:38 PM	0.0000775936	+6.52022550248063E-11	+1.58225724000731E-14	+6.53950091712626E-02	+2.62572441101074E+01	+4.94776749764616E+06	+0.00000000000000E+00	+4.94776863609314E+06	+4.94773554599762E+06	+4.94779944950104E+06 	0	0	0	0
		B	s3	151	3:24:40 PM	0.0000828500	+1.13788145239422E-10	+1.58493210662254E-14	+6.52846449709470E-02	+2.62443828582764E+01	+4.94776742203861E+06	+0.00000000000000E+00	+4.94776864212036E+06	+4.94773543205261E+06	+4.94779941223145E+06 	0	0	0	0
		B	s3	152	3:24:42 PM	0.0000882787	+1.13932931488686E-10	+1.58323037903335E-14	+6.53548156820088E-02	+2.62344169616699E+01	+4.94776742873371E+06	+0.00000000000000E+00	+4.94776867290497E+06	+4.94773548522949E+06	+4.94779937244416E+06 	0	0	0	0
		B	s3	153	3:24:44 PM	0.0000938798	+1.13592700063289E-10	+1.58499212826057E-14	+6.52821727148179E-02	+2.61923637390137E+01	+4.94776742240141E+06	+0.00000000000000E+00	+4.94776865032196E+06	+4.94773549461365E+06	+4.94779935039520E+06 	0	0	0	0
		B	s3	154	3:24:46 PM	0.0000996533	+1.16075877476686E-10	+1.58196338466855E-14	+6.54071576413269E-02	+2.62468681335449E+01	+4.94776745551295E+06	+0.00000000000000E+00	+4.94776864456177E+06	+4.94773552242279E+06	+4.94779938880921E+06 	0	0	0	0
		B	s3	155	3:24:47 PM	0.0001055990	+9.25312579426653E-11	+1.58572592123113E-14	+6.52519621629092E-02	+2.62200775146484E+01	+4.94776747155347E+06	+0.00000000000000E+00	+4.94776864208222E+06	+4.94773549518585E+06	+4.94779944812775E+06 	0	0	0	0
		B	s3	156	3:24:49 PM	0.0001117172	+6.50661872064676E-11	+1.58465355908983E-14	+6.52961202815111E-02	+2.62034530639648E+01	+4.94776743363565E+06	+0.00000000000000E+00	+4.94776866920471E+06	+4.94773549915314E+06	+4.94779936832428E+06 	0	0	0	0
		B	s3	157	3:24:51 PM	0.0001180076	+6.67855448481689E-11	+1.58655708083375E-14	+6.52177799527889E-02	+2.62241153717041E+01	+4.94776740538741E+06	+0.00000000000000E+00	+4.94776864086151E+06	+4.94773540733338E+06	+4.94779940364838E+06 	0	0	0	0
		B	s3	158	3:24:54 PM	0.0001244704	+6.56302037948820E-11	+1.58113395499208E-14	+6.54414688478321E-02	+2.61804847717285E+01	+4.94776745608578E+06	+0.00000000000000E+00	+4.94776863426209E+06	+4.94773562046051E+06	+4.94779929191590E+06 	0	0	0	0
		B	s3	159	3:24:56 PM	0.0001311055	+1.15684666002327E-10	+1.58529590695053E-14	+6.52696633167409E-02	+2.61734371185303E+01	+4.94776741677484E+06	+0.00000000000000E+00	+4.94776870826721E+06	+4.94773550594330E+06	+4.94779932781220E+06 	0	0	0	0
		B	s3	160	3:24:59 PM	0.0001379130	+1.14434465021160E-10	+1.58396625159058E-14	+6.53244548713474E-02	+2.61801586151123E+01	+4.94776737336371E+06	+0.00000000000000E+00	+4.94776867763520E+06	+4.94773548110962E+06	+4.94779926582337E+06 	0	0	0	0
		B	s3	161	3:25:01 PM	0.0001448928	+6.54292092895251E-11	+1.58482650793871E-14	+6.52889947708482E-02	+2.61787948608398E+01	+4.94776742907726E+06	+0.00000000000000E+00	+4.94776870803833E+06	+4.94773552116394E+06	+4.94779933719635E+06 	0	0	0	0
		B	s3	162	3:25:03 PM	0.0001520450	+1.15049814537893E-10	+1.58447165589496E-14	+6.53036178886317E-02	+2.61391258239746E+01	+4.94776738168000E+06	+0.00000000000000E+00	+4.94776862613678E+06	+4.94773552925110E+06	+4.94779923431397E+06 	0	0	0	0
		B	s3	163	3:25:06 PM	0.0001593695	+1.12504218769522E-10	+1.58516273645565E-14	+6.52751472072782E-02	+2.61632919311523E+01	+4.94776739608021E+06	+0.00000000000000E+00	+4.94776872749329E+06	+4.94773550029755E+06	+4.94779929206848E+06 	0	0	0	0
		B	s3	164	3:25:08 PM	0.0001668664	+9.06457781843534E-11	+1.58558308566511E-14	+6.52578423124421E-02	+2.61476593017578E+01	+4.94776739588954E+06	+0.00000000000000E+00	+4.94776859912873E+06	+4.94773551071167E+06	+4.94779928127289E+06 	0	0	0	0
		B	s3	165	3:25:10 PM	0.0001745355	+6.59667289313878E-11	+1.58485730546417E-14	+6.52877270298161E-02	+2.61662998199463E+01	+4.94776739199850E+06	+0.00000000000000E+00	+4.94776861072540E+06	+4.94773549869537E+06	+4.94779928550720E+06 	0	0	0	0
		B	s3	166	3:25:12 PM	0.0001823771	+6.50096799051895E-11	+1.58470343626430E-14	+6.52940666244604E-02	+2.61752414703369E+01	+4.94776737748352E+06	+0.00000000000000E+00	+4.94776857990265E+06	+4.94773547637940E+06	+4.94779927879334E+06 	0	0	0	0
		B	s3	167	3:25:15 PM	0.0001903909	+6.57961044069734E-11	+1.58687537321953E-14	+6.52047001321893E-02	+2.61418228149414E+01	+4.94776735093321E+06	+0.00000000000000E+00	+4.94776861717224E+06	+4.94773544689179E+06	+4.94779925518036E+06 	0	0	0	0
		B	s3	168	3:25:17 PM	0.0001985772	+6.75605931516691E-11	+1.58717831653864E-14	+6.51922544110279E-02	+2.61821784973145E+01	+4.94776735692193E+06	+0.00000000000000E+00	+4.94776862102509E+06	+4.94773539752960E+06	+4.94779931652069E+06 	0	0	0	0
		B	s3	169	3:25:19 PM	0.0002069357	+6.49648107804920E-11	+1.58581703220550E-14	+6.52482162451218E-02	+2.61631164550781E+01	+4.94776735608302E+06	+0.00000000000000E+00	+4.94776857059479E+06	+4.94773544734955E+06	+4.94779926502228E+06 	0	0	0	0
		B	s3	170	3:25:20 PM	0.0002154666	+1.12843118280751E-10	+1.58632336137367E-14	+6.52273902280304E-02	+2.61527957916260E+01	+4.94776734944547E+06	+0.00000000000000E+00	+4.94776863857269E+06	+4.94773544311524E+06	+4.94779925598145E+06 	0	0	0	0
		B	s3	171	3:25:22 PM	0.0002241698	+6.09319009213394E-11	+1.58573508649961E-14	+6.52515889718630E-02	+2.62699279785156E+01	+4.94776732165455E+06	+0.00000000000000E+00	+4.94776853401184E+06	+4.94773528430939E+06	+4.94779935920716E+06 	0	0	0	0
		B	s3	172	3:25:25 PM	0.0002330454	+1.09039629917860E-10	+1.58406326568639E-14	+6.53204557190451E-02	+2.62900600433350E+01	+4.94776731400614E+06	+0.00000000000000E+00	+4.94776859981537E+06	+4.94773528591156E+06	+4.94779934230805E+06 	0	0	0	0
		B	s3	173	3:25:26 PM	0.0002420933	+6.24469526671751E-11	+1.58454310926728E-14	+6.53006739604213E-02	+2.62721595764160E+01	+4.94776734862460E+06	+0.00000000000000E+00	+4.94776852394104E+06	+4.94773533264160E+06	+4.94779936481476E+06 	0	0	0	0
		B	s3	174	3:25:29 PM	0.0002513136	+6.15139786061840E-11	+1.58635376389104E-14	+6.52261407325589E-02	+2.62874011993408E+01	+4.94776732709027E+06	+0.00000000000000E+00	+4.94776851734162E+06	+4.94773525592804E+06	+4.94779939846039E+06 	0	0	0	0
		B	s3	175	3:25:31 PM	0.0002607062	+6.20789166457465E-11	+1.58447619641097E-14	+6.53034320604721E-02	+2.62703266143799E+01	+4.94776733214513E+06	+0.00000000000000E+00	+4.94776855686188E+06	+4.94773531974793E+06	+4.94779934474945E+06 	0	0	0	0
		B	s3	176	3:25:33 PM	0.0002702711	+1.09991698067268E-10	+1.58616248954951E-14	+6.52340059619748E-02	+2.62708702087402E+01	+4.94776734036558E+06	+0.00000000000000E+00	+4.94776852535248E+06	+4.94773529323578E+06	+4.94779938770294E+06 	0	0	0	0
		B	s3	177	3:25:35 PM	0.0002800084	+1.10913180003036E-10	+1.58491327711213E-14	+6.52854229678985E-02	+2.62651004791260E+01	+4.94776733166827E+06	+0.00000000000000E+00	+4.94776862258911E+06	+4.94773531681061E+06	+4.94779934673309E+06 	0	0	0	0
		B	s3	178	3:25:38 PM	0.0002899180	+6.13905560872438E-11	+1.58519606375887E-14	+6.52737770560276E-02	+2.62877159118652E+01	+4.94776731272809E+06	+0.00000000000000E+00	+4.94776856750488E+06	+4.94773526458740E+06	+4.94779936107636E+06 	0	0	0	0
		B	s3	179	3:25:40 PM	0.0003000000	+6.31436944794863E-11	+1.58688902844841E-14	+6.52041397239542E-02	+2.63073062896729E+01	+4.94776732512548E+06	+0.00000000000000E+00	+4.94776857486725E+06	+4.94773521884918E+06	+4.94779943161011E+06 	0	0	0	0

