	10/07/22	Test #3 (today) Loc 7 Ramp 2 (Tip H10)	Tip H10	Box 5b Xtal 1		DLC	300 uN	2.2%		Points/Segment: 59	
		Seg 	ID Tag	Number	Time	Power	C0	C1	L1	R1	fs	fa	fr	f1	f2	Ch1 (Pk-Pk)	Ch2 (Pk-Pk)	Ch1 (RMS)	Ch2 (RMS)	
						uW	F	F	H	Ohms	Hz	Hz	Hz	Hz	Hz	V	V	V	V	
		B	s1	0	10:51:20 AM	0.0000000400	+6.81539160131219E-11	+1.51803276305672E-14	+6.81617698680728E-02	+2.22825355529785E+01	+4.94776574929074E+06	+0.00000000000000E+00	+4.94776716884613E+06	+4.94773973495484E+06	+4.94779176376343E+06 	0	0	0	0
		B	s1	1	10:51:21 AM	0.0000003560	+2.46994648982596E-11	+1.52605150588874E-14	+6.78036013095122E-02	+2.29907951354980E+01	+4.94776603534970E+06	+0.00000000000000E+00	+4.94776736450195E+06	+4.94773905235291E+06	+4.94779301849365E+06 	0	0	0	0
		B	s1	2	10:51:24 AM	0.0000013040	+1.59538223758129E-10	+1.52290836064323E-14	+6.79435370085880E-02	+2.32011108398438E+01	+4.94776621038604E+06	+0.00000000000000E+00	+4.94776766845703E+06	+4.94773903663635E+06	+4.94779338428498E+06 	0	0	0	0
		B	s1	3	10:51:26 AM	0.0000028839	+3.22844134227634E-11	+1.52631096393589E-14	+6.77920690301224E-02	+2.30554218292236E+01	+4.94776626617659E+06	+0.00000000000000E+00	+4.94776756515503E+06	+4.94773920272827E+06	+4.94779332977295E+06 	0	0	0	0
		B	s1	4	10:51:28 AM	0.0000050958	+3.42383750415687E-11	+1.52733406370923E-14	+6.77466580206693E-02	+2.30687026977539E+01	+4.94776625974865E+06	+0.00000000000000E+00	+4.94776763229370E+06	+4.94773916255951E+06	+4.94779335708618E+06 	0	0	0	0
		B	s1	5	10:51:31 AM	0.0000079397	+1.04928173294936E-10	+1.52434109301594E-14	+6.78796748287367E-02	+2.31095714569092E+01	+4.94776627828810E+06	+0.00000000000000E+00	+4.94776766048432E+06	+4.94773918628693E+06	+4.94779337043762E+06 	0	0	0	0
		B	s1	6	10:51:33 AM	0.0000114156	+3.86903594553607E-11	+1.52727228338195E-14	+6.77493982354575E-02	+2.30366554260254E+01	+4.94776626827471E+06	+0.00000000000000E+00	+4.94776752311707E+06	+4.94773920982361E+06	+4.94779332687378E+06 	0	0	0	0
		B	s1	7	10:51:35 AM	0.0000155235	+3.70267383651416E-11	+1.52389819247782E-14	+6.78994031925085E-02	+2.30760250091553E+01	+4.94776627653360E+06	+0.00000000000000E+00	+4.94776749229431E+06	+4.94773923171997E+06	+4.94779332149506E+06 	0	0	0	0
		B	s1	8	10:51:38 AM	0.0000202633	+9.67023922490055E-11	+1.52695081780859E-14	+6.77636630270718E-02	+2.30072841644287E+01	+4.94776620764031E+06	+0.00000000000000E+00	+4.94776757434845E+06	+4.94773918937683E+06	+4.94779322605133E+06 	0	0	0	0
		B	s1	9	10:51:40 AM	0.0000256352	+1.64576673190094E-10	+1.52010582947318E-14	+6.80687990831817E-02	+2.30952548980713E+01	+4.94776626467014E+06	+0.00000000000000E+00	+4.94776757350922E+06	+4.94773926467896E+06	+4.94779326480866E+06 	0	0	0	0
		B	s1	10	10:51:42 AM	0.0000316390	+3.40796699718958E-11	+1.51730068645248E-14	+6.81946451019980E-02	+2.30638771057129E+01	+4.94776618017506E+06	+0.00000000000000E+00	+4.94776757617951E+06	+4.94773926662445E+06	+4.94779309387207E+06 	0	0	0	0
		B	s1	11	10:51:45 AM	0.0000382747	+2.14351303717184E-12	+1.52420107097043E-14	+6.78859106258375E-02	+2.30474720001221E+01	+4.94776627929941E+06	+0.00000000000000E+00	+4.94776754760742E+06	+4.94773926258087E+06	+4.94779329616547E+06 	0	0	0	0
		B	s1	12	10:51:47 AM	0.0000455425	+3.37115845341589E-11	+1.52433885817151E-14	+6.78797752634736E-02	+2.30240268707275E+01	+4.94776624491005E+06	+0.00000000000000E+00	+4.94776759208679E+06	+4.94773925323486E+06	+4.94779323673248E+06 	0	0	0	0
		B	s1	13	10:51:50 AM	0.0000534423	+3.67998562180210E-11	+1.52261996829399E-14	+6.79564044918240E-02	+2.29953231811523E+01	+4.94776626081769E+06	+0.00000000000000E+00	+4.94776757667542E+06	+4.94773933319092E+06	+4.94779318859100E+06 	0	0	0	0
		B	s1	14	10:51:52 AM	0.0000619740	+9.89735283642292E-11	+1.52040833667481E-14	+6.80552562771761E-02	+2.29397106170654E+01	+4.94776624777199E+06	+0.00000000000000E+00	+4.94776750965119E+06	+4.94773942428589E+06	+4.94779307140350E+06 	0	0	0	0
		B	s1	15	10:51:54 AM	0.0000711377	+9.79368209776312E-11	+1.52199503734226E-14	+6.79843078192324E-02	+2.29019451141357E+01	+4.94776624491105E+06	+0.00000000000000E+00	+4.94776756870270E+06	+4.94773943763733E+06	+4.94779305233002E+06 	0	0	0	0
		B	s1	16	10:51:57 AM	0.0000809334	+3.11203496439928E-11	+1.52492099669003E-14	+6.78538625752179E-02	+2.29190063476562E+01	+4.94776622986169E+06	+0.00000000000000E+00	+4.94776744029999E+06	+4.94773935104370E+06	+4.94779310882569E+06 	0	0	0	0
		B	s1	17	10:51:59 AM	0.0000913610	+9.68245310923951E-11	+1.52258403414266E-14	+6.79580105654588E-02	+2.28734912872314E+01	+4.94776617889784E+06	+0.00000000000000E+00	+4.94776749061585E+06	+4.94773939456940E+06	+4.94779296337128E+06 	0	0	0	0
		B	s1	18	10:52:02 AM	0.0001024206	+3.15385901315874E-11	+1.52345059501966E-14	+6.79193553183979E-02	+2.28801784515381E+01	+4.94776616947542E+06	+0.00000000000000E+00	+4.94776748298645E+06	+4.94773936206818E+06	+4.94779297702789E+06 	0	0	0	0
		B	s1	19	10:52:03 AM	0.0001141123	+9.57415165713161E-11	+1.52430909880911E-14	+6.78811027739039E-02	+2.28571071624756E+01	+4.94776616176979E+06	+0.00000000000000E+00	+4.94776747200012E+06	+4.94773936630249E+06	+4.94779295738220E+06 	0	0	0	0
		B	s1	20	10:52:05 AM	0.0001264359	+6.65991783436952E-11	+1.52104663439597E-14	+6.80266989995550E-02	+2.28442554473877E+01	+4.94776618647035E+06	+0.00000000000000E+00	+4.94776744766236E+06	+4.94773946338654E+06	+4.94779290969849E+06 	0	0	0	0
		B	s1	21	10:52:07 AM	0.0001393914	+9.82096862147477E-11	+1.52367727948173E-14	+6.79092504671996E-02	+2.28177547454834E+01	+4.94776617592263E+06	+0.00000000000000E+00	+4.94776744056702E+06	+4.94773943767548E+06	+4.94779291431427E+06 	0	0	0	0
		B	s1	22	10:52:09 AM	0.0001529790	+1.27917187227124E-10	+1.52332479505225E-14	+6.79249643909810E-02	+2.28124523162842E+01	+4.94776616501266E+06	+0.00000000000000E+00	+4.94776745803833E+06	+4.94773943916321E+06	+4.94779289100647E+06 	0	0	0	0
		B	s1	23	10:52:12 AM	0.0001671985	+9.61736888267610E-11	+1.52250361755760E-14	+6.79616002882571E-02	+2.27734775543213E+01	+4.94776616898027E+06	+0.00000000000000E+00	+4.94776744850159E+06	+4.94773950317383E+06	+4.94779283493042E+06 	0	0	0	0
		B	s1	24	10:52:14 AM	0.0001820500	+9.60762884312605E-11	+1.52044751607498E-14	+6.80535050090936E-02	+2.28076343536377E+01	+4.94776616043533E+06	+0.00000000000000E+00	+4.94776742015839E+06	+4.94773949069977E+06	+4.94779283031464E+06 	0	0	0	0
		B	s1	25	10:52:16 AM	0.0001975335	+9.52463952062730E-11	+1.52373977129673E-14	+6.79064657934445E-02	+2.28248920440674E+01	+4.94776616028232E+06	+0.00000000000000E+00	+4.94776751216889E+06	+4.94773941257477E+06	+4.94779290813446E+06 	0	0	0	0
		B	s1	26	10:52:17 AM	0.0002136490	+1.28350604242112E-10	+1.52398048395783E-14	+6.78957412867399E-02	+2.28288707733154E+01	+4.94776611229338E+06	+0.00000000000000E+00	+4.94776746021271E+06	+4.94773935569763E+06	+4.94779286903382E+06 	0	0	0	0
		B	s1	27	10:52:19 AM	0.0002303965	+9.82520479071689E-11	+1.52420419522612E-14	+6.78857760377534E-02	+2.28010482788086E+01	+4.94776611305647E+06	+0.00000000000000E+00	+4.94776745445252E+06	+4.94773938514710E+06	+4.94779284111023E+06 	0	0	0	0
		B	s1	28	10:52:21 AM	0.0002477759	+9.93496960361142E-11	+1.52362843072166E-14	+6.79114278283179E-02	+2.28208465576172E+01	+4.94776617098258E+06	+0.00000000000000E+00	+4.94776743122101E+06	+4.94773942996979E+06	+4.94779291213989E+06 	0	0	0	0
		B	s1	29	10:52:23 AM	0.0002657873	+1.28852294403002E-10	+1.52352886283395E-14	+6.79158682101574E-02	+2.28332614898682E+01	+4.94776609321991E+06	+0.00000000000000E+00	+4.94776750259400E+06	+4.94773933940888E+06	+4.94779284717560E+06 	0	0	0	0
		B	s1	30	10:52:25 AM	0.0002844307	+9.65358432980799E-11	+1.52297041894446E-14	+6.79407711656038E-02	+2.29126987457275E+01	+4.94776611084336E+06	+0.00000000000000E+00	+4.94776747749329E+06	+4.94773927379608E+06	+4.94779294803620E+06 	0	0	0	0
		B	s1	31	10:52:28 AM	0.0003037061	+9.67189453902320E-11	+1.52339664508056E-14	+6.79217615662477E-02	+2.29450988769531E+01	+4.94776613540976E+06	+0.00000000000000E+00	+4.94776750728607E+06	+4.94773925289154E+06	+4.94779301807404E+06 	0	0	0	0
		B	s1	32	10:52:30 AM	0.0003236134	+3.09378299809180E-11	+1.52408555081303E-14	+6.78910601155098E-02	+2.29115066528320E+01	+4.94776613413198E+06	+0.00000000000000E+00	+4.94776747009278E+06	+4.94773927883148E+06	+4.94779298957825E+06 	0	0	0	0
		B	s1	33	10:52:32 AM	0.0003441527	+3.31207408854397E-11	+1.52393559936258E-14	+6.78977400721031E-02	+2.29309463500977E+01	+4.94776614702555E+06	+0.00000000000000E+00	+4.94776752456665E+06	+4.94773927158356E+06	+4.94779302261353E+06 	0	0	0	0
		B	s1	34	10:52:34 AM	0.0003653240	+1.00042629386994E-10	+1.52721835598704E-14	+6.77517932820431E-02	+2.29350013732910E+01	+4.94776616760550E+06	+0.00000000000000E+00	+4.94776755020142E+06	+4.94773922950745E+06	+4.94779310585022E+06 	0	0	0	0
		B	s1	35	10:52:36 AM	0.0003871273	+9.98439260633708E-11	+1.52475706388006E-14	+6.78611592729033E-02	+2.29257812500000E+01	+4.94776617685644E+06	+0.00000000000000E+00	+4.94776751140595E+06	+4.94773929298401E+06	+4.94779306087494E+06 	0	0	0	0
		B	s1	36	10:52:38 AM	0.0004095626	+9.86759135874046E-11	+1.52595919558741E-14	+6.78076996102174E-02	+2.29118976593018E+01	+4.94776615803088E+06	+0.00000000000000E+00	+4.94776753086090E+06	+4.94773926925659E+06	+4.94779304695130E+06 	0	0	0	0
		B	s1	37	10:52:39 AM	0.0004326298	+1.01484097343763E-10	+1.52657617203574E-14	+6.77802938076059E-02	+2.29318962097168E+01	+4.94776618891067E+06	+0.00000000000000E+00	+4.94776762538910E+06	+4.94773926578522E+06	+4.94779311218262E+06 	0	0	0	0
		B	s1	38	10:52:41 AM	0.0004563291	+1.02820510997050E-10	+1.52595585457063E-14	+6.78078473122089E-02	+2.29164657592773E+01	+4.94776618576370E+06	+0.00000000000000E+00	+4.94776755756378E+06	+4.94773929168701E+06	+4.94779307998657E+06 	0	0	0	0
		B	s1	39	10:52:43 AM	0.0004806603	+6.99063029929535E-11	+1.52402688709615E-14	+6.78936705328868E-02	+2.29242343902588E+01	+4.94776623922682E+06	+0.00000000000000E+00	+4.94776761005402E+06	+4.94773937004090E+06	+4.94779310855866E+06 	0	0	0	0
		B	s1	40	10:52:44 AM	0.0005056235	+1.01558175265639E-10	+1.52775861268797E-14	+6.77278332633164E-02	+2.29200725555420E+01	+4.94776620979610E+06	+0.00000000000000E+00	+4.94776763507843E+06	+4.94773927970886E+06	+4.94779314002991E+06 	0	0	0	0
		B	s1	41	10:52:46 AM	0.0005312186	+1.03020097026980E-10	+1.52688195711508E-14	+6.77667185564688E-02	+2.29077796936035E+01	+4.94776622724850E+06	+0.00000000000000E+00	+4.94776760066986E+06	+4.94773932704926E+06	+4.94779312759400E+06 	0	0	0	0
		B	s1	42	10:52:48 AM	0.0005574458	+3.87835959796068E-11	+1.52945858866559E-14	+6.76525533254374E-02	+2.29184494018555E+01	+4.94776625421810E+06	+0.00000000000000E+00	+4.94776761367798E+06	+4.94773929607392E+06	+4.94779321250916E+06 	0	0	0	0
		B	s1	43	10:52:49 AM	0.0005843049	+1.03086003828478E-10	+1.52591127377075E-14	+6.78098265334189E-02	+2.28947868347168E+01	+4.94776625299788E+06	+0.00000000000000E+00	+4.94776761550903E+06	+4.94773938514710E+06	+4.94779312099457E+06 	0	0	0	0
		B	s1	44	10:52:51 AM	0.0006117960	+4.08038207739938E-11	+1.52967788852788E-14	+6.76428548476349E-02	+2.29190711975098E+01	+4.94776623871132E+06	+0.00000000000000E+00	+4.94776764556885E+06	+4.94773927597046E+06	+4.94779320159912E+06 	0	0	0	0
		B	s1	45	10:52:53 AM	0.0006399191	+7.59227515010654E-11	+1.52790583242081E-14	+6.77213062789840E-02	+2.29003009796143E+01	+4.94776625149085E+06	+0.00000000000000E+00	+4.94776759876251E+06	+4.94773934204102E+06	+4.94779316108704E+06 	0	0	0	0
		B	s1	46	10:52:54 AM	0.0006686741	+4.14267157416810E-11	+1.52619827651209E-14	+6.77970735180859E-02	+2.29004096984863E+01	+4.94776630138725E+06	+0.00000000000000E+00	+4.94776767433167E+06	+4.94773942188263E+06	+4.94779318103790E+06 	0	0	0	0
		B	s1	47	10:52:56 AM	0.0006980612	+1.05099966938232E-10	+1.53114878176030E-14	+6.75778730997256E-02	+2.29042778015137E+01	+4.94776626995365E+06	+0.00000000000000E+00	+4.94776770175934E+06	+4.94773929870606E+06	+4.94779324134827E+06 	0	0	0	0
		B	s1	48	10:52:58 AM	0.0007280802	+4.25790420013362E-11	+1.52739826363878E-14	+6.77438097610202E-02	+2.28951644897461E+01	+4.94776628595672E+06	+0.00000000000000E+00	+4.94776765628815E+06	+4.94773939147949E+06	+4.94779318058014E+06 	0	0	0	0
		B	s1	49	10:52:59 AM	0.0007587312	+1.04970675999570E-10	+1.53152403604061E-14	+6.75613148806262E-02	+2.28948440551758E+01	+4.94776628010077E+06	+0.00000000000000E+00	+4.94776768005371E+06	+4.94773931335449E+06	+4.94779324699402E+06 	0	0	0	0
		B	s1	50	10:53:01 AM	0.0007900141	+1.06637839169293E-10	+1.52903703558611E-14	+6.76712038440280E-02	+2.28990592956543E+01	+4.94776629745785E+06	+0.00000000000000E+00	+4.94776770565033E+06	+4.94773936954498E+06	+4.94779322551727E+06 	0	0	0	0
		B	s1	51	10:53:03 AM	0.0008219291	+4.29228423034611E-11	+1.52921620235988E-14	+6.76632753805944E-02	+2.28912353515625E+01	+4.94776629514999E+06	+0.00000000000000E+00	+4.94776769683838E+06	+4.94773937328339E+06	+4.94779321716309E+06 	0	0	0	0
		B	s1	52	10:53:04 AM	0.0008544760	+4.28280219245976E-11	+1.53160703265003E-14	+6.75576535556544E-02	+2.29021205902100E+01	+4.94776628849305E+06	+0.00000000000000E+00	+4.94776770378113E+06	+4.94773931171417E+06	+4.94779326541901E+06 	0	0	0	0
		B	s1	53	10:53:06 AM	0.0008876549	+4.27708659544661E-11	+1.52910955744791E-14	+6.76679943630277E-02	+2.29093914031982E+01	+4.94776629761037E+06	+0.00000000000000E+00	+4.94776767978668E+06	+4.94773935626984E+06	+4.94779323909760E+06 	0	0	0	0
		B	s1	54	10:53:08 AM	0.0009214658	+4.15036254437069E-11	+1.53075739529883E-14	+6.75951517439665E-02	+2.29196605682373E+01	+4.94776626163755E+06	+0.00000000000000E+00	+4.94776773952484E+06	+4.94773927917481E+06	+4.94779324424744E+06 	0	0	0	0
		B	s1	55	10:53:09 AM	0.0009559087	+4.48527515784620E-11	+1.53105832791589E-14	+6.75818653026268E-02	+2.29239997863770E+01	+4.94776627910881E+06	+0.00000000000000E+00	+4.94776776054383E+06	+4.94773928623200E+06	+4.94779327213288E+06 	0	0	0	0
		B	s1	56	10:53:11 AM	0.0009909836	+1.09312672923778E-10	+1.52913331033984E-14	+6.76669425726531E-02	+2.29297790527344E+01	+4.94776632192893E+06	+0.00000000000000E+00	+4.94776772972107E+06	+4.94773935619354E+06	+4.94779328781128E+06 	0	0	0	0
		B	s1	57	10:53:13 AM	0.0010266904	+4.37036904261166E-11	+1.53181583067428E-14	+6.75484438683746E-02	+2.29396038055420E+01	+4.94776632770788E+06	+0.00000000000000E+00	+4.94776779357910E+06	+4.94773930309296E+06	+4.94779335247040E+06 	0	0	0	0
		B	s1	58	10:53:15 AM	0.0010630292	+4.47639299401289E-11	+1.53132217817512E-14	+6.75702199886223E-02	+2.29437599182129E+01	+4.94776630863441E+06	+0.00000000000000E+00	+4.94776778572083E+06	+4.94773928783417E+06	+4.94779332958222E+06 	0	0	0	0
		B	s1	59	10:53:17 AM	0.0011000000	+4.51561197232230E-11	+1.53050891585168E-14	+6.76061244007742E-02	+2.29424209594727E+01	+4.94776631559632E+06	+0.00000000000000E+00	+4.94776774978638E+06	+4.94773931072235E+06	+4.94779332061768E+06 	0	0	0	0
		T	s2 	60	11:14:48 AM	0.0011000000	+7.27697151041686E-11	+1.53304670589219E-14	+6.74941571848683E-02	+2.42917575836182E+01	+4.94776824796017E+06	+0.00000000000000E+00	+4.94776970027924E+06	+4.94773960739136E+06	+4.94779688869476E+06 	0.880000	0.070000	0.293808	0.012343
		T	s2 	61	11:14:54 AM	0.0010630292	+8.68345407022481E-11	+1.53637918156148E-14	+6.73477526647979E-02	+2.43032951354980E+01	+4.94776849231016E+06	+0.00000000000000E+00	+4.94777007705689E+06	+4.94773977584839E+06	+4.94779720893860E+06 	0.848000	0.068000	0.288487	0.013389
		T	s2 	62	11:14:59 AM	0.0010266904	+9.42449602105425E-11	+1.53710994878240E-14	+6.73157295044785E-02	+2.43744125366211E+01	+4.94776867373659E+06	+0.00000000000000E+00	+4.94777019329071E+06	+4.94773985954285E+06	+4.94779748809815E+06 	0.824000	0.066000	0.282400	0.012841
		T	s2 	63	11:15:05 AM	0.0009909836	+9.23567983770205E-11	+1.53743016398132E-14	+6.73017091367628E-02	+2.43460102081299E+01	+4.94776866934985E+06	+0.00000000000000E+00	+4.94777016952515E+06	+4.94773988273621E+06	+4.94779745613098E+06 	0.808000	0.066000	0.274930	0.012023
		T	s2 	64	11:15:10 AM	0.0009559087	+9.31091222480756E-11	+1.53578795459524E-14	+6.73736737054611E-02	+2.43901615142822E+01	+4.94776869757849E+06	+0.00000000000000E+00	+4.94777019382477E+06	+4.94773988956452E+06	+4.94779750576019E+06 	0.800000	0.052000	0.267687	0.010078
		T	s2 	65	11:15:15 AM	0.0009214658	+9.33157047737721E-11	+1.53846320921398E-14	+6.72565175310193E-02	+2.43855838775635E+01	+4.94776866727046E+06	+0.00000000000000E+00	+4.94777015029907E+06	+4.94773981449128E+06	+4.94779752021790E+06 	0.776000	0.052000	0.259481	0.010220
		T	s2 	66	11:15:20 AM	0.0008876549	+9.12065588318570E-11	+1.53878811689591E-14	+6.72423169007416E-02	+2.43791618347168E+01	+4.94776865775280E+06	+0.00000000000000E+00	+4.94777020629883E+06	+4.94773980648041E+06	+4.94779750919342E+06 	0.720000	0.048000	0.248428	0.008295
		T	s2 	67	11:15:26 AM	0.0008544760	+9.14103626951939E-11	+1.53947494418241E-14	+6.72123178890619E-02	+2.43693809509277E+01	+4.94776863070659E+06	+0.00000000000000E+00	+4.94777012100220E+06	+4.94773977813721E+06	+4.94779748344422E+06 	0.720000	0.052000	0.243638	0.011263
		T	s2 	68	11:15:31 AM	0.0008219291	+9.27366727456690E-11	+1.54055769121970E-14	+6.71650797895969E-02	+2.43507404327393E+01	+4.94776860869579E+06	+0.00000000000000E+00	+4.94777013843537E+06	+4.94773975791931E+06	+4.94779745964051E+06 	0.680000	0.048000	0.240293	0.010480
		T	s2 	69	11:15:36 AM	0.0007900141	+9.26014130731005E-11	+1.54057251719135E-14	+6.71644335518167E-02	+2.43453063964844E+01	+4.94776860364136E+06	+0.00000000000000E+00	+4.94777011562348E+06	+4.94773975902558E+06	+4.94779744842530E+06 	0.672000	0.054000	0.235457	0.008634
		T	s2 	70	11:15:41 AM	0.0007587312	+9.47368893376507E-11	+1.53839897720650E-14	+6.72593233497813E-02	+2.43895835876465E+01	+4.94776875220467E+06	+0.00000000000000E+00	+4.94777021610260E+06	+4.94773989589691E+06	+4.94779760868073E+06 	0.680000	0.058000	0.231156	0.007957
		T	s2 	71	11:15:46 AM	0.0007280802	+9.40792026324404E-11	+1.53719651759811E-14	+6.73119375404950E-02	+2.43625526428223E+01	+4.94776871081552E+06	+0.00000000000000E+00	+4.94777020801544E+06	+4.94773990901947E+06	+4.94779751277924E+06 	0.656000	0.052000	0.225931	0.008938
		T	s2 	72	11:15:52 AM	0.0006980612	+9.57793187984789E-11	+1.53965550682364E-14	+6.72044331119167E-02	+2.43653945922852E+01	+4.94776872172527E+06	+0.00000000000000E+00	+4.94777022071839E+06	+4.94773987049103E+06	+4.94779757312775E+06 	0.648000	0.046000	0.220465	0.008338
		T	s2 	73	11:15:58 AM	0.0006686741	+9.82450743060202E-11	+1.53550694079804E-14	+6.73860010322022E-02	+2.43874206542969E+01	+4.94776879885875E+06	+0.00000000000000E+00	+4.94777023841858E+06	+4.94773999935150E+06	+4.94779759853363E+06 	0.672000	0.046000	0.216000	0.008647
		T	s2 	74	11:16:04 AM	0.0006399191	+9.87523496134810E-11	+1.53702690995929E-14	+6.73193612015221E-02	+2.44428024291992E+01	+4.94776886029390E+06	+0.00000000000000E+00	+4.94777029567719E+06	+4.94773996681214E+06	+4.94779775394440E+06 	0.640000	0.048000	0.211613	0.009801
		T	s2 	75	11:16:10 AM	0.0006117960	+1.02294386420273E-10	+1.53783078441755E-14	+6.72841693291732E-02	+2.44653911590576E+01	+4.94776892794731E+06	+0.00000000000000E+00	+4.94777033763886E+06	+4.94773999263764E+06	+4.94779786342621E+06 	0.672000	0.042000	0.207461	0.010190
		T	s2 	76	11:16:16 AM	0.0005843049	+1.01066592719473E-10	+1.53732833765579E-14	+6.73061591177621E-02	+2.44889545440674E+01	+4.94776895634763E+06	+0.00000000000000E+00	+4.94777046318054E+06	+4.94774000263214E+06	+4.94779791023255E+06 	0.616000	0.062000	0.201678	0.009728
		T	s2 	77	11:16:21 AM	0.0005574458	+7.44653119962584E-11	+1.53724830194209E-14	+6.73096627790782E-02	+2.44967632293701E+01	+4.94776897784340E+06	+0.00000000000000E+00	+4.94777044956208E+06	+4.94774001640320E+06	+4.94779793945313E+06 	0.600000	0.042000	0.197366	0.009258
		T	s2 	78	11:16:27 AM	0.0005312186	+1.04571586870519E-10	+1.53779551517144E-14	+6.72857103169622E-02	+2.45023670196533E+01	+4.94776900775053E+06	+0.00000000000000E+00	+4.94777045608521E+06	+4.94774002937317E+06	+4.94779798629761E+06 	0.592000	0.042000	0.192264	0.010426
		T	s2 	79	11:16:32 AM	0.0005056235	+1.04763465624003E-10	+1.53526972143146E-14	+6.73964056075069E-02	+2.45180263519287E+01	+4.94776907225723E+06	+0.00000000000000E+00	+4.94777045253754E+06	+4.94774012298584E+06	+4.94779802169800E+06 	0.584000	0.042000	0.187483	0.007840
		T	s2 	80	11:16:37 AM	0.0004806603	+1.07862425227441E-10	+1.53610603045736E-14	+6.73597106266191E-02	+2.45783309936523E+01	+4.94776914778772E+06	+0.00000000000000E+00	+4.94777050643921E+06	+4.94774011150360E+06	+4.94779818424225E+06 	0.584000	0.044000	0.183372	0.006939
		T	s2 	81	11:16:43 AM	0.0004563291	+1.09218084069641E-10	+1.53233478946141E-14	+6.75254878144057E-02	+2.45848922729492E+01	+4.94776923266511E+06	+0.00000000000000E+00	+4.94777051216126E+06	+4.94774025993347E+06	+4.94779820556641E+06 	0.560000	0.038000	0.178422	0.007078
		T	s2 	82	11:16:49 AM	0.0004326298	+1.10233655150421E-10	+1.53444048892734E-14	+6.74328226003493E-02	+2.45979290008545E+01	+4.94776925353118E+06	+0.00000000000000E+00	+4.94777062122345E+06	+4.94774022560120E+06	+4.94779828163147E+06 	0.560000	0.038000	0.174493	0.009141
		T	s2 	83	11:16:54 AM	0.0004095626	+5.67785063948334E-11	+1.53432510971581E-14	+6.74378900540078E-02	+2.46515178680420E+01	+4.94776937844309E+06	+0.00000000000000E+00	+4.94777067707062E+06	+4.94774028945923E+06	+4.94779846759796E+06 	0.528000	0.042000	0.169536	0.006836
		T	s2 	84	11:16:59 AM	0.0003871273	+1.13481458921283E-10	+1.53304663548680E-14	+6.74941292743991E-02	+2.46337032318115E+01	+4.94776938458501E+06	+0.00000000000000E+00	+4.94777064693451E+06	+4.94774034084320E+06	+4.94779842849732E+06 	0.560000	0.044000	0.165179	0.007644
		T	s2 	85	11:17:04 AM	0.0003653240	+5.83924854510957E-11	+1.53339290893138E-14	+6.74788860687303E-02	+2.46747684478760E+01	+4.94776944193867E+06	+0.00000000000000E+00	+4.94777073795319E+06	+4.94774034320832E+06	+4.94779854084015E+06 	0.544000	0.036000	0.160389	0.010909
		T	s2 	86	11:17:09 AM	0.0003441527	+1.22675004945753E-10	+1.53517092446995E-14	+6.74007289627345E-02	+2.46965923309326E+01	+4.94776958559981E+06	+0.00000000000000E+00	+4.94777090068817E+06	+4.94774042736054E+06	+4.94779874401093E+06 	0.504000	0.040000	0.155261	0.007516
		T	s2 	87	11:17:14 AM	0.0003236134	+4.97240956460984E-11	+1.53357496674661E-14	+6.74708645928139E-02	+2.47911987304687E+01	+4.94776983586255E+06	+0.00000000000000E+00	+4.94777109085083E+06	+4.94774059635163E+06	+4.94779907554627E+06 	0.480000	0.042000	0.150369	0.008980
		T	s2 	88	11:17:19 AM	0.0003037061	+8.77075731285265E-11	+1.53278765530380E-14	+6.75055117332360E-02	+2.48338947296143E+01	+4.94777016758841E+06	+0.00000000000000E+00	+4.94777141426087E+06	+4.94774089275360E+06	+4.94779944259644E+06 	0.472000	0.042000	0.146317	0.006583
		T	s2 	89	11:17:24 AM	0.0002844307	+9.62006578549504E-11	+1.53325966015401E-14	+6.74847232784233E-02	+2.48793659210205E+01	+4.94777043465500E+06	+0.00000000000000E+00	+4.94777157466889E+06	+4.94774109718323E+06	+4.94779977230072E+06 	0.488000	0.038000	0.141556	0.006471
		T	s2 	90	11:17:29 AM	0.0002657873	+5.36258682322397E-11	+1.53091789329968E-14	+6.75879420432326E-02	+2.49147300720215E+01	+4.94777077019579E+06	+0.00000000000000E+00	+4.94777186824799E+06	+4.94774143589020E+06	+4.94780010467530E+06 	0.440000	0.036000	0.137158	0.007175
		T	s2 	91	11:17:34 AM	0.0002477759	+6.46639936696538E-11	+1.53216475078828E-14	+6.75329336696711E-02	+2.49358901977539E+01	+4.94777099396564E+06	+0.00000000000000E+00	+4.94777208671570E+06	+4.94774161083222E+06	+4.94780037727356E+06 	0.424000	0.052000	0.132562	0.007010
		T	s2 	92	11:17:39 AM	0.0002303965	+7.61119561574817E-11	+1.53053020216364E-14	+6.76050496031474E-02	+2.49582080841064E+01	+4.94777123902182E+06	+0.00000000000000E+00	+4.94777234500885E+06	+4.94774186096192E+06	+4.94780061725617E+06 	0.400000	0.044000	0.128530	0.008618
		T	s2 	93	11:17:45 AM	0.0002136490	+8.80103411672519E-11	+1.53131345966135E-14	+6.75704631943213E-02	+2.49685668945312E+01	+4.94777148938024E+06	+0.00000000000000E+00	+4.94777255683899E+06	+4.94774208408356E+06	+4.94780089485169E+06 	0.400000	0.034000	0.122448	0.009817
		T	s2 	94	11:17:51 AM	0.0001975335	+9.87357528942513E-11	+1.53003757871918E-14	+6.76267991440182E-02	+2.49270439147949E+01	+4.94777186585315E+06	+0.00000000000000E+00	+4.94777288040161E+06	+4.94774253391266E+06	+4.94780119796753E+06 	0.400000	0.034000	0.117912	0.008555
		T	s2 	95	11:17:57 AM	0.0001820500	+1.05551018019720E-10	+1.53100429002586E-14	+6.75840945543268E-02	+2.49108333587646E+01	+4.94777199301609E+06	+0.00000000000000E+00	+4.94777311141968E+06	+4.94774266162873E+06	+4.94780132457733E+06 	0.392000	0.048000	0.113629	0.009906
		T	s2 	96	11:18:03 AM	0.0001671985	+1.16035862882506E-10	+1.53043592192855E-14	+6.76091887038821E-02	+2.48075885772705E+01	+4.94777217604605E+06	+0.00000000000000E+00	+4.94777318519592E+06	+4.94774297706604E+06	+4.94780137519837E+06 	0.368000	0.036000	0.109174	0.007445
		T	s2 	97	11:18:09 AM	0.0001529790	+7.00763915680971E-11	+1.53203884549767E-14	+6.75384454164080E-02	+2.48291263580322E+01	+4.94777239367419E+06	+0.00000000000000E+00	+4.94777344844818E+06	+4.94774313873291E+06	+4.94780164878845E+06 	0.344000	0.040000	0.104628	0.010350
		T	s2 	98	11:18:14 AM	0.0001393914	+8.01949874921453E-11	+1.53288654000723E-14	+6.75010916367130E-02	+2.47953968048096E+01	+4.94777256430574E+06	+0.00000000000000E+00	+4.94777368469238E+06	+4.94774333293915E+06	+4.94780179584503E+06 	0.352000	0.036000	0.099524	0.008928
		T	s2 	99	11:18:20 AM	0.0001264359	+8.65682901867318E-11	+1.53212014759275E-14	+6.75348511761340E-02	+2.48037834167480E+01	+4.94777277121495E+06	+0.00000000000000E+00	+4.94777381721497E+06	+4.94774354457855E+06	+4.94780199802399E+06 	0.328000	0.034000	0.095459	0.006773
		T	s2 	100	11:18:26 AM	0.0001141123	+7.22620926732787E-11	+1.53430345919586E-14	+6.74387442000198E-02	+2.47859268188477E+01	+4.94777295391975E+06	+0.00000000000000E+00	+4.94777406475067E+06	+4.94774370670319E+06	+4.94780220130921E+06 	0.320000	0.032000	0.089185	0.006904
		T	s2 	101	11:18:31 AM	0.0001024206	+4.96243105079392E-11	+1.53274015777243E-14	+6.75075230217927E-02	+2.47935199737549E+01	+4.94777312182378E+06	+0.00000000000000E+00	+4.94777430335999E+06	+4.94774389545441E+06	+4.94780234836579E+06 	0.304000	0.032000	0.085362	0.007319
		T	s2 	102	11:18:37 AM	0.0000913610	+8.05517743383028E-11	+1.53187422519345E-14	+6.75456801180152E-02	+2.47728233337402E+01	+4.94777324355101E+06	+0.00000000000000E+00	+4.94777432643891E+06	+4.94774405807495E+06	+4.94780242919922E+06 	0.280000	0.038000	0.080935	0.005465
		T	s2 	103	11:18:42 AM	0.0000809334	+3.63210279709641E-11	+1.53226098549429E-14	+6.75286257079436E-02	+2.47650470733643E+01	+4.94777343050933E+06	+0.00000000000000E+00	+4.94777456035614E+06	+4.94774424682617E+06	+4.94780261436463E+06 	0.272000	0.058000	0.075354	0.006944
		T	s2 	104	11:18:47 AM	0.0000711377	+4.18657696039118E-11	+1.53543526294633E-14	+6.73890175925804E-02	+2.47717533111572E+01	+4.94777354119237E+06	+0.00000000000000E+00	+4.94777471530915E+06	+4.94774428913117E+06	+4.94780279342652E+06 	0.256000	0.032000	0.071512	0.006125
		T	s2 	105	11:18:52 AM	0.0000619740	+5.56028318829496E-11	+1.53445082851549E-14	+6.74322450549784E-02	+2.47034854888916E+01	+4.94777377200121E+06	+0.00000000000000E+00	+4.94777498447418E+06	+4.94774461925507E+06	+4.94780292491913E+06 	0.280000	0.048000	0.066918	0.008301
		T	s2 	106	11:18:58 AM	0.0000534423	+6.18968099248056E-11	+1.53712105906077E-14	+6.73150996236980E-02	+2.47186374664307E+01	+4.94777394101097E+06	+0.00000000000000E+00	+4.94777513278961E+06	+4.94774471961975E+06	+4.94780316257477E+06 	0.232000	0.028000	0.063897	0.005728
		T	s2 	107	11:19:04 AM	0.0000455425	+4.20693572454406E-11	+1.53419308966708E-14	+6.74435610705377E-02	+2.46942462921143E+01	+4.94777422522549E+06	+0.00000000000000E+00	+4.94777534160614E+06	+4.94774508827210E+06	+4.94780336235047E+06 	0.240000	0.038000	0.057597	0.006657
		T	s2 	108	11:19:10 AM	0.0000382747	+7.98813149223661E-11	+1.53514446695929E-14	+6.74017605942850E-02	+2.47376651763916E+01	+4.94777435666047E+06	+0.00000000000000E+00	+4.94777553031922E+06	+4.94774515037537E+06	+4.94780356311798E+06 	0.200000	0.036000	0.053460	0.007215
		T	s2 	109	11:19:15 AM	0.0000316390	+8.95121402413561E-11	+1.53627188214982E-14	+6.73522916818201E-02	+2.47384452819824E+01	+4.94777454626987E+06	+0.00000000000000E+00	+4.94777572879791E+06	+4.94774531761170E+06	+4.94780377510071E+06 	0.208000	0.038000	0.048941	0.007099
		T	s2 	110	11:19:22 AM	0.0000256352	+1.02220540839357E-10	+1.52944708227161E-14	+6.76528312917018E-02	+2.46647891998291E+01	+4.94777470126229E+06	+0.00000000000000E+00	+4.94777601596832E+06	+4.94774568908692E+06	+4.94780371360779E+06 	0.184000	0.036000	0.045494	0.006006
		T	s2 	111	11:19:28 AM	0.0000202633	+2.92730593898508E-11	+1.53804857243671E-14	+6.72744774153016E-02	+2.47120571136475E+01	+4.94777497565218E+06	+0.00000000000000E+00	+4.94777621158600E+06	+4.94774574440003E+06	+4.94780420707703E+06 	0.168000	0.028000	0.040077	0.007091
		T	s2 	112	11:19:33 AM	0.0000155235	+9.23685150134578E-11	+1.53512961878164E-14	+6.74023862006998E-02	+2.47661342620850E+01	+4.94777532273236E+06	+0.00000000000000E+00	+4.94777648075104E+06	+4.94774608310700E+06	+4.94780456253052E+06 	0.160000	0.032000	0.035544	0.006110
		T	s2 	113	11:19:39 AM	0.0000114156	+2.25624071910322E-11	+1.53764489506212E-14	+6.72921195642676E-02	+2.47443599700928E+01	+4.94777568871428E+06	+0.00000000000000E+00	+4.94777677471161E+06	+4.94774642692566E+06	+4.94780495067597E+06 	0.160000	0.034000	0.032579	0.006369
		T	s2 	114	11:19:45 AM	0.0000079397	+1.14456949205968E-10	+1.53875830538501E-14	+6.72434266848533E-02	+2.47111434936523E+01	+4.94777575642527E+06	+0.00000000000000E+00	+4.94777708129883E+06	+4.94774651275635E+06	+4.94780500026703E+06 	0.288000	0.036000	0.028306	0.006147
		T	s2 	115	11:19:51 AM	0.0000050958	+9.86660723580772E-11	+1.53507247942954E-14	+6.74048786498113E-02	+2.47063846588135E+01	+4.94777592616067E+06	+0.00000000000000E+00	+4.94777723052979E+06	+4.94774675815582E+06	+4.94780509433747E+06 	0.128000	0.030000	0.026087	0.006780
		T	s2 	116	11:19:57 AM	0.0000028839	+1.05136591539210E-10	+1.53303584286958E-14	+6.74944215643902E-02	+2.46790256500244E+01	+4.94777608737019E+06	+0.00000000000000E+00	+4.94777727161408E+06	+4.94774699031830E+06	+4.94780518459320E+06 	0.112000	0.038000	0.023370	0.005677
		T	s2 	117	11:20:02 AM	0.0000013040	+7.78680918325448E-11	+1.54375801799836E-14	+6.70256395722218E-02	+2.47682723999023E+01	+4.94777606228673E+06	+0.00000000000000E+00	+4.94777751232147E+06	+4.94774665576935E+06	+4.94780546897888E+06 	0.112000	0.032000	0.017651	0.006789
		T	s2 	118	11:20:08 AM	0.0000003560	+3.21734405298089E-11	+1.54306018459185E-14	+6.70559455159618E-02	+2.44580421447754E+01	+4.94777627352784E+06	+0.00000000000000E+00	+4.94777729377747E+06	+4.94774724845886E+06	+4.94780529876709E+06 	0.152000	0.062000	0.017979	0.005867
		T	s2 	119	11:20:14 AM	0.0000000400	+8.52682969299553E-11	+1.50966816503713E-14	+6.85391497134248E-02	+2.42630138397217E+01	+4.94777596952048E+06	+0.00000000000000E+00	+4.94777757854462E+06	+4.94774779899597E+06	+4.94780414020539E+06 	0.088000	0.034000	0.017665	0.006975
		B	s3	120	11:24:16 AM	0.0000000400	+7.42078383623335E-11	+1.49008895490717E-14	+6.94400073496647E-02	+2.36214618682861E+01	+4.94776603302226E+06	+0.00000000000000E+00	+4.94776755893707E+06	+4.94773896316528E+06	+4.94779310302735E+06 	0	0	0	0
		B	s3	121	11:24:18 AM	0.0000003560	+1.38477753644415E-10	+1.53930918299067E-14	+6.72196167099691E-02	+2.39458942413330E+01	+4.94776638452038E+06	+0.00000000000000E+00	+4.94776738220215E+06	+4.94773803642273E+06	+4.94779473278046E+06 	0	0	0	0
		B	s3	122	11:24:20 AM	0.0000013040	+1.43808557615526E-10	+1.54000361539002E-14	+6.71893137838351E-02	+2.39881305694580E+01	+4.94776607696006E+06	+0.00000000000000E+00	+4.94776756500244E+06	+4.94773766605377E+06	+4.94779448802948E+06 	0	0	0	0
		B	s3	123	11:24:23 AM	0.0000028839	+8.73295764644348E-11	+1.53499062360721E-14	+6.74087403996368E-02	+2.41351051330566E+01	+4.94776611712835E+06	+0.00000000000000E+00	+4.94776756206513E+06	+4.94773762519837E+06	+4.94779460922241E+06 	0	0	0	0
		B	s3	124	11:24:25 AM	0.0000050958	+6.33044169759708E-11	+1.53325074132179E-14	+6.74852293987739E-02	+2.41602268218994E+01	+4.94776627154731E+06	+0.00000000000000E+00	+4.94776765884400E+06	+4.94773778228760E+06	+4.94779476097107E+06 	0	0	0	0
		B	s3	125	11:24:28 AM	0.0000079397	+1.23236594539204E-10	+1.53372873400318E-14	+6.74641966773286E-02	+2.41222324371338E+01	+4.94776629649564E+06	+0.00000000000000E+00	+4.94776756378174E+06	+4.94773784317017E+06	+4.94779474998474E+06 	0	0	0	0
		B	s3	126	11:24:30 AM	0.0000114156	+6.42372829703941E-11	+1.53160268841221E-14	+6.75578457649800E-02	+2.41210651397705E+01	+4.94776626693197E+06	+0.00000000000000E+00	+4.94776755874634E+06	+4.94773785442353E+06	+4.94779467960358E+06 	0	0	0	0
		B	s3	127	11:24:32 AM	0.0000155235	+9.03662177700763E-11	+1.53244901887496E-14	+6.75205366111670E-02	+2.41371498107910E+01	+4.94776622182298E+06	+0.00000000000000E+00	+4.94776755386353E+06	+4.94773777465820E+06	+4.94779466915131E+06 	0	0	0	0
		B	s3	128	11:24:35 AM	0.0000202633	+1.22275809049330E-10	+1.53165653659073E-14	+6.75554711472839E-02	+2.40477581024170E+01	+4.94776624856469E+06	+0.00000000000000E+00	+4.94776759563446E+06	+4.94773792140961E+06	+4.94779457588196E+06 	0	0	0	0
		B	s3	129	11:24:37 AM	0.0000256352	+6.52217062755607E-11	+1.52783550482420E-14	+6.77244228302704E-02	+2.40443172454834E+01	+4.94776627776663E+06	+0.00000000000000E+00	+4.94776746978760E+06	+4.94773802532196E+06	+4.94779453037262E+06 	0	0	0	0
		B	s3	130	11:24:39 AM	0.0000316390	+1.50143657869068E-10	+1.52940362016576E-14	+6.76549868532261E-02	+2.40354919433594E+01	+4.94776618041545E+06	+0.00000000000000E+00	+4.94776756168366E+06	+4.94773790935517E+06	+4.94779445163727E+06 	0	0	0	0
		B	s3	131	11:24:41 AM	0.0000382747	+1.21080609936077E-10	+1.53231322518740E-14	+6.75265201106370E-02	+2.40276927947998E+01	+4.94776622821335E+06	+0.00000000000000E+00	+4.94776751445770E+06	+4.94773791255951E+06	+4.94779454402924E+06 	0	0	0	0
		B	s3	132	11:24:43 AM	0.0000455425	+8.46876878175104E-11	+1.52985853096983E-14	+6.76348703530995E-02	+2.39759349822998E+01	+4.94776614251678E+06	+0.00000000000000E+00	+4.94776756328583E+06	+4.94773793312073E+06	+4.94779435207367E+06 	0	0	0	0
		B	s3	133	11:24:46 AM	0.0000534423	+1.49662758034588E-10	+1.53514652846477E-14	+6.74018919939530E-02	+2.39792919158936E+01	+4.94776621171481E+06	+0.00000000000000E+00	+4.94776757255554E+06	+4.94773790084839E+06	+4.94779452274323E+06 	0	0	0	0
		B	s3	134	11:24:48 AM	0.0000619740	+5.97013424923183E-11	+1.53371168826386E-14	+6.74649494453273E-02	+2.39236068725586E+01	+4.94776618766367E+06	+0.00000000000000E+00	+4.94776747512817E+06	+4.94773796894074E+06	+4.94779440654755E+06 	0	0	0	0
		B	s3	135	11:24:51 AM	0.0000711377	+1.19454009030974E-10	+1.53315891189111E-14	+6.74892722919884E-02	+2.38944606781006E+01	+4.94776624124135E+06	+0.00000000000000E+00	+4.94776745971680E+06	+4.94773806705475E+06	+4.94779441558838E+06 	0	0	0	0
		B	s3	136	11:24:53 AM	0.0000809334	+8.85702052244629E-11	+1.53370095175665E-14	+6.74654205872421E-02	+2.38655281066895E+01	+4.94776622943500E+06	+0.00000000000000E+00	+4.94776748661041E+06	+4.94773807941437E+06	+4.94779437961579E+06 	0	0	0	0
		B	s3	137	11:24:56 AM	0.0000913610	+9.02341197637195E-11	+1.53312139008154E-14	+6.74909264620925E-02	+2.38865051269531E+01	+4.94776615220637E+06	+0.00000000000000E+00	+4.94776748020172E+06	+4.94773798809052E+06	+4.94779431648255E+06 	0	0	0	0
		B	s3	138	11:24:58 AM	0.0001024206	+8.49741668030897E-11	+1.53055498086370E-14	+6.76040932081993E-02	+2.38384094238281E+01	+4.94776618589074E+06	+0.00000000000000E+00	+4.94776748558045E+06	+4.94773812553406E+06	+4.94779424640656E+06 	0	0	0	0
		B	s3	139	11:25:00 AM	0.0001141123	+8.73718837941865E-11	+1.53090159762597E-14	+6.75887875434662E-02	+2.38550281524658E+01	+4.94776615611688E+06	+0.00000000000000E+00	+4.94776748649597E+06	+4.94773806983948E+06	+4.94779424255371E+06 	0	0	0	0
		B	s3	140	11:25:01 AM	0.0001264359	+1.17695393353266E-10	+1.53193177725753E-14	+6.75433357883854E-02	+2.38342590332031E+01	+4.94776616557736E+06	+0.00000000000000E+00	+4.94776748172760E+06	+4.94773808486939E+06	+4.94779424644470E+06 	0	0	0	0
		B	s3	141	11:25:04 AM	0.0001393914	+8.82047421298578E-11	+1.53310418269905E-14	+6.74916827588913E-02	+2.38102569580078E+01	+4.94776619668626E+06	+0.00000000000000E+00	+4.94776744262695E+06	+4.94773812278748E+06	+4.94779427074433E+06 	0	0	0	0
		B	s3	142	11:25:05 AM	0.0001529790	+8.74518566901342E-11	+1.53426151152150E-14	+6.74407738445348E-02	+2.38188228607178E+01	+4.94776613734846E+06	+0.00000000000000E+00	+4.94776740219116E+06	+4.94773803215027E+06	+4.94779424270630E+06 	0	0	0	0
		B	s3	143	11:25:08 AM	0.0001671985	+8.78269443034628E-11	+1.53219599265311E-14	+6.75316891675119E-02	+2.38080711364746E+01	+4.94776613967571E+06	+0.00000000000000E+00	+4.94776741180420E+06	+4.94773808498383E+06	+4.94779419452667E+06 	0	0	0	0
		B	s3	144	11:25:10 AM	0.0001820500	+8.76563572430000E-11	+1.53332820008284E-14	+6.74818247941671E-02	+2.38008270263672E+01	+4.94776610547688E+06	+0.00000000000000E+00	+4.94776744087219E+06	+4.94773803859711E+06	+4.94779417251587E+06 	0	0	0	0
		B	s3	145	11:25:12 AM	0.0001975335	+1.44191613922286E-10	+1.53465282810271E-14	+6.74235788277468E-02	+2.38139457702637E+01	+4.94776608207349E+06	+0.00000000000000E+00	+4.94776740570069E+06	+4.94773797546387E+06	+4.94779418884278E+06 	0	0	0	0
		B	s3	146	11:25:14 AM	0.0002136490	+5.57295201012539E-11	+1.53329557615890E-14	+6.74832607363198E-02	+2.37940063476562E+01	+4.94776610065134E+06	+0.00000000000000E+00	+4.94776737274170E+06	+4.94773804241181E+06	+4.94779415904999E+06 	0	0	0	0
		B	s3	147	11:25:17 AM	0.0002303965	+8.50642292983088E-11	+1.53625474923121E-14	+6.73532729954713E-02	+2.37582473754883E+01	+4.94776609195376E+06	+0.00000000000000E+00	+4.94776737693787E+06	+4.94773802181244E+06	+4.94779416225433E+06 	0	0	0	0
		B	s3	148	11:25:18 AM	0.0002477759	+8.52407942340421E-11	+1.53618302669783E-14	+6.73564186979790E-02	+2.37443428039551E+01	+4.94776605304395E+06	+0.00000000000000E+00	+4.94776733951569E+06	+4.94773800064087E+06	+4.94779410560608E+06 	0	0	0	0
		B	s3	149	11:25:20 AM	0.0002657873	+1.12413970500099E-10	+1.53644366485932E-14	+6.73449916612759E-02	+2.37707252502441E+01	+4.94776608520165E+06	+0.00000000000000E+00	+4.94776738636017E+06	+4.94773799686432E+06	+4.94779417369843E+06 	0	0	0	0
		B	s3	150	11:25:22 AM	0.0002844307	+8.31793322668929E-11	+1.53576234952243E-14	+6.73748687044768E-02	+2.37887477874756E+01	+4.94776606458316E+06	+0.00000000000000E+00	+4.94776736427307E+06	+4.94773796741486E+06	+4.94779416191101E+06 	0	0	0	0
		B	s3	151	11:25:23 AM	0.0003037061	+1.14322072419414E-10	+1.53388353602368E-14	+6.74573962566954E-02	+2.37839813232422E+01	+4.94776599666270E+06	+0.00000000000000E+00	+4.94776738754273E+06	+4.94773793949127E+06	+4.94779405399323E+06 	0	0	0	0
		B	s3	152	11:25:25 AM	0.0003236134	+8.12163726037377E-11	+1.53543353408107E-14	+6.73892981140937E-02	+2.38953266143799E+01	+4.94776602866710E+06	+0.00000000000000E+00	+4.94776733974457E+06	+4.94773781166077E+06	+4.94779424583435E+06 	0	0	0	0
		B	s3	153	11:25:27 AM	0.0003441527	+1.14290968094327E-10	+1.53609539687853E-14	+6.73602620701138E-02	+2.39228267669678E+01	+4.94776602063691E+06	+0.00000000000000E+00	+4.94776738056183E+06	+4.94773775897980E+06	+4.94779428245545E+06 	0	0	0	0
		B	s3	154	11:25:28 AM	0.0003653240	+8.31029177353279E-11	+1.53710193338685E-14	+6.73161523948240E-02	+2.39047088623047E+01	+4.94776603269137E+06	+0.00000000000000E+00	+4.94776736351013E+06	+4.94773777393341E+06	+4.94779429161072E+06 	0	0	0	0
		B	s3	155	11:25:31 AM	0.0003871273	+8.24624624618866E-11	+1.53756169720697E-14	+6.72960222975643E-02	+2.39100933074951E+01	+4.94776607417612E+06	+0.00000000000000E+00	+4.94776740295410E+06	+4.94773780059815E+06	+4.94779434791565E+06 	0	0	0	0
		B	s3	156	11:25:33 AM	0.0004095626	+5.70621069284119E-11	+1.53612724504453E-14	+6.73588641174192E-02	+2.39292564392090E+01	+4.94776607162029E+06	+0.00000000000000E+00	+4.94776739593506E+06	+4.94773780178070E+06	+4.94779434162140E+06 	0	0	0	0
		B	s3	157	11:25:35 AM	0.0004326298	+8.55700984971089E-11	+1.53636089791111E-14	+6.73486201341892E-02	+2.39254074096680E+01	+4.94776606835872E+06	+0.00000000000000E+00	+4.94776741188050E+06	+4.94773779876709E+06	+4.94779433811188E+06 	0	0	0	0
		B	s3	158	11:25:37 AM	0.0004563291	+8.47126517208137E-11	+1.53920748691007E-14	+6.72240668926281E-02	+2.39129180908203E+01	+4.94776605498800E+06	+0.00000000000000E+00	+4.94776747550965E+06	+4.94773774780274E+06	+4.94779436233521E+06 	0	0	0	0
		B	s3	159	11:25:39 AM	0.0004806603	+8.76338894304270E-11	+1.53842294371171E-14	+6.72583484188044E-02	+2.39589824676514E+01	+4.94776607167707E+06	+0.00000000000000E+00	+4.94776747127533E+06	+4.94773772441864E+06	+4.94779441909790E+06 	0	0	0	0
		B	s3	160	11:25:41 AM	0.0005056235	+8.70190484918648E-11	+1.53954887672748E-14	+6.72091591855943E-02	+2.39247550964355E+01	+4.94776609160897E+06	+0.00000000000000E+00	+4.94776747764588E+06	+4.94773776412964E+06	+4.94779441925049E+06 	0	0	0	0
		B	s3	161	11:25:43 AM	0.0005312186	+8.99742815001475E-11	+1.54007849118535E-14	+6.71860472401634E-02	+2.39657077789307E+01	+4.94776607409918E+06	+0.00000000000000E+00	+4.94776753509522E+06	+4.94773768836975E+06	+4.94779445999146E+06 	0	0	0	0
		B	s3	162	11:25:46 AM	0.0005574458	+5.97701719009643E-11	+1.53946463295084E-14	+6.72128370940841E-02	+2.39535961151123E+01	+4.94776609025457E+06	+0.00000000000000E+00	+4.94776747447968E+06	+4.94773773017884E+06	+4.94779445049286E+06 	0	0	0	0
		B	s3	163	11:25:48 AM	0.0005843049	+8.74497149834610E-11	+1.53917128767395E-14	+6.72256461074225E-02	+2.39210529327393E+01	+4.94776612140182E+06	+0.00000000000000E+00	+4.94776745281220E+06	+4.94773780525208E+06	+4.94779443771362E+06 	0	0	0	0
		B	s3	164	11:25:50 AM	0.0006117960	+8.95034172821246E-11	+1.53912655497798E-14	+6.72275993998792E-02	+2.39209423065186E+01	+4.94776614100937E+06	+0.00000000000000E+00	+4.94776750411987E+06	+4.94773782581330E+06	+4.94779445636750E+06 	0	0	0	0
		B	s3	165	11:25:53 AM	0.0006399191	+9.28258288750442E-11	+1.54162775931945E-14	+6.71185266303701E-02	+2.39473819732666E+01	+4.94776613254030E+06	+0.00000000000000E+00	+4.94776756359101E+06	+4.94773773998261E+06	+4.94779452526093E+06 	0	0	0	0
		B	s3	166	11:25:54 AM	0.0006686741	+8.78838042005110E-11	+1.54192163896228E-14	+6.71057338607302E-02	+2.39286956787109E+01	+4.94776614879101E+06	+0.00000000000000E+00	+4.94776753498078E+06	+4.94773777297974E+06	+4.94779452476502E+06 	0	0	0	0
		B	s3	167	11:25:56 AM	0.0006980612	+9.12664604661050E-11	+1.54038287577160E-14	+6.71727683530705E-02	+2.39311695098877E+01	+4.94776617387279E+06	+0.00000000000000E+00	+4.94776753456116E+06	+4.94773782344818E+06	+4.94779452445984E+06 	0	0	0	0
		B	s3	168	11:25:58 AM	0.0007280802	+1.21758057129877E-10	+1.54277695320856E-14	+6.70685307066695E-02	+2.39465675354004E+01	+4.94776614110418E+06	+0.00000000000000E+00	+4.94776757919312E+06	+4.94773772834778E+06	+4.94779455402374E+06 	0	0	0	0
		B	s3	169	11:25:59 AM	0.0007587312	+9.23003367477757E-11	+1.54214046465477E-14	+6.70962108239639E-02	+2.39417839050293E+01	+4.94776618230301E+06	+0.00000000000000E+00	+4.94776752326965E+06	+4.94773778694153E+06	+4.94779457782746E+06 	0	0	0	0
		B	s3	170	11:26:01 AM	0.0007900141	+1.22237682097557E-10	+1.54311264379185E-14	+6.70539397544864E-02	+2.39507598876953E+01	+4.94776617000045E+06	+0.00000000000000E+00	+4.94776755275726E+06	+4.94773774608612E+06	+4.94779459407807E+06 	0	0	0	0
		B	s3	171	11:26:03 AM	0.0008219291	+9.21141857090266E-11	+1.54046682283279E-14	+6.71691072024289E-02	+2.39425354003906E+01	+4.94776619597887E+06	+0.00000000000000E+00	+4.94776756381989E+06	+4.94773783054352E+06	+4.94779456157685E+06 	0	0	0	0
		B	s3	172	11:26:04 AM	0.0008544760	+9.18471858994294E-11	+1.54323916875823E-14	+6.70484412406029E-02	+2.39465942382812E+01	+4.94776620644990E+06	+0.00000000000000E+00	+4.94776757915497E+06	+4.94773778514862E+06	+4.94779462791443E+06 	0	0	0	0
		B	s3	173	11:26:06 AM	0.0008876549	+9.20822730932410E-11	+1.54422879384811E-14	+6.70054732920148E-02	+2.39422492980957E+01	+4.94776619506295E+06	+0.00000000000000E+00	+4.94776758331299E+06	+4.94773776069641E+06	+4.94779462959290E+06 	0	0	0	0
		B	s3	174	11:26:09 AM	0.0009214658	+9.18305750172771E-11	+1.54131025278806E-14	+6.71323520093933E-02	+2.39647045135498E+01	+4.94776616534661E+06	+0.00000000000000E+00	+4.94776756614685E+06	+4.94773775810242E+06	+4.94779457275391E+06 	0	0	0	0
		B	s3	175	11:26:11 AM	0.0009559087	+9.07414336620931E-11	+1.54354397084548E-14	+6.70352021986858E-02	+2.39697265625000E+01	+4.94776617150708E+06	+0.00000000000000E+00	+4.94776759323120E+06	+4.94773771713257E+06	+4.94779462604523E+06 	0	0	0	0
		B	s3	176	11:26:13 AM	0.0009909836	+9.31253022190236E-11	+1.54223823464338E-14	+6.70919577273992E-02	+2.39952468872070E+01	+4.94776616538445E+06	+0.00000000000000E+00	+4.94776760395050E+06	+4.94773770481110E+06	+4.94779462612152E+06 	0	0	0	0
		B	s3	177	11:26:14 AM	0.0010266904	+9.12714184648535E-11	+1.54449165247454E-14	+6.69940700903726E-02	+2.39999637603760E+01	+4.94776617553128E+06	+0.00000000000000E+00	+4.94776762817383E+06	+4.94773766777039E+06	+4.94779468345642E+06 	0	0	0	0
		B	s3	178	11:26:16 AM	0.0010630292	+9.07178343771732E-11	+1.54359340651113E-14	+6.70330553589499E-02	+2.40110378265381E+01	+4.94776616954222E+06	+0.00000000000000E+00	+4.94776767318726E+06	+4.94773766521454E+06	+4.94779467403412E+06 	0	0	0	0
		B	s3	179	11:26:18 AM	0.0011000000	+9.47079393890220E-11	+1.54332472333796E-14	+6.70447251523483E-02	+2.40119075775146E+01	+4.94776617846864E+06	+0.00000000000000E+00	+4.94776768619538E+06	+4.94773767807007E+06	+4.94779467903137E+06 	0	0	0	0

