	10/07/22	Test #5 (today) Loc 7 Ramp 2 (Tip H10)	Tip H10	Box 5b Xtal 1		DLC	200 uN	2.2%		Points/Segment: 59	
		Seg 	ID Tag	Number	Time	Power	C0	C1	L1	R1	fs	fa	fr	f1	f2	Ch1 (Pk-Pk)	Ch2 (Pk-Pk)	Ch1 (RMS)	Ch2 (RMS)	
						uW	F	F	H	Ohms	Hz	Hz	Hz	Hz	Hz	V	V	V	V	
		B	s1	0	1:49:52 PM	0.0000000400	+2.57927990600644E-11	+1.51224657103294E-14	+6.84225576283574E-02	+2.17393474578857E+01	+4.94776626794077E+06	+0.00000000000000E+00	+4.94776771640778E+06	+4.94774098449707E+06	+4.94779155151367E+06 	0	0	0	0
		B	s1	1	1:49:54 PM	0.0000002985	+1.60639360362250E-10	+1.51580508860236E-14	+6.82619210984560E-02	+2.21811618804932E+01	+4.94776652605929E+06	+0.00000000000000E+00	+4.94776805049896E+06	+4.94774066806793E+06	+4.94779238418579E+06 	0	0	0	0
		B	s1	2	1:49:57 PM	0.0000010741	+1.61609704712910E-11	+1.50812944844808E-14	+6.86093386427602E-02	+2.22255935668945E+01	+4.94776660527190E+06	+0.00000000000000E+00	+4.94776776756287E+06	+4.94774082668305E+06	+4.94779238399506E+06 	0	0	0	0
		B	s1	3	1:49:59 PM	0.0000023668	+1.25152108102867E-10	+1.51851360485639E-14	+6.81401621403221E-02	+2.23241252899170E+01	+4.94776662436292E+06	+0.00000000000000E+00	+4.94776803066254E+06	+4.94774055320740E+06	+4.94779269565582E+06 	0	0	0	0
		B	s1	4	1:50:02 PM	0.0000041766	+6.35427409714103E-11	+1.51220512174059E-14	+6.84244202215079E-02	+2.22752933502197E+01	+4.94776673281563E+06	+0.00000000000000E+00	+4.94776798698426E+06	+4.94774082675934E+06	+4.94779263900757E+06 	0	0	0	0
		B	s1	5	1:50:04 PM	0.0000065034	+6.36932796928017E-11	+1.51137456259739E-14	+6.84620229316001E-02	+2.22791824340820E+01	+4.94776670288939E+06	+0.00000000000000E+00	+4.94776804103852E+06	+4.94774080654145E+06	+4.94779259937287E+06 	0	0	0	0
		B	s1	6	1:50:07 PM	0.0000093473	+6.63052546931117E-11	+1.51359648216449E-14	+6.83615225807340E-02	+2.22271099090576E+01	+4.94776669976145E+06	+0.00000000000000E+00	+4.94776807884217E+06	+4.94774082595825E+06	+4.94779257369995E+06 	0	0	0	0
		B	s1	7	1:50:09 PM	0.0000127082	+1.68091228185036E-10	+1.51049366789865E-14	+6.85019498152414E-02	+2.22330513000488E+01	+4.94776666769916E+06	+0.00000000000000E+00	+4.94776801414490E+06	+4.94774084003449E+06	+4.94779249549866E+06 	0	0	0	0
		B	s1	8	1:50:11 PM	0.0000165862	+2.41264738369589E-11	+1.51137159184726E-14	+6.84621560969368E-02	+2.22376937866211E+01	+4.94776675360604E+06	+0.00000000000000E+00	+4.94776790473938E+06	+4.94774090553284E+06	+4.94779260181427E+06 	0	0	0	0
		B	s1	9	1:50:14 PM	0.0000209813	+9.78171173604460E-11	+1.51299251346982E-14	+6.83888146105275E-02	+2.22152481079102E+01	+4.94776659415168E+06	+0.00000000000000E+00	+4.94776792530060E+06	+4.94774074447632E+06	+4.94779244396210E+06 	0	0	0	0
		B	s1	10	1:50:16 PM	0.0000258935	+6.06644186601609E-11	+1.51239811384196E-14	+6.84156902379041E-02	+2.21737670898437E+01	+4.94776668112709E+06	+0.00000000000000E+00	+4.94776795272827E+06	+4.94774088985443E+06	+4.94779247253418E+06 	0	0	0	0
		B	s1	11	1:50:18 PM	0.0000313227	+6.94973793711342E-11	+1.51126417542809E-14	+6.84670245339922E-02	+2.21495590209961E+01	+4.94776666909196E+06	+0.00000000000000E+00	+4.94776802055359E+06	+4.94774092529297E+06	+4.94779241302490E+06 	0	0	0	0
		B	s1	12	1:50:21 PM	0.0000372690	+5.94940388870838E-11	+1.51274846581462E-14	+6.83998443429796E-02	+2.21821403503418E+01	+4.94776671175902E+06	+0.00000000000000E+00	+4.94776802837372E+06	+4.94774090476990E+06	+4.94779251888275E+06 	0	0	0	0
		B	s1	13	1:50:22 PM	0.0000437324	+6.11435795856506E-11	+1.51115632098432E-14	+6.84719100394402E-02	+2.21147384643555E+01	+4.94776670998574E+06	+0.00000000000000E+00	+4.94776805438996E+06	+4.94774100849152E+06	+4.94779241161347E+06 	0	0	0	0
		B	s1	14	1:50:25 PM	0.0000507128	+6.03026813744182E-11	+1.50677480255713E-14	+6.86710196456747E-02	+2.21004524230957E+01	+4.94776665255594E+06	+0.00000000000000E+00	+4.94776797008515E+06	+4.94774104213715E+06	+4.94779226310730E+06 	0	0	0	0
		B	s1	15	1:50:27 PM	0.0000582104	+1.31685635600505E-10	+1.51002080824139E-14	+6.85234009971830E-02	+2.21017398834228E+01	+4.94776666955013E+06	+0.00000000000000E+00	+4.94776794528961E+06	+4.94774100246430E+06	+4.94779233676911E+06 	0	0	0	0
		B	s1	16	1:50:29 PM	0.0000662249	+9.41696473764869E-11	+1.51290459355937E-14	+6.83927876165848E-02	+2.20517921447754E+01	+4.94776664099716E+06	+0.00000000000000E+00	+4.94776794071198E+06	+4.94774098300934E+06	+4.94779229911804E+06 	0	0	0	0
		B	s1	17	1:50:31 PM	0.0000747566	+5.86884349719822E-11	+1.51120076516602E-14	+6.84698982738920E-02	+2.20554351806641E+01	+4.94776663834608E+06	+0.00000000000000E+00	+4.94776790718079E+06	+4.94774100502014E+06	+4.94779227180481E+06 	0	0	0	0
		B	s1	18	1:50:32 PM	0.0000838053	+9.04890677192547E-11	+1.51163961386578E-14	+6.84500210188493E-02	+2.20522480010986E+01	+4.94776662209545E+06	+0.00000000000000E+00	+4.94776793907166E+06	+4.94774098503113E+06	+4.94779225929260E+06 	0	0	0	0
		B	s1	19	1:50:34 PM	0.0000933711	+1.27196808428499E-10	+1.51065607152062E-14	+6.84945869291871E-02	+2.20266628265381E+01	+4.94776661566792E+06	+0.00000000000000E+00	+4.94776793148041E+06	+4.94774102500916E+06	+4.94779220645905E+06 	0	0	0	0
		B	s1	20	1:50:36 PM	0.0001034540	+9.54630413229959E-11	+1.51236890305677E-14	+6.84170127602804E-02	+2.20153598785400E+01	+4.94776664130261E+06	+0.00000000000000E+00	+4.94776786808014E+06	+4.94774103477478E+06	+4.94779224796295E+06 	0	0	0	0
		B	s1	21	1:50:38 PM	0.0001140539	+9.29209068683302E-11	+1.51229147802058E-14	+6.84205173320262E-02	+2.20136013031006E+01	+4.94776657568983E+06	+0.00000000000000E+00	+4.94776786849976E+06	+4.94774097251892E+06	+4.94779217899323E+06 	0	0	0	0
		B	s1	22	1:50:40 PM	0.0001251709	+5.31596678150730E-11	+1.51231948441782E-14	+6.84192498078847E-02	+2.20010910034180E+01	+4.94776659216939E+06	+0.00000000000000E+00	+4.94776787548065E+06	+4.94774100307465E+06	+4.94779218139649E+06 	0	0	0	0
		B	s1	23	1:50:42 PM	0.0001368050	+9.15223829029317E-11	+1.51199724820314E-14	+6.84338312821059E-02	+2.19923954010010E+01	+4.94776659243650E+06	+0.00000000000000E+00	+4.94776785839081E+06	+4.94774101890564E+06	+4.94779216609955E+06 	0	0	0	0
		B	s1	24	1:50:45 PM	0.0001489561	+5.52054578911381E-11	+1.51299088242461E-14	+6.83888889919422E-02	+2.19820995330811E+01	+4.94776657040660E+06	+0.00000000000000E+00	+4.94776783458710E+06	+4.94774099205017E+06	+4.94779214889527E+06 	0	0	0	0
		B	s1	25	1:50:47 PM	0.0001616243	+5.43987634769943E-11	+1.51321357951841E-14	+6.83788245974370E-02	+2.19561653137207E+01	+4.94776656016428E+06	+0.00000000000000E+00	+4.94776782154083E+06	+4.94774100822449E+06	+4.94779211223602E+06 	0	0	0	0
		B	s1	26	1:50:49 PM	0.0001748096	+5.72143211864150E-11	+1.51421469487958E-14	+6.83336166786521E-02	+2.19773216247559E+01	+4.94776654589710E+06	+0.00000000000000E+00	+4.94776786243439E+06	+4.94774095241547E+06	+4.94779213951111E+06 	0	0	0	0
		B	s1	27	1:50:52 PM	0.0001885119	+9.54888595908800E-11	+1.51300951454822E-14	+6.83880478090746E-02	+2.19685192108154E+01	+4.94776653424335E+06	+0.00000000000000E+00	+4.94776785644531E+06	+4.94774097137451E+06	+4.94779209724426E+06 	0	0	0	0
		B	s1	28	1:50:54 PM	0.0002027314	+5.15680811987341E-11	+1.51507227278050E-14	+6.82949380011026E-02	+2.19442729949951E+01	+4.94776653615067E+06	+0.00000000000000E+00	+4.94776781436920E+06	+4.94774096668244E+06	+4.94779210575104E+06 	0	0	0	0
		B	s1	29	1:50:57 PM	0.0002174679	+5.54640323747440E-11	+1.51240546060398E-14	+6.84153622963966E-02	+2.19458255767822E+01	+4.94776652205558E+06	+0.00000000000000E+00	+4.94776785205841E+06	+4.94774099578858E+06	+4.94779204845429E+06 	0	0	0	0
		B	s1	30	1:50:58 PM	0.0002327214	+5.19223256280027E-11	+1.51423397379020E-14	+6.83327469364214E-02	+2.19358177185059E+01	+4.94776653622709E+06	+0.00000000000000E+00	+4.94776783443451E+06	+4.94774099075318E+06	+4.94779208183289E+06 	0	0	0	0
		B	s1	31	1:51:00 PM	0.0002484920	+5.32297248907971E-11	+1.51432547226377E-14	+6.83286180743848E-02	+2.19683933258057E+01	+4.94776653859199E+06	+0.00000000000000E+00	+4.94776784023285E+06	+4.94774095363617E+06	+4.94779212368012E+06 	0	0	0	0
		B	s1	32	1:51:02 PM	0.0002647797	+5.30611933398410E-11	+1.51257254078386E-14	+6.84078052385778E-02	+2.19564037322998E+01	+4.94776651600921E+06	+0.00000000000000E+00	+4.94776783744812E+06	+4.94774097461701E+06	+4.94779205753327E+06 	0	0	0	0
		B	s1	33	1:51:05 PM	0.0002815845	+5.28659986701229E-11	+1.51284650988101E-14	+6.83954159797222E-02	+2.20593280792236E+01	+4.94776655001659E+06	+0.00000000000000E+00	+4.94776784706116E+06	+4.94774088424683E+06	+4.94779221591950E+06 	0	0	0	0
		B	s1	34	1:51:07 PM	0.0002989063	+5.41659869749057E-11	+1.51335520326536E-14	+6.83724254308101E-02	+2.20648593902588E+01	+4.94776656367313E+06	+0.00000000000000E+00	+4.94776786582947E+06	+4.94774088283539E+06	+4.94779224464417E+06 	0	0	0	0
		B	s1	35	1:51:09 PM	0.0003167453	+5.52686765072744E-11	+1.51391347414725E-14	+6.83472122282522E-02	+2.20485973358154E+01	+4.94776657019631E+06	+0.00000000000000E+00	+4.94776785556793E+06	+4.94774089881897E+06	+4.94779224170685E+06 	0	0	0	0
		B	s1	36	1:51:11 PM	0.0003351012	+5.42994683593473E-11	+1.51552917942279E-14	+6.82743482432204E-02	+2.20528945922852E+01	+4.94776653538703E+06	+0.00000000000000E+00	+4.94776789142609E+06	+4.94774083160401E+06	+4.94779223930359E+06 	0	0	0	0
		B	s1	37	1:51:13 PM	0.0003539743	+5.93579270927095E-11	+1.51450676968946E-14	+6.83204380609996E-02	+2.20868263244629E+01	+4.94776655970561E+06	+0.00000000000000E+00	+4.94776788490296E+06	+4.94774083374024E+06	+4.94779228580475E+06 	0	0	0	0
		B	s1	38	1:51:15 PM	0.0003733644	+5.71204927241373E-11	+1.51463099203016E-14	+6.83148342252934E-02	+2.20907783508301E+01	+4.94776657927497E+06	+0.00000000000000E+00	+4.94776792419434E+06	+4.94774084659577E+06	+4.94779231208801E+06 	0	0	0	0
		B	s1	39	1:51:16 PM	0.0003932716	+5.81199366252506E-11	+1.51676189227852E-14	+6.82188595496451E-02	+2.20833377838135E+01	+4.94776654660195E+06	+0.00000000000000E+00	+4.94776791603089E+06	+4.94774078639984E+06	+4.94779230693817E+06 	0	0	0	0
		B	s1	40	1:51:18 PM	0.0004136958	+6.02009938275697E-11	+1.51481787861604E-14	+6.83064056911939E-02	+2.20674896240234E+01	+4.94776659285542E+06	+0.00000000000000E+00	+4.94776794593811E+06	+4.94774088413239E+06	+4.94779230171204E+06 	0	0	0	0
		B	s1	41	1:51:20 PM	0.0004346372	+9.78658516157420E-11	+1.51709372647919E-14	+6.82039370994445E-02	+2.20912418365479E+01	+4.94776658019028E+06	+0.00000000000000E+00	+4.94776799896240E+06	+4.94774080513001E+06	+4.94779235538483E+06 	0	0	0	0
		B	s1	42	1:51:22 PM	0.0004560956	+6.00403034846414E-11	+1.51578405250037E-14	+6.82628665365644E-02	+2.20893535614014E+01	+4.94776659502958E+06	+0.00000000000000E+00	+4.94776796455384E+06	+4.94774084442139E+06	+4.94779234577179E+06 	0	0	0	0
		B	s1	43	1:51:24 PM	0.0004780710	+6.03138484507239E-11	+1.51923945728192E-14	+6.81076064230819E-02	+2.20565795898437E+01	+4.94776662981951E+06	+0.00000000000000E+00	+4.94776801959992E+06	+4.94774085880280E+06	+4.94779240097046E+06 	0	0	0	0
		B	s1	44	1:51:26 PM	0.0005005636	+6.23201724563632E-11	+1.51608252968338E-14	+6.82494262817313E-02	+2.20602378845215E+01	+4.94776663393964E+06	+0.00000000000000E+00	+4.94776796298981E+06	+4.94774091220856E+06	+4.94779235580445E+06 	0	0	0	0
		B	s1	45	1:51:29 PM	0.0005235732	+6.28535389479971E-11	+1.51884231086942E-14	+6.81254154308316E-02	+2.20792961120605E+01	+4.94776662066414E+06	+0.00000000000000E+00	+4.94776803638458E+06	+4.94774082984925E+06	+4.94779241161347E+06 	0	0	0	0
		B	s1	46	1:51:31 PM	0.0005470999	+6.35350955949116E-11	+1.51860700192421E-14	+6.81359713528350E-02	+2.20598373413086E+01	+4.94776662598578E+06	+0.00000000000000E+00	+4.94776803321839E+06	+4.94774086189270E+06	+4.94779239021301E+06 	0	0	0	0
		B	s1	47	1:51:33 PM	0.0005711436	+6.13466611560804E-11	+1.51674746643280E-14	+6.82195057899639E-02	+2.20404453277588E+01	+4.94776664059635E+06	+0.00000000000000E+00	+4.94776797607422E+06	+4.94774093067169E+06	+4.94779235065460E+06 	0	0	0	0
		B	s1	48	1:51:36 PM	0.0005957044	+6.42423710651453E-11	+1.51769027933506E-14	+6.81771269941862E-02	+2.20555953979492E+01	+4.94776663237550E+06	+0.00000000000000E+00	+4.94776796466828E+06	+4.94774088878632E+06	+4.94779237609864E+06 	0	0	0	0
		B	s1	49	1:51:38 PM	0.0006207823	+6.28480037698526E-11	+1.51759871137373E-14	+6.81812399493146E-02	+2.20477581024170E+01	+4.94776665688499E+06	+0.00000000000000E+00	+4.94776803020477E+06	+4.94774092399597E+06	+4.94779238990784E+06 	0	0	0	0
		B	s1	50	1:51:39 PM	0.0006463773	+6.30083387182885E-11	+1.51794165852065E-14	+6.81658366555723E-02	+2.20508155822754E+01	+4.94776662674883E+06	+0.00000000000000E+00	+4.94776802616120E+06	+4.94774088447571E+06	+4.94779236915589E+06 	0	0	0	0
		B	s1	51	1:51:42 PM	0.0006724893	+6.27649383364509E-11	+1.51835714081836E-14	+6.81471835627847E-02	+2.20504493713379E+01	+4.94776663531279E+06	+0.00000000000000E+00	+4.94776802021027E+06	+4.94774088642121E+06	+4.94779238433838E+06 	0	0	0	0
		B	s1	52	1:51:44 PM	0.0006991184	+6.18309864931515E-11	+1.52002067715908E-14	+6.80726021229168E-02	+2.20348339080811E+01	+4.94776663565606E+06	+0.00000000000000E+00	+4.94776804576874E+06	+4.94774087680817E+06	+4.94779239463806E+06 	0	0	0	0
		B	s1	53	1:51:46 PM	0.0007262645	+6.16210789524508E-11	+1.51912791309033E-14	+6.81126067739914E-02	+2.20484199523926E+01	+4.94776664978951E+06	+0.00000000000000E+00	+4.94776802165985E+06	+4.94774089019776E+06	+4.94779240951538E+06 	0	0	0	0
		B	s1	54	1:51:48 PM	0.0007539278	+6.20212259889470E-11	+1.51894017086603E-14	+6.81210247900325E-02	+2.20462303161621E+01	+4.94776667727444E+06	+0.00000000000000E+00	+4.94776802040100E+06	+4.94774092342377E+06	+4.94779243125916E+06 	0	0	0	0
		B	s1	55	1:51:50 PM	0.0007821081	+6.44555513088023E-11	+1.51844668512550E-14	+6.81431648957047E-02	+2.20457191467285E+01	+4.94776663386323E+06	+0.00000000000000E+00	+4.94776803142548E+06	+4.94774088897705E+06	+4.94779237888336E+06 	0	0	0	0
		B	s1	56	1:51:52 PM	0.0008108055	+6.26588238082964E-11	+1.51868484004427E-14	+6.81324789274876E-02	+2.20486145019531E+01	+4.94776663357709E+06	+0.00000000000000E+00	+4.94776801326752E+06	+4.94774088127136E+06	+4.94779238601685E+06 	0	0	0	0
		B	s1	57	1:51:55 PM	0.0008400199	+6.43498368067410E-11	+1.52083945054344E-14	+6.80359526177785E-02	+2.20701961517334E+01	+4.94776668295802E+06	+0.00000000000000E+00	+4.94776805793762E+06	+4.94774086887360E+06	+4.94779249717713E+06 	0	0	0	0
		B	s1	58	1:51:56 PM	0.0008697514	+6.69689274292548E-11	+1.52055933770214E-14	+6.80484873314331E-02	+2.20652427673340E+01	+4.94776663437791E+06	+0.00000000000000E+00	+4.94776805706024E+06	+4.94774083084107E+06	+4.94779243804932E+06 	0	0	0	0
		B	s1	59	1:51:59 PM	0.0009000000	+6.62020954982949E-11	+1.52070077979168E-14	+6.80421578253630E-02	+2.20591621398926E+01	+4.94776664309451E+06	+0.00000000000000E+00	+4.94776809238434E+06	+4.94774084426880E+06	+4.94779244205475E+06 	0	0	0	0
		T	s2 	60	1:56:02 PM	0.0009000000	+5.27003677259583E-11	+1.51893847829595E-14	+6.81210717444048E-02	+2.25871124267578E+01	+4.94776772875426E+06	+0.00000000000000E+00	+4.94776912235260E+06	+4.94774134307862E+06	+4.94779411457062E+06 	0.704000	0.050000	0.247838	0.008693
		T	s2 	61	1:56:08 PM	0.0008697514	+6.92441867126968E-11	+1.52078131718641E-14	+6.80385171297790E-02	+2.26326026916504E+01	+4.94776800024581E+06	+0.00000000000000E+00	+4.94776938472748E+06	+4.94774152935028E+06	+4.94779447128296E+06 	0.696000	0.046000	0.239489	0.009164
		T	s2 	62	1:56:13 PM	0.0008400199	+7.46480310582778E-11	+1.52162628633984E-14	+6.80007326829071E-02	+2.26701850891113E+01	+4.94776808056395E+06	+0.00000000000000E+00	+4.94776950775147E+06	+4.94774155097962E+06	+4.94779461029053E+06 	0.696000	0.048000	0.236839	0.010362
		T	s2 	63	1:56:19 PM	0.0008108055	+7.42888440425334E-11	+1.52316019329623E-14	+6.79322528105227E-02	+2.26426658630371E+01	+4.94776805710359E+06	+0.00000000000000E+00	+4.94776948451996E+06	+4.94774153301239E+06	+4.94779458133698E+06 	0.680000	0.044000	0.233202	0.011412
		T	s2 	64	1:56:25 PM	0.0007821081	+7.40333253625052E-11	+1.52076095424116E-14	+6.80394256461069E-02	+2.26713428497314E+01	+4.94776809177923E+06	+0.00000000000000E+00	+4.94776945945740E+06	+4.94774157592774E+06	+4.94779460777283E+06 	0.672000	0.050000	0.228402	0.011122
		T	s2 	65	1:56:30 PM	0.0007539278	+7.06658965698943E-11	+1.52357809994320E-14	+6.79136195239236E-02	+2.26548328399658E+01	+4.94776805536779E+06	+0.00000000000000E+00	+4.94776944831848E+06	+4.94774150974274E+06	+4.94779460113525E+06 	0.664000	0.048000	0.225172	0.011039
		T	s2 	66	1:56:35 PM	0.0007262645	+7.08288300562233E-11	+1.52399412918924E-14	+6.78950802818231E-02	+2.26651496887207E+01	+4.94776804686091E+06	+0.00000000000000E+00	+4.94776952316284E+06	+4.94774148189545E+06	+4.94779461196900E+06 	0.656000	0.046000	0.219915	0.010942
		T	s2 	67	1:56:41 PM	0.0006991184	+7.20126600202209E-11	+1.52283169876450E-14	+6.79469065793020E-02	+2.26709365844727E+01	+4.94776806068926E+06	+0.00000000000000E+00	+4.94776945991516E+06	+4.94774150920868E+06	+4.94779461231232E+06 	0.640000	0.052000	0.215789	0.009683
		T	s2 	68	1:56:46 PM	0.0006724893	+7.06143761927818E-11	+1.52193965866062E-14	+6.79867311671935E-02	+2.27018070220947E+01	+4.94776807852286E+06	+0.00000000000000E+00	+4.94776945774079E+06	+4.94774150646210E+06	+4.94779465072632E+06 	0.616000	0.042000	0.211671	0.008572
		T	s2 	69	1:56:52 PM	0.0006463773	+7.16070452504905E-11	+1.52223664631307E-14	+6.79734671142775E-02	+2.26952762603760E+01	+4.94776807392616E+06	+0.00000000000000E+00	+4.94776953498841E+06	+4.94774150432587E+06	+4.94779464366913E+06 	0.624000	0.044000	0.207590	0.009653
		T	s2 	70	1:56:57 PM	0.0006207823	+6.86749269463832E-11	+1.52236744601923E-14	+6.79676283239621E-02	+2.26616249084473E+01	+4.94776802311459E+06	+0.00000000000000E+00	+4.94776938465119E+06	+4.94774149063111E+06	+4.94779455574036E+06 	0.632000	0.048000	0.203359	0.007876
		T	s2 	71	1:57:03 PM	0.0005957044	+6.81591270898029E-11	+1.52078830502285E-14	+6.80382034142085E-02	+2.27022953033447E+01	+4.94776803976564E+06	+0.00000000000000E+00	+4.94776943630219E+06	+4.94774148723602E+06	+4.94779459243775E+06 	0.632000	0.044000	0.198660	0.008089
		T	s2 	72	1:57:08 PM	0.0005711436	+6.76665002601770E-11	+1.51936729804304E-14	+6.81018377538241E-02	+2.26905231475830E+01	+4.94776801172782E+06	+0.00000000000000E+00	+4.94776936805725E+06	+4.94774149776459E+06	+4.94779452583313E+06 	0.592000	0.040000	0.194437	0.010300
		T	s2 	73	1:57:14 PM	0.0005470999	+6.82448522407119E-11	+1.52038599277277E-14	+6.80562085418753E-02	+2.27343044281006E+01	+4.94776798857224E+06	+0.00000000000000E+00	+4.94776938137055E+06	+4.94774140563965E+06	+4.94779457164765E+06 	0.576000	0.050000	0.190642	0.008485
		T	s2 	74	1:57:19 PM	0.0005235732	+6.38058676584457E-11	+1.52110591202741E-14	+6.80239992334194E-02	+2.27132568359375E+01	+4.94776795975226E+06	+0.00000000000000E+00	+4.94776930843353E+06	+4.94774138885498E+06	+4.94779453079224E+06 	0.584000	0.050000	0.186172	0.010040
		T	s2 	75	1:57:25 PM	0.0005005636	+6.87463921449764E-11	+1.52043831213858E-14	+6.80538671142073E-02	+2.27183036804199E+01	+4.94776797276041E+06	+0.00000000000000E+00	+4.94776937274933E+06	+4.94774140762329E+06	+4.94779453804016E+06 	0.568000	0.046000	0.182455	0.007648
		T	s2 	76	1:57:30 PM	0.0004780710	+6.22028968395526E-11	+1.51765344197579E-14	+6.81787450982341E-02	+2.27215728759766E+01	+4.94776796515033E+06	+0.00000000000000E+00	+4.94776934158325E+06	+4.94774144485474E+06	+4.94779448558807E+06 	0.568000	0.044000	0.177692	0.007659
		T	s2 	77	1:57:35 PM	0.0004560956	+6.12389209613552E-11	+1.52204598527866E-14	+6.79819870743537E-02	+2.26928253173828E+01	+4.94776788553737E+06	+0.00000000000000E+00	+4.94776927558899E+06	+4.94774132213593E+06	+4.94779444908142E+06 	0.568000	0.046000	0.173959	0.010038
		T	s2 	78	1:57:40 PM	0.0004346372	+6.01621602628559E-11	+1.51672691638987E-14	+6.82203959310844E-02	+2.27244491577148E+01	+4.94776787937693E+06	+0.00000000000000E+00	+4.94776924903870E+06	+4.94774137191773E+06	+4.94779438697815E+06 	0.544000	0.042000	0.169472	0.008666
		T	s2 	79	1:57:46 PM	0.0004136958	+6.19663912128881E-11	+1.51632356651395E-14	+6.82385416996999E-02	+2.27583637237549E+01	+4.94776792316948E+06	+0.00000000000000E+00	+4.94776925167084E+06	+4.94774138320923E+06	+4.94779446327210E+06 	0.536000	0.040000	0.165410	0.008044
		T	s2 	80	1:57:52 PM	0.0003932716	+5.89233723787945E-11	+1.51748775639099E-14	+6.81861915815343E-02	+2.27439441680908E+01	+4.94776787640128E+06	+0.00000000000000E+00	+4.94776925300598E+06	+4.94774133289337E+06	+4.94779442005158E+06 	0.504000	0.038000	0.161386	0.007670
		T	s2 	81	1:57:58 PM	0.0003733644	+5.53758854867714E-11	+1.51975433350177E-14	+6.80844994892961E-02	+2.27183303833008E+01	+4.94776782228974E+06	+0.00000000000000E+00	+4.94776918746948E+06	+4.94774126907349E+06	+4.94779437564850E+06 	0.496000	0.046000	0.157749	0.008423
		T	s2 	82	1:58:04 PM	0.0003539743	+5.64801889977864E-11	+1.51888628185289E-14	+6.81234106424366E-02	+2.26951637268066E+01	+4.94776780424645E+06	+0.00000000000000E+00	+4.94776911518097E+06	+4.94774129325867E+06	+4.94779431537628E+06 	0.488000	0.038000	0.153493	0.007477
		T	s2 	83	1:58:09 PM	0.0003351012	+5.37259071628891E-11	+1.51686655371208E-14	+6.82141176745451E-02	+2.27611560821533E+01	+4.94776781157045E+06	+0.00000000000000E+00	+4.94776913619995E+06	+4.94774125885010E+06	+4.94779436443329E+06 	0.496000	0.042000	0.149205	0.009980
		T	s2 	84	1:58:15 PM	0.0003167453	+5.19255290889668E-11	+1.51724587424633E-14	+6.81970640477614E-02	+2.27637367248535E+01	+4.94776780031704E+06	+0.00000000000000E+00	+4.94776910816193E+06	+4.94774123794556E+06	+4.94779436283112E+06 	0.456000	0.040000	0.144544	0.009447
		T	s2 	85	1:58:21 PM	0.0002989063	+5.35567394774800E-11	+1.51804512300640E-14	+6.81611597764109E-02	+2.27514743804932E+01	+4.94776774975323E+06	+0.00000000000000E+00	+4.94776913776398E+06	+4.94774118770600E+06	+4.94779431194306E+06 	0.448000	0.044000	0.141282	0.007804
		T	s2 	86	1:58:26 PM	0.0002815845	+5.65969640618579E-11	+1.51560261809297E-14	+6.82710032534850E-02	+2.27906589508057E+01	+4.94776786705515E+06	+0.00000000000000E+00	+4.94776918590546E+06	+4.94774130207062E+06	+4.94779443218231E+06 	0.448000	0.038000	0.136464	0.006721
		T	s2 	87	1:58:31 PM	0.0002647797	+5.46319453426779E-11	+1.51646290185097E-14	+6.82322744217693E-02	+2.27797908782959E+01	+4.94776782883187E+06	+0.00000000000000E+00	+4.94776914512634E+06	+4.94774126144409E+06	+4.94779439636231E+06 	0.424000	0.038000	0.131695	0.010153
		T	s2 	88	1:58:37 PM	0.0002484920	+8.69165912664208E-11	+1.51619065557833E-14	+6.82445250520387E-02	+2.28064537048340E+01	+4.94776786926752E+06	+0.00000000000000E+00	+4.94776917106629E+06	+4.94774127555847E+06	+4.94779446311951E+06 	0.424000	0.042000	0.128978	0.008560
		T	s2 	89	1:58:43 PM	0.0002327214	+6.47977646158313E-11	+1.51599955873839E-14	+6.82531236539343E-02	+2.28572597503662E+01	+4.94776800880885E+06	+0.00000000000000E+00	+4.94776932922363E+06	+4.94774135921478E+06	+4.94779465854645E+06 	0.416000	0.044000	0.124341	0.007646
		T	s2 	90	1:58:48 PM	0.0002174679	+6.76204826347711E-11	+1.51608428451401E-14	+6.82493045570207E-02	+2.28772792816162E+01	+4.94776818272076E+06	+0.00000000000000E+00	+4.94776938522339E+06	+4.94774150829315E+06	+4.94779485729218E+06 	0.432000	0.044000	0.120622	0.007907
		T	s2 	91	1:58:53 PM	0.0002027314	+7.75412847643614E-11	+1.51536293112643E-14	+6.82817915556354E-02	+2.29575939178467E+01	+4.94776823707976E+06	+0.00000000000000E+00	+4.94776954490662E+06	+4.94774148174286E+06	+4.94779499256134E+06 	0.384000	0.040000	0.115767	0.009017
		T	s2 	92	1:58:59 PM	0.0001885119	+7.99041121139168E-11	+1.51545581993122E-14	+6.82776025391993E-02	+2.29166965484619E+01	+4.94776837229195E+06	+0.00000000000000E+00	+4.94776966342926E+06	+4.94774166297913E+06	+4.94779508174896E+06 	0.376000	0.034000	0.111579	0.006592
		T	s2 	93	1:59:05 PM	0.0001748096	+8.30152727938815E-11	+1.51739792895329E-14	+6.81902122039886E-02	+2.28378257751465E+01	+4.94776845276330E+06	+0.00000000000000E+00	+4.94776972209931E+06	+4.94774180126190E+06	+4.94779510440827E+06 	0.384000	0.040000	0.107701	0.008254
		T	s2 	94	1:59:11 PM	0.0001616243	+8.59583997536538E-11	+1.51738346227714E-14	+6.81908601986504E-02	+2.28354930877686E+01	+4.94776852997279E+06	+0.00000000000000E+00	+4.94776979820252E+06	+4.94774188144684E+06	+4.94779517864227E+06 	0.352000	0.046000	0.103693	0.006419
		T	s2 	95	1:59:17 PM	0.0001489561	+8.97443758371941E-11	+1.51587519727810E-14	+6.82587060108921E-02	+2.28628921508789E+01	+4.94776862808678E+06	+0.00000000000000E+00	+4.94776987834931E+06	+4.94774197410584E+06	+4.94779528221131E+06 	0.336000	0.038000	0.098994	0.010020
		T	s2 	96	1:59:23 PM	0.0001368050	+9.36646761845937E-11	+1.51685655224221E-14	+6.82145434417104E-02	+2.28760585784912E+01	+4.94776868217901E+06	+0.00000000000000E+00	+4.94776997581482E+06	+4.94774199558258E+06	+4.94779536891937E+06 	0.336000	0.046000	0.095972	0.006283
		T	s2 	97	1:59:28 PM	0.0001251709	+9.68215519258982E-11	+1.51462398963375E-14	+6.83150894505264E-02	+2.28502082824707E+01	+4.94776877403729E+06	+0.00000000000000E+00	+4.94776998764038E+06	+4.94774215682984E+06	+4.94779539138794E+06 	0.312000	0.036000	0.091482	0.007008
		T	s2 	98	1:59:33 PM	0.0001140539	+3.67988670784490E-11	+1.51788810900013E-14	+6.81681802277202E-02	+2.29139385223389E+01	+4.94776884949129E+06	+0.00000000000000E+00	+4.94777011264801E+06	+4.94774210052490E+06	+4.94779559860230E+06 	0.304000	0.036000	0.087487	0.006274
		T	s2 	99	1:59:39 PM	0.0001034540	+1.03473925112202E-10	+1.51588914266824E-14	+6.82580700587236E-02	+2.29056415557861E+01	+4.94776891830868E+06	+0.00000000000000E+00	+4.94777017391205E+06	+4.94774221424103E+06	+4.94779562252045E+06 	0.296000	0.052000	0.083175	0.007088
		T	s2 	100	1:59:45 PM	0.0000933711	+1.11621518050240E-10	+1.51419702695472E-14	+6.83343453387550E-02	+2.29007568359375E+01	+4.94776903189148E+06	+0.00000000000000E+00	+4.94777024833679E+06	+4.94774236331940E+06	+4.94779570060730E+06 	0.296000	0.044000	0.078995	0.008545
		T	s2 	101	1:59:51 PM	0.0000838053	+8.17294328050187E-11	+1.51725714830001E-14	+6.81965211774928E-02	+2.29385356903076E+01	+4.94776911091240E+06	+0.00000000000000E+00	+4.94777035778046E+06	+4.94774234436035E+06	+4.94779587760926E+06 	0.272000	0.040000	0.075715	0.006573
		T	s2 	102	1:59:56 PM	0.0000747566	+8.52730197189532E-11	+1.51311488028953E-14	+6.83832120874319E-02	+2.29548969268799E+01	+4.94776919397773E+06	+0.00000000000000E+00	+4.94777041992188E+06	+4.94774248146057E+06	+4.94779590663910E+06 	0.272000	0.036000	0.072206	0.006237
		T	s2 	103	2:00:02 PM	0.0000662249	+1.21134466497942E-10	+1.51416374129792E-14	+6.83358402216173E-02	+2.29453010559082E+01	+4.94776929623065E+06	+0.00000000000000E+00	+4.94777050281525E+06	+4.94774257637024E+06	+4.94779601623535E+06 	0.280000	0.036000	0.067881	0.006737
		T	s2 	104	2:00:08 PM	0.0000582104	+6.44079944944034E-11	+1.51213065084387E-14	+6.84277160224433E-02	+2.29462184906006E+01	+4.94776940931754E+06	+0.00000000000000E+00	+4.94777056022644E+06	+4.94774272426605E+06	+4.94779609451294E+06 	0.248000	0.038000	0.063011	0.007190
		T	s2 	105	2:00:13 PM	0.0000507128	+7.00409835968370E-11	+1.51392076593318E-14	+6.83467995236774E-02	+2.29894599914551E+01	+4.94776959295662E+06	+0.00000000000000E+00	+4.94777072963715E+06	+4.94774282596588E+06	+4.94779636009216E+06 	0.232000	0.034000	0.059223	0.006329
		T	s2 	106	2:00:19 PM	0.0000437324	+1.25979666171063E-11	+1.51097899552886E-14	+6.84798664521892E-02	+2.30196437835693E+01	+4.94776957521837E+06	+0.00000000000000E+00	+4.94777086265564E+06	+4.94774282516480E+06	+4.94779632541657E+06 	0.216000	0.038000	0.056873	0.007361
		T	s2 	107	2:00:25 PM	0.0000372690	+1.52022627355966E-10	+1.51486387432902E-14	+6.83042454599027E-02	+2.30167789459229E+01	+4.94776971664792E+06	+0.00000000000000E+00	+4.94777098037720E+06	+4.94774290115357E+06	+4.94779653228760E+06 	0.200000	0.036000	0.051595	0.007886
		T	s2 	108	2:00:30 PM	0.0000313227	+5.70178338042795E-11	+1.51379360116903E-14	+6.83525325948773E-02	+2.30488109588623E+01	+4.94776989464159E+06	+0.00000000000000E+00	+4.94777122673035E+06	+4.94774306079865E+06	+4.94779672863007E+06 	0.192000	0.042000	0.048841	0.006589
		T	s2 	109	2:00:36 PM	0.0000258935	+1.00267266824927E-10	+1.51670024164455E-14	+6.82215386755782E-02	+2.30427875518799E+01	+4.94776994894357E+06	+0.00000000000000E+00	+4.94777129070282E+06	+4.94774307060242E+06	+4.94779682743073E+06 	0.184000	0.042000	0.044048	0.007160
		T	s2 	110	2:00:42 PM	0.0000209813	+4.45919305827126E-11	+1.51704412632111E-14	+6.82060716403288E-02	+2.31078758239746E+01	+4.94777004059122E+06	+0.00000000000000E+00	+4.94777132495880E+06	+4.94774308021546E+06	+4.94779700111389E+06 	0.168000	0.036000	0.040730	0.007090
		T	s2 	111	2:00:47 PM	0.0000165862	+4.20920588485928E-11	+1.51417926651699E-14	+6.83351162649397E-02	+2.30708312988281E+01	+4.94777013952591E+06	+0.00000000000000E+00	+4.94777139694214E+06	+4.94774327320099E+06	+4.94779700599671E+06 	0.192000	0.030000	0.038093	0.005988
		T	s2 	112	2:00:52 PM	0.0000127082	+1.17541965112409E-10	+1.51832563258259E-14	+6.81484990073270E-02	+2.30832252502441E+01	+4.94777021982481E+06	+0.00000000000000E+00	+4.94777162303925E+06	+4.94774326545716E+06	+4.94779717433930E+06 	0.144000	0.032000	0.033847	0.009540
		T	s2 	113	2:00:58 PM	0.0000093473	+9.28456104393806E-11	+1.51467514904591E-14	+6.83127365179741E-02	+2.30338687896729E+01	+4.94777042299624E+06	+0.00000000000000E+00	+4.94777176174164E+06	+4.94774359092713E+06	+4.94779725521088E+06 	0.152000	0.034000	0.029519	0.008797
		T	s2 	114	2:01:04 PM	0.0000065034	+6.67097089963891E-11	+1.52140850609108E-14	+6.80103986131799E-02	+2.30477771759033E+01	+4.94777055244726E+06	+0.00000000000000E+00	+4.94777183525086E+06	+4.94774358482361E+06	+4.94779752021790E+06 	0.136000	0.040000	0.025879	0.008808
		T	s2 	115	2:01:10 PM	0.0000041766	+6.21902439134313E-11	+1.51966406561334E-14	+6.80884671307140E-02	+2.30882358551025E+01	+4.94777060436520E+06	+0.00000000000000E+00	+4.94777194244385E+06	+4.94774362037659E+06	+4.94779758850098E+06 	0.144000	0.032000	0.026523	0.005570
		T	s2 	116	2:01:16 PM	0.0000023668	+7.20509387822413E-11	+1.51497492582590E-14	+6.82992134867906E-02	+2.30194377899170E+01	+4.94777062576654E+06	+0.00000000000000E+00	+4.94777197189331E+06	+4.94774380519867E+06	+4.94779744647980E+06 	0.120000	0.032000	0.021867	0.007621
		T	s2 	117	2:01:22 PM	0.0000010741	+6.86928960968832E-11	+1.52031114550875E-14	+6.80594877001843E-02	+2.29627513885498E+01	+4.94777058220255E+06	+0.00000000000000E+00	+4.94777182468414E+06	+4.94774373344422E+06	+4.94779743110657E+06 	0.096000	0.030000	0.020831	0.005385
		T	s2 	118	2:01:28 PM	0.0000002985	-1.89204797728157E-11	+1.51224354391444E-14	+6.84225713481296E-02	+2.29788837432861E+01	+4.94777072395737E+06	+0.00000000000000E+00	+4.94777220569611E+06	+4.94774399890900E+06	+4.94779744915009E+06 	0.168000	0.032000	0.017518	0.007124
		T	s2 	119	2:01:33 PM	0.0000000400	+7.79878267986204E-11	+1.47379332432384E-14	+7.02076662792727E-02	+2.26856098175049E+01	+4.94777076939577E+06	+0.00000000000000E+00	+4.94777198394776E+06	+4.94774505626679E+06	+4.94779648265839E+06 	0.288000	0.038000	0.019786	0.007170
		B	s3	120	2:03:51 PM	0.0000000400	-7.71030774584760E-11	+1.48734589486628E-14	+6.95680542534577E-02	+2.25628929138184E+01	+4.94776670420591E+06	+0.00000000000000E+00	+4.94776781902313E+06	+4.94774089504242E+06	+4.94779251350403E+06 	0	0	0	0
		B	s3	121	2:03:52 PM	0.0000002985	+1.39598096090701E-10	+1.51671244697695E-14	+6.82210807730012E-02	+2.28344287872314E+01	+4.94776664570315E+06	+0.00000000000000E+00	+4.94776777683258E+06	+4.94774001022339E+06	+4.94779328132630E+06 	0	0	0	0
		B	s3	122	2:03:54 PM	0.0000010741	+1.05383655930902E-10	+1.52071058329980E-14	+6.80417234419545E-02	+2.27843112945557E+01	+4.94776648815609E+06	+0.00000000000000E+00	+4.94776760845184E+06	+4.94773984107971E+06	+4.94779313537598E+06 	0	0	0	0
		B	s3	123	2:03:57 PM	0.0000023668	+1.40693287667609E-10	+1.52226683107950E-14	+6.79721647429724E-02	+2.29333381652832E+01	+4.94776641928064E+06	+0.00000000000000E+00	+4.94776775726319E+06	+4.94773957046509E+06	+4.94779326824188E+06 	0	0	0	0
		B	s3	124	2:03:59 PM	0.0000041766	+5.11962333151749E-11	+1.52025727004378E-14	+6.80620123838962E-02	+2.29452342987061E+01	+4.94776648346304E+06	+0.00000000000000E+00	+4.94776786392212E+06	+4.94773965618134E+06	+4.94779331089020E+06 	0	0	0	0
		B	s3	125	2:04:02 PM	0.0000065034	+4.85940134402521E-11	+1.51784004503557E-14	+6.81704045039935E-02	+2.28955364227295E+01	+4.94776646667891E+06	+0.00000000000000E+00	+4.94776788017273E+06	+4.94773974006653E+06	+4.94779319343567E+06 	0	0	0	0
		B	s3	126	2:04:04 PM	0.0000093473	+5.10077903013178E-11	+1.51695721254141E-14	+6.82100763326881E-02	+2.28728275299072E+01	+4.94776652840094E+06	+0.00000000000000E+00	+4.94776780242920E+06	+4.94773984382630E+06	+4.94779321311951E+06 	0	0	0	0
		B	s3	127	2:04:07 PM	0.0000127082	+8.15842094647021E-11	+1.51030815396689E-14	+6.85103674841459E-02	+2.28475265502930E+01	+4.94776654318368E+06	+0.00000000000000E+00	+4.94776791912079E+06	+4.94774000495911E+06	+4.94779308155060E+06 	0	0	0	0
		B	s3	128	2:04:09 PM	0.0000165862	+1.17979131808480E-10	+1.51488805231071E-14	+6.83032445315957E-02	+2.28716545104980E+01	+4.94776648502804E+06	+0.00000000000000E+00	+4.94776774440766E+06	+4.94773983821869E+06	+4.94779313198090E+06 	0	0	0	0
		B	s3	129	2:04:10 PM	0.0000209813	+8.26368549365299E-11	+1.51444347760134E-14	+6.83232946110140E-02	+2.28530673980713E+01	+4.94776651331418E+06	+0.00000000000000E+00	+4.94776776657105E+06	+4.94773989597321E+06	+4.94779313079834E+06 	0	0	0	0
		B	s3	130	2:04:13 PM	0.0000258935	+5.02324435824556E-11	+1.51367736828362E-14	+6.83578760319211E-02	+2.28239192962646E+01	+4.94776646545906E+06	+0.00000000000000E+00	+4.94776771961212E+06	+4.94773989551544E+06	+4.94779303554535E+06 	0	0	0	0
		B	s3	131	2:04:15 PM	0.0000313227	+1.14649081675034E-10	+1.51381060951644E-14	+6.83518592207046E-02	+2.27790527343750E+01	+4.94776647083805E+06	+0.00000000000000E+00	+4.94776780132294E+06	+4.94773995079041E+06	+4.94779299102783E+06 	0	0	0	0
		B	s3	132	2:04:18 PM	0.0000372690	+4.17990576725810E-11	+1.51399170207632E-14	+6.83436854717909E-02	+2.28518447875977E+01	+4.94776639851091E+06	+0.00000000000000E+00	+4.94776770164490E+06	+4.94773979053498E+06	+4.94779300662995E+06 	0	0	0	0
		B	s3	133	2:04:20 PM	0.0000437324	+5.09157826496115E-11	+1.51537302176003E-14	+6.82813853380798E-02	+2.28272495269775E+01	+4.94776648132801E+06	+0.00000000000000E+00	+4.94776776149750E+06	+4.94773987773895E+06	+4.94779308506012E+06 	0	0	0	0
		B	s3	134	2:04:22 PM	0.0000507128	+1.59928134293151E-11	+1.51357943632121E-14	+6.83622974298149E-02	+2.27316875457764E+01	+4.94776652006703E+06	+0.00000000000000E+00	+4.94776782394409E+06	+4.94774005920410E+06	+4.94779298107147E+06 	0	0	0	0
		B	s3	135	2:04:25 PM	0.0000582104	+8.64087611570657E-11	+1.51614491383388E-14	+6.82466206345577E-02	+2.27413635253906E+01	+4.94776654034185E+06	+0.00000000000000E+00	+4.94776781108856E+06	+4.94774002334595E+06	+4.94779305747986E+06 	0	0	0	0
		B	s3	136	2:04:27 PM	0.0000662249	+4.48337489005020E-11	+1.51659724651427E-14	+6.82262671856308E-02	+2.27060947418213E+01	+4.94776648792808E+06	+0.00000000000000E+00	+4.94776770111084E+06	+4.94774000415802E+06	+4.94779297183991E+06 	0	0	0	0
		B	s3	137	2:04:29 PM	0.0000747566	+4.55340631030290E-11	+1.51412985358699E-14	+6.83374474955141E-02	+2.26976432800293E+01	+4.94776647795293E+06	+0.00000000000000E+00	+4.94776775245667E+06	+4.94774004711151E+06	+4.94779290893555E+06 	0	0	0	0
		B	s3	138	2:04:31 PM	0.0000838053	+7.96454794051194E-11	+1.51728374915047E-14	+6.81953990321552E-02	+2.26925525665283E+01	+4.94776644573755E+06	+0.00000000000000E+00	+4.94776772399903E+06	+4.94773996578217E+06	+4.94779292583466E+06 	0	0	0	0
		B	s3	139	2:04:34 PM	0.0000933711	+4.46061254197774E-11	+1.51684605396827E-14	+6.82150767740461E-02	+2.26608085632324E+01	+4.94776646229358E+06	+0.00000000000000E+00	+4.94776771270752E+06	+4.94774002700806E+06	+4.94779289772034E+06 	0	0	0	0
		B	s3	140	2:04:36 PM	0.0001034540	+7.56090001296414E-11	+1.51703111689649E-14	+6.82067565294798E-02	+2.26449661254883E+01	+4.94776641419033E+06	+0.00000000000000E+00	+4.94776770805359E+06	+4.94773999416352E+06	+4.94779283435822E+06 	0	0	0	0
		B	s3	141	2:04:39 PM	0.0001140539	+4.27039804360470E-11	+1.51640332150574E-14	+6.82349949665940E-02	+2.26388206481934E+01	+4.94776639093984E+06	+0.00000000000000E+00	+4.94776769828797E+06	+4.94773998901367E+06	+4.94779279300690E+06 	0	0	0	0
		B	s3	142	2:04:41 PM	0.0001251709	+1.11545312063154E-10	+1.51692357151483E-14	+6.82115924675562E-02	+2.26193828582764E+01	+4.94776640398618E+06	+0.00000000000000E+00	+4.94776769001007E+06	+4.94774001567841E+06	+4.94779279243469E+06 	0	0	0	0
		B	s3	143	2:04:43 PM	0.0001368050	+1.09801037515535E-10	+1.51649477155048E-14	+6.82308804607092E-02	+2.25995635986328E+01	+4.94776637978209E+06	+0.00000000000000E+00	+4.94776762462616E+06	+4.94774002204895E+06	+4.94779273765564E+06 	0	0	0	0
		B	s3	144	2:04:45 PM	0.0001489561	+1.11118389413920E-10	+1.51761087797733E-14	+6.81806998314125E-02	+2.26245326995850E+01	+4.94776642149554E+06	+0.00000000000000E+00	+4.94776769763947E+06	+4.94774001522064E+06	+4.94779282791138E+06 	0	0	0	0
		B	s3	145	2:04:47 PM	0.0001616243	+7.90510714764853E-11	+1.51916220847195E-14	+6.81110770440669E-02	+2.26075515747070E+01	+4.94776636192901E+06	+0.00000000000000E+00	+4.94776762527466E+06	+4.94773994850159E+06	+4.94779277549744E+06 	0	0	0	0
		B	s3	146	2:04:48 PM	0.0001748096	+1.09723401549022E-10	+1.51501816563455E-14	+6.82973812437745E-02	+2.26115226745605E+01	+4.94776638521810E+06	+0.00000000000000E+00	+4.94776763587952E+06	+4.94774003921509E+06	+4.94779273136139E+06 	0	0	0	0
		B	s3	147	2:04:50 PM	0.0001885119	+1.11627517130454E-10	+1.51634274446053E-14	+6.82377213452761E-02	+2.25739269256592E+01	+4.94776637539536E+06	+0.00000000000000E+00	+4.94776764312744E+06	+4.94774005020142E+06	+4.94779270072937E+06 	0	0	0	0
		B	s3	148	2:04:53 PM	0.0002027314	+3.84016622687917E-11	+1.51729994870578E-14	+6.81946737706623E-02	+2.25767669677734E+01	+4.94776634302755E+06	+0.00000000000000E+00	+4.94776764026642E+06	+4.94773999790192E+06	+4.94779268829346E+06 	0	0	0	0
		B	s3	149	2:04:55 PM	0.0002174679	+7.53405492390254E-11	+1.51691257604447E-14	+6.82120896477274E-02	+2.25730991363525E+01	+4.94776630451824E+06	+0.00000000000000E+00	+4.94776759429932E+06	+4.94773997039795E+06	+4.94779263877869E+06 	0	0	0	0
		B	s3	150	2:04:57 PM	0.0002327214	+7.38171755352358E-11	+1.51844368634548E-14	+6.81433076117048E-02	+2.25838851928711E+01	+4.94776633835440E+06	+0.00000000000000E+00	+4.94776758934021E+06	+4.94773996505738E+06	+4.94779271179199E+06 	0	0	0	0
		B	s3	151	2:05:00 PM	0.0002484920	+1.09632039021899E-10	+1.51993616152825E-14	+6.80763960570018E-02	+2.25685462951660E+01	+4.94776631674409E+06	+0.00000000000000E+00	+4.94776766510010E+06	+4.94773993545532E+06	+4.94779269817352E+06 	0	0	0	0
		B	s3	152	2:05:01 PM	0.0002647797	+1.06749341798725E-10	+1.51945592736260E-14	+6.80979118185849E-02	+2.25707988739014E+01	+4.94776632534627E+06	+0.00000000000000E+00	+4.94776762325287E+06	+4.94773994976044E+06	+4.94779270107270E+06 	0	0	0	0
		B	s3	153	2:05:03 PM	0.0002815845	+4.07279667469358E-11	+1.51974652462217E-14	+6.80848906593281E-02	+2.25855598449707E+01	+4.94776632044426E+06	+0.00000000000000E+00	+4.94776758926392E+06	+4.94773992256165E+06	+4.94779271846771E+06 	0	0	0	0
		B	s3	154	2:05:06 PM	0.0002989063	+7.44159515534994E-11	+1.52134294112282E-14	+6.80134461864311E-02	+2.25868015289307E+01	+4.94776631331062E+06	+0.00000000000000E+00	+4.94776762264252E+06	+4.94773988624573E+06	+4.94779274051666E+06 	0	0	0	0
		B	s3	155	2:05:07 PM	0.0003167453	+3.85484824887210E-11	+1.52124920806369E-14	+6.80176374652168E-02	+2.26106586456299E+01	+4.94776629248223E+06	+0.00000000000000E+00	+4.94776763656616E+06	+4.94773983913422E+06	+4.94779274597168E+06 	0	0	0	0
		B	s3	156	2:05:10 PM	0.0003351012	+1.03746537087209E-10	+1.51948728786819E-14	+6.80965076050319E-02	+2.27003192901611E+01	+4.94776627991241E+06	+0.00000000000000E+00	+4.94776760169983E+06	+4.94773975242615E+06	+4.94779280754090E+06 	0	0	0	0
		B	s3	157	2:05:11 PM	0.0003539743	+7.63574921677615E-11	+1.52201110498882E-14	+6.79835888530786E-02	+2.27229347229004E+01	+4.94776629097465E+06	+0.00000000000000E+00	+4.94776769920349E+06	+4.94773969295502E+06	+4.94779288913727E+06 	0	0	0	0
		B	s3	158	2:05:13 PM	0.0003733644	+7.51490433006521E-11	+1.52162566050940E-14	+6.80008091302691E-02	+2.27237682342529E+01	+4.94776631687648E+06	+0.00000000000000E+00	+4.94776766239166E+06	+4.94773972461701E+06	+4.94779290927887E+06 	0	0	0	0
		B	s3	159	2:05:15 PM	0.0003932716	+4.08688773369438E-11	+1.52270727116341E-14	+6.79525064935317E-02	+2.27212104797363E+01	+4.94776632587908E+06	+0.00000000000000E+00	+4.94776768936157E+06	+4.94773971771240E+06	+4.94779293418885E+06 	0	0	0	0
		B	s3	160	2:05:17 PM	0.0004136958	+4.16892625851177E-11	+1.52351243549730E-14	+6.79165939013038E-02	+2.27283134460449E+01	+4.94776633415685E+06	+0.00000000000000E+00	+4.94776768493652E+06	+4.94773970359802E+06	+4.94779296485901E+06 	0	0	0	0
		B	s3	161	2:05:19 PM	0.0004346372	+3.95364220180815E-11	+1.52273351080156E-14	+6.79513357025458E-02	+2.27415847778320E+01	+4.94776631998524E+06	+0.00000000000000E+00	+4.94776765266419E+06	+4.94773968750000E+06	+4.94779295261383E+06 	0	0	0	0
		B	s3	162	2:05:22 PM	0.0004560956	+1.08624772738186E-10	+1.52384919966078E-14	+6.79015851497972E-02	+2.27557430267334E+01	+4.94776631500687E+06	+0.00000000000000E+00	+4.94776772418976E+06	+4.94773964641571E+06	+4.94779298374176E+06 	0	0	0	0
		B	s3	163	2:05:24 PM	0.0004780710	+4.12444478506392E-11	+1.52449821147939E-14	+6.78726770300757E-02	+2.27272167205811E+01	+4.94776634956814E+06	+0.00000000000000E+00	+4.94776773880005E+06	+4.94773970306397E+06	+4.94779299621582E+06 	0	0	0	0
		B	s3	164	2:05:26 PM	0.0005005636	+1.09937189386078E-10	+1.52381133974746E-14	+6.79032714060004E-02	+2.27356872558594E+01	+4.94776634397962E+06	+0.00000000000000E+00	+4.94776771461487E+06	+4.94773969955445E+06	+4.94779298854828E+06 	0	0	0	0
		B	s3	165	2:05:28 PM	0.0005235732	+1.11508936842877E-10	+1.52507253461357E-14	+6.78471169227203E-02	+2.27652645111084E+01	+4.94776635361143E+06	+0.00000000000000E+00	+4.94776772640228E+06	+4.94773965244293E+06	+4.94779305492401E+06 	0	0	0	0
		B	s3	166	2:05:31 PM	0.0005470999	+4.63149164459312E-11	+1.52309916240278E-14	+6.79350218041239E-02	+2.27286510467529E+01	+4.94776634796609E+06	+0.00000000000000E+00	+4.94776772464752E+06	+4.94773972423554E+06	+4.94779297183991E+06 	0	0	0	0
		B	s3	167	2:05:32 PM	0.0005711436	+4.57582161826858E-11	+1.52294618766553E-14	+6.79418442623982E-02	+2.27295494079590E+01	+4.94776639830103E+06	+0.00000000000000E+00	+4.94776778835297E+06	+4.94773977619171E+06	+4.94779302055359E+06 	0	0	0	0
		B	s3	168	2:05:34 PM	0.0005957044	+4.39379642901453E-11	+1.52638064753617E-14	+6.77889708870484E-02	+2.27382965087891E+01	+4.94776638452959E+06	+0.00000000000000E+00	+4.94776775325775E+06	+4.94773969211579E+06	+4.94779307708740E+06 	0	0	0	0
		B	s3	169	2:05:36 PM	0.0006207823	+4.68614188874335E-11	+1.52444761112923E-14	+6.78749286607002E-02	+2.27369346618652E+01	+4.94776639471503E+06	+0.00000000000000E+00	+4.94776775478363E+06	+4.94773973770142E+06	+4.94779305187226E+06 	0	0	0	0
		B	s3	170	2:05:37 PM	0.0006463773	+4.71130051921470E-11	+1.52320141583159E-14	+6.79304600863369E-02	+2.27216053009033E+01	+4.94776639162534E+06	+0.00000000000000E+00	+4.94776776351929E+06	+4.94773977436066E+06	+4.94779300903321E+06 	0	0	0	0
		B	s3	171	2:05:40 PM	0.0006724893	+4.74262668436871E-11	+1.52220548670573E-14	+6.79749035855445E-02	+2.27307033538818E+01	+4.94776643431183E+06	+0.00000000000000E+00	+4.94776777626038E+06	+4.94773982379913E+06	+4.94779304496765E+06 	0	0	0	0
		B	s3	172	2:05:42 PM	0.0006991184	+4.63530263896317E-11	+1.52503701945839E-14	+6.78486964478044E-02	+2.27244720458984E+01	+4.94776637194131E+06	+0.00000000000000E+00	+4.94776776821137E+06	+4.94773971923828E+06	+4.94779302478791E+06 	0	0	0	0
		B	s3	173	2:05:44 PM	0.0007262645	+4.68850893809585E-11	+1.52753038307067E-14	+6.77379475417608E-02	+2.27245101928711E+01	+4.94776639221619E+06	+0.00000000000000E+00	+4.94776778388977E+06	+4.94773969589234E+06	+4.94779308868408E+06 	0	0	0	0
		B	s3	174	2:05:46 PM	0.0007539278	+4.84118665950508E-11	+1.52710756431222E-14	+6.77567027421285E-02	+2.27622756958008E+01	+4.94776638424327E+06	+0.00000000000000E+00	+4.94776781017304E+06	+4.94773965095520E+06	+4.94779311767578E+06 	0	0	0	0
		B	s3	175	2:05:49 PM	0.0007821081	+4.59018377872676E-11	+1.52740097528051E-14	+6.77436857787376E-02	+2.27392787933350E+01	+4.94776642160835E+06	+0.00000000000000E+00	+4.94776781661987E+06	+4.94773971019745E+06	+4.94779313316345E+06 	0	0	0	0
		B	s3	176	2:05:51 PM	0.0008108055	+4.92636699856677E-11	+1.52680108430287E-14	+6.77703031051211E-02	+2.27464427947998E+01	+4.94776640877190E+06	+0.00000000000000E+00	+4.94776780738831E+06	+4.94773969944000E+06	+4.94779311824799E+06 	0	0	0	0
		B	s3	177	2:05:54 PM	0.0008400199	+4.81946380164368E-11	+1.52676240819706E-14	+6.77720198486641E-02	+2.27557907104492E+01	+4.94776640953479E+06	+0.00000000000000E+00	+4.94776783836365E+06	+4.94773968990326E+06	+4.94779312931061E+06 	0	0	0	0
		B	s3	178	2:05:56 PM	0.0008697514	+4.92322063990067E-11	+1.52795863734617E-14	+6.77189606943599E-02	+2.27454738616943E+01	+4.94776644127302E+06	+0.00000000000000E+00	+4.94776783660889E+06	+4.94773971282959E+06	+4.94779316986084E+06 	0	0	0	0
		B	s3	179	2:05:58 PM	0.0009000000	+5.10005902242407E-11	+1.52496270760052E-14	+6.78520012312622E-02	+2.27725791931152E+01	+4.94776642672006E+06	+0.00000000000000E+00	+4.94776785064698E+06	+4.94773971889496E+06	+4.94779313468933E+06 	0	0	0	0

