	10/07/22	Test #2 (today) Loc 7 Ramp 2 (Tip H10)	Tip H10	Box 5b Xtal 1		DLC	350 uN	2.2%		Points/Segment: 59	
		Seg 	ID Tag	Number	Time	Power	C0	C1	L1	R1	fs	fa	fr	f1	f2	Ch1 (Pk-Pk)	Ch2 (Pk-Pk)	Ch1 (RMS)	Ch2 (RMS)	
						uW	F	F	H	Ohms	Hz	Hz	Hz	Hz	Hz	V	V	V	V	
		B	s1	0	9:15:05 AM	0.0000000400	-5.08802852783707E-11	+1.51491768997397E-14	+6.83018854872121E-02	+2.03196468353271E+01	+4.94776730968534E+06	+0.00000000000000E+00	+4.94776824108124E+06	+4.94774363563538E+06	+4.94779098384857E+06 	0	0	0	0
		B	s1	1	9:15:06 AM	0.0000003560	+3.00917722931364E-11	+1.51015979095195E-14	+6.85170739952024E-02	+2.04312572479248E+01	+4.94776741588624E+06	+0.00000000000000E+00	+4.94776876731873E+06	+4.94774368656159E+06	+4.94779114532471E+06 	0	0	0	0
		B	s1	2	9:15:09 AM	0.0000013040	+3.71963991391611E-11	+1.49883733807065E-14	+6.90346595437071E-02	+2.06078357696533E+01	+4.94776753055592E+06	+0.00000000000000E+00	+4.94776881900788E+06	+4.94774377559662E+06	+4.94779128562927E+06 	0	0	0	0
		B	s1	3	9:15:11 AM	0.0000028839	+4.71089078635799E-11	+1.50557110223250E-14	+6.87258947070427E-02	+2.06203479766846E+01	+4.94776763334236E+06	+0.00000000000000E+00	+4.94776883911133E+06	+4.94774375717163E+06	+4.94779150962830E+06 	0	0	0	0
		B	s1	4	9:15:14 AM	0.0000050958	+4.75198474786932E-11	+1.50735732752126E-14	+6.86444541806526E-02	+2.05346088409424E+01	+4.94776763437267E+06	+0.00000000000000E+00	+4.94776882846832E+06	+4.94774382926941E+06	+4.94779143959046E+06 	0	0	0	0
		B	s1	5	9:15:15 AM	0.0000079397	+5.48355259336383E-11	+1.50633738969261E-14	+6.86909324975154E-02	+2.05883064270020E+01	+4.94776765945408E+06	+0.00000000000000E+00	+4.94776892242432E+06	+4.94774380825043E+06	+4.94779151077271E+06 	0	0	0	0
		B	s1	6	9:15:18 AM	0.0000114156	+1.15331840502896E-10	+1.50140205722097E-14	+6.89167316597889E-02	+2.05615158081055E+01	+4.94776759401347E+06	+0.00000000000000E+00	+4.94776878612518E+06	+4.94774385189057E+06	+4.94779133625031E+06 	0	0	0	0
		B	s1	7	9:15:21 AM	0.0000155235	+9.05072338838489E-11	+1.50297024303123E-14	+6.88448238100925E-02	+2.05704402923584E+01	+4.94776762073526E+06	+0.00000000000000E+00	+4.94776875034332E+06	+4.94774384349823E+06	+4.94779139808655E+06 	0	0	0	0
		B	s1	8	9:15:23 AM	0.0000202633	+1.28540422392836E-10	+1.50360350204499E-14	+6.88158282743351E-02	+2.05465030670166E+01	+4.94776764904040E+06	+0.00000000000000E+00	+4.94776880748749E+06	+4.94774388946533E+06	+4.94779140872956E+06 	0	0	0	0
		B	s1	9	9:15:25 AM	0.0000256352	+4.39309245235869E-11	+1.50347807648694E-14	+6.88215701680433E-02	+2.04987640380859E+01	+4.94776761203811E+06	+0.00000000000000E+00	+4.94776876739502E+06	+4.94774390964508E+06	+4.94779131454468E+06 	0	0	0	0
		B	s1	10	9:15:27 AM	0.0000316390	+8.41599179022505E-11	+1.50689021944578E-14	+6.86657343049999E-02	+2.05034008026123E+01	+4.94776757621782E+06	+0.00000000000000E+00	+4.94776884315491E+06	+4.94774381465912E+06	+4.94779133789063E+06 	0	0	0	0
		B	s1	11	9:15:29 AM	0.0000382747	+5.09759448828128E-11	+1.50542411805500E-14	+6.87326047387573E-02	+2.05216712951660E+01	+4.94776763753908E+06	+0.00000000000000E+00	+4.94776884078980E+06	+4.94774387794495E+06	+4.94779139724732E+06 	0	0	0	0
		B	s1	12	9:15:32 AM	0.0000455425	+4.92463538167482E-11	+1.50773434877714E-14	+6.86272903302149E-02	+2.04098415374756E+01	+4.94776758915010E+06	+0.00000000000000E+00	+4.94776884941101E+06	+4.94774392276764E+06	+4.94779125564575E+06 	0	0	0	0
		B	s1	13	9:15:34 AM	0.0000534423	+5.32557427623466E-11	+1.50801388306246E-14	+6.86145679554392E-02	+2.04521884918213E+01	+4.94776763307608E+06	+0.00000000000000E+00	+4.94776889049530E+06	+4.94774391319275E+06	+4.94779135307312E+06 	0	0	0	0
		B	s1	14	9:15:37 AM	0.0000619740	+5.00170269223883E-11	+1.50661320690772E-14	+6.86783573235610E-02	+2.04125843048096E+01	+4.94776765422890E+06	+0.00000000000000E+00	+4.94776884330750E+06	+4.94774400226593E+06	+4.94779130630493E+06 	0	0	0	0
		B	s1	15	9:15:38 AM	0.0000711377	+4.57252319665168E-11	+1.50608871158103E-14	+6.87022739037368E-02	+2.03879776000977E+01	+4.94776767780390E+06	+0.00000000000000E+00	+4.94776875167847E+06	+4.94774406257630E+06	+4.94779129314423E+06 	0	0	0	0
		B	s1	16	9:15:41 AM	0.0000809334	+4.76220601869103E-11	+1.50834798850997E-14	+6.85993700572637E-02	+2.03832378387451E+01	+4.94776761438442E+06	+0.00000000000000E+00	+4.94776884086609E+06	+4.94774396923065E+06	+4.94779125965119E+06 	0	0	0	0
		B	s1	17	9:15:43 AM	0.0000913610	+4.45300932503448E-11	+1.50712263514261E-14	+6.86551443927429E-02	+2.03521385192871E+01	+4.94776760734657E+06	+0.00000000000000E+00	+4.94776881347656E+06	+4.94774401744843E+06	+4.94779119735718E+06 	0	0	0	0
		B	s1	18	9:15:45 AM	0.0001024206	+4.61673094395040E-11	+1.50855604200640E-14	+6.85899085256788E-02	+2.03551254272461E+01	+4.94776763618556E+06	+0.00000000000000E+00	+4.94776887119293E+06	+4.94774402038575E+06	+4.94779125209809E+06 	0	0	0	0
		B	s1	19	9:15:46 AM	0.0001141123	+4.81111931334406E-11	+1.50638517166702E-14	+6.86887535503950E-02	+2.03275279998779E+01	+4.94776766292690E+06	+0.00000000000000E+00	+4.94776881656647E+06	+4.94774411308289E+06	+4.94779121288300E+06 	0	0	0	0
		B	s1	20	9:15:49 AM	0.0001264359	+4.57055501058067E-11	+1.50668075871866E-14	+6.86752788712098E-02	+2.03257789611816E+01	+4.94776762786982E+06	+0.00000000000000E+00	+4.94776883926392E+06	+4.94774407543182E+06	+4.94779118041992E+06 	0	0	0	0
		B	s1	21	9:15:51 AM	0.0001393914	+4.45852311578536E-11	+1.50804706645779E-14	+6.86130602229421E-02	+2.02787818908691E+01	+4.94776755817546E+06	+0.00000000000000E+00	+4.94776878059387E+06	+4.94774403888703E+06	+4.94779107757569E+06 	0	0	0	0
		B	s1	22	9:15:53 AM	0.0001529790	+8.49004087319924E-11	+1.50829361923892E-14	+6.86018432960239E-02	+2.03176918029785E+01	+4.94776759830584E+06	+0.00000000000000E+00	+4.94776879623413E+06	+4.94774403003693E+06	+4.94779116668701E+06 	0	0	0	0
		B	s1	23	9:15:56 AM	0.0001671985	+4.17578972382266E-11	+1.50708927155620E-14	+6.86566664365170E-02	+2.03165512084961E+01	+4.94776752906918E+06	+0.00000000000000E+00	+4.94776874919892E+06	+4.94774398094178E+06	+4.94779107730866E+06 	0	0	0	0
		B	s1	24	9:15:57 AM	0.0001820500	+4.50329255199662E-11	+1.50833134973413E-14	+6.86001288571051E-02	+2.03163948059082E+01	+4.94776753997912E+06	+0.00000000000000E+00	+4.94776877380371E+06	+4.94774397262573E+06	+4.94779110744477E+06 	0	0	0	0
		B	s1	25	9:16:00 AM	0.0001975335	+4.06925614035303E-11	+1.50867519244528E-14	+6.85844939145397E-02	+2.02985477447510E+01	+4.94776754943964E+06	+0.00000000000000E+00	+4.94776877071381E+06	+4.94774399742127E+06	+4.94779110157013E+06 	0	0	0	0
		B	s1	26	9:16:02 AM	0.0002136490	+4.05401805536452E-11	+1.50793884856176E-14	+6.86179840737038E-02	+2.02893486022949E+01	+4.94776756523260E+06	+0.00000000000000E+00	+4.94776875812531E+06	+4.94774403537750E+06	+4.94779109519959E+06 	0	0	0	0
		B	s1	27	9:16:04 AM	0.0002303965	+4.41077478921397E-11	+1.50906681404258E-14	+6.85666960471374E-02	+2.02974052429199E+01	+4.94776752557869E+06	+0.00000000000000E+00	+4.94776874679566E+06	+4.94774396877289E+06	+4.94779108249665E+06 	0	0	0	0
		B	s1	28	9:16:07 AM	0.0002477759	+4.79111239775715E-11	+1.50882210188228E-14	+6.85778150482014E-02	+2.02830104827881E+01	+4.94776758558398E+06	+0.00000000000000E+00	+4.94776878913880E+06	+4.94774404930115E+06	+4.94779112197876E+06 	0	0	0	0
		B	s1	29	9:16:09 AM	0.0002657873	+4.47103124942899E-11	+1.50998070712516E-14	+6.85251953498400E-02	+2.02762508392334E+01	+4.94776758829236E+06	+0.00000000000000E+00	+4.94776878585816E+06	+4.94774404178620E+06	+4.94779113491059E+06 	0	0	0	0
		B	s1	30	9:16:12 AM	0.0002844307	+4.20920770407717E-11	+1.50962371980940E-14	+6.85414005604571E-02	+2.02621040344238E+01	+4.94776756092201E+06	+0.00000000000000E+00	+4.94776875370026E+06	+4.94774403640747E+06	+4.94779108554840E+06 	0	0	0	0
		B	s1	31	9:16:14 AM	0.0003037061	+4.36653634676455E-11	+1.51073029758540E-14	+6.84911956129444E-02	+2.03205776214600E+01	+4.94776755481809E+06	+0.00000000000000E+00	+4.94776878784180E+06	+4.94774394512177E+06	+4.94779116462708E+06 	0	0	0	0
		B	s1	32	9:16:16 AM	0.0003236134	+4.74510836682030E-11	+1.50956531090199E-14	+6.85440527061196E-02	+2.03431434631348E+01	+4.94776755712594E+06	+0.00000000000000E+00	+4.94776884140015E+06	+4.94774393943787E+06	+4.94779117492676E+06 	0	0	0	0
		B	s1	33	9:16:18 AM	0.0003441527	+4.93669004729801E-11	+1.51054501129639E-14	+6.84995957029332E-02	+2.03483047485352E+01	+4.94776759702758E+06	+0.00000000000000E+00	+4.94776882499695E+06	+4.94774395801544E+06	+4.94779123615265E+06 	0	0	0	0
		B	s1	34	9:16:20 AM	0.0003653240	+5.33237170586515E-11	+1.50994185381512E-14	+6.85269570778145E-02	+2.03585186004639E+01	+4.94776764385297E+06	+0.00000000000000E+00	+4.94776887496948E+06	+4.94774400241852E+06	+4.94779128540039E+06 	0	0	0	0
		B	s1	35	9:16:22 AM	0.0003871273	+5.02446623168125E-11	+1.51134382713577E-14	+6.84633902507099E-02	+2.03393383026123E+01	+4.94776760479048E+06	+0.00000000000000E+00	+4.94776887283325E+06	+4.94774396369934E+06	+4.94779124599457E+06 	0	0	0	0
		B	s1	36	9:16:23 AM	0.0004095626	+5.25823120208564E-11	+1.50967284852201E-14	+6.85391674225689E-02	+2.03684215545654E+01	+4.94776765552591E+06	+0.00000000000000E+00	+4.94776890811920E+06	+4.94774400680542E+06	+4.94779130435944E+06 	0	0	0	0
		B	s1	37	9:16:25 AM	0.0004326298	+5.25452766219439E-11	+1.51167996323366E-14	+6.84481654292673E-02	+2.03322887420654E+01	+4.94776765358047E+06	+0.00000000000000E+00	+4.94776889682770E+06	+4.94774401542664E+06	+4.94779129184723E+06 	0	0	0	0
		B	s1	38	9:16:27 AM	0.0004563291	+5.39254577338403E-11	+1.51089807336826E-14	+6.84835860093374E-02	+2.03546943664551E+01	+4.94776770237038E+06	+0.00000000000000E+00	+4.94776893398285E+06	+4.94774405040741E+06	+4.94779135444641E+06 	0	0	0	0
		B	s1	39	9:16:28 AM	0.0004806603	+5.55685987766854E-11	+1.51214292985900E-14	+6.84272086849836E-02	+2.03321647644043E+01	+4.94776766258312E+06	+0.00000000000000E+00	+4.94776894958496E+06	+4.94774401733399E+06	+4.94779130794525E+06 	0	0	0	0
		B	s1	40	9:16:30 AM	0.0005056235	+6.12132228962507E-11	+1.51209621690965E-14	+6.84293209973370E-02	+2.03268222808838E+01	+4.94776772037582E+06	+0.00000000000000E+00	+4.94776898632050E+06	+4.94774408206940E+06	+4.94779135879517E+06 	0	0	0	0
		B	s1	41	9:16:32 AM	0.0005312186	+5.61956541785254E-11	+1.51415675750184E-14	+6.83361997795495E-02	+2.03147373199463E+01	+4.94776768995352E+06	+0.00000000000000E+00	+4.94776895385742E+06	+4.94774403350830E+06	+4.94779134651184E+06 	0	0	0	0
		B	s1	42	9:16:33 AM	0.0005574458	+6.10808389086238E-11	+1.51378574120726E-14	+6.83529472332682E-02	+2.03035621643066E+01	+4.94776773267822E+06	+0.00000000000000E+00	+4.94776899253845E+06	+4.94774409503937E+06	+4.94779137042999E+06 	0	0	0	0
		B	s1	43	9:16:35 AM	0.0005843049	+5.62452341022515E-11	+1.51288435920234E-14	+6.83936724869121E-02	+2.03075447082520E+01	+4.94776772113880E+06	+0.00000000000000E+00	+4.94776897384644E+06	+4.94774409294129E+06	+4.94779134944916E+06 	0	0	0	0
		B	s1	44	9:16:38 AM	0.0006117960	+6.20962122036609E-11	+1.51318758047745E-14	+6.83799668555219E-02	+2.03200778961182E+01	+4.94776773965907E+06	+0.00000000000000E+00	+4.94776903808594E+06	+4.94774409214020E+06	+4.94779138729096E+06 	0	0	0	0
		B	s1	45	9:16:40 AM	0.0006399191	+5.91851200470410E-11	+1.51443660671004E-14	+6.83235715731826E-02	+2.02780017852783E+01	+4.94776770876016E+06	+0.00000000000000E+00	+4.94776896648407E+06	+4.94774409072876E+06	+4.94779132690430E+06 	0	0	0	0
		B	s1	46	9:16:42 AM	0.0006686741	+5.81552431998166E-11	+1.51383273632791E-14	+6.83508257122538E-02	+2.03026371002197E+01	+4.94776771768646E+06	+0.00000000000000E+00	+4.94776900325775E+06	+4.94774408039093E+06	+4.94779135509491E+06 	0	0	0	0
		B	s1	47	9:16:43 AM	0.0006980612	+6.37343981369160E-11	+1.51364514505011E-14	+6.83592952713842E-02	+2.02892761230469E+01	+4.94776776817407E+06	+0.00000000000000E+00	+4.94776904830933E+06	+4.94774414936066E+06	+4.94779138710022E+06 	0	0	0	0
		B	s1	48	9:16:45 AM	0.0007280802	+6.06694049575115E-11	+1.51464366596478E-14	+6.83142306773421E-02	+2.02793884277344E+01	+4.94776773508155E+06	+0.00000000000000E+00	+4.94776903171540E+06	+4.94774411220551E+06	+4.94779135807038E+06 	0	0	0	0
		B	s1	49	9:16:47 AM	0.0007587312	+6.15218146037547E-11	+1.51186674791866E-14	+6.84397057992992E-02	+2.03079586029053E+01	+4.94776776748745E+06	+0.00000000000000E+00	+4.94776902610779E+06	+4.94774415470124E+06	+4.94779138038635E+06 	0	0	0	0
		B	s1	50	9:16:48 AM	0.0007900141	+6.15900777007696E-11	+1.51322424146197E-14	+6.83783101994887E-02	+2.02956409454346E+01	+4.94776774002160E+06	+0.00000000000000E+00	+4.94776902473450E+06	+4.94774412036896E+06	+4.94779135978699E+06 	0	0	0	0
		B	s1	51	9:16:50 AM	0.0008219291	+6.32661716553856E-11	+1.51463106358271E-14	+6.83147983232070E-02	+2.02844200134277E+01	+4.94776776252827E+06	+0.00000000000000E+00	+4.94776906379700E+06	+4.94774413398743E+06	+4.94779139118195E+06 	0	0	0	0
		B	s1	52	9:16:52 AM	0.0008544760	+6.31605928029045E-11	+1.51396381447752E-14	+6.83449070787742E-02	+2.02899036407471E+01	+4.94776774870001E+06	+0.00000000000000E+00	+4.94776906242371E+06	+4.94774412418366E+06	+4.94779137332916E+06 	0	0	0	0
		B	s1	53	9:16:53 AM	0.0008876549	+6.10377443128798E-11	+1.51549804870858E-14	+6.82757172210578E-02	+2.02880840301514E+01	+4.94776774866176E+06	+0.00000000000000E+00	+4.94776906173706E+06	+4.94774410232544E+06	+4.94779139511109E+06 	0	0	0	0
		B	s1	54	9:16:55 AM	0.0009214658	+6.86361495457968E-11	+1.51533332796535E-14	+6.82831374897128E-02	+2.03018436431885E+01	+4.94776780237263E+06	+0.00000000000000E+00	+4.94776912410736E+06	+4.94774414257050E+06	+4.94779146228790E+06 	0	0	0	0
		B	s1	55	9:16:57 AM	0.0009559087	+6.75606246790038E-11	+1.51681202310835E-14	+6.82165706083794E-02	+2.03058910369873E+01	+4.94776779047064E+06	+0.00000000000000E+00	+4.94776913318634E+06	+4.94774410285950E+06	+4.94779147819519E+06 	0	0	0	0
		B	s1	56	9:16:58 AM	0.0009909836	+6.97435494832643E-11	+1.51585874243260E-14	+6.82594692286317E-02	+2.03133106231689E+01	+4.94776782131250E+06	+0.00000000000000E+00	+4.94776916717530E+06	+4.94774413993836E+06	+4.94779150279999E+06 	0	0	0	0
		B	s1	57	9:17:00 AM	0.0010266904	+7.01188247564646E-11	+1.51606431090492E-14	+6.82502146799077E-02	+2.03053054809570E+01	+4.94776778535901E+06	+0.00000000000000E+00	+4.94776915779114E+06	+4.94774411010742E+06	+4.94779146072388E+06 	0	0	0	0
		B	s1	58	9:17:02 AM	0.0010630292	+6.78213552969045E-11	+1.51611232036075E-14	+6.82480528604446E-02	+2.03144607543945E+01	+4.94776780700736E+06	+0.00000000000000E+00	+4.94776916526795E+06	+4.94774412033081E+06	+4.94779149379730E+06 	0	0	0	0
		B	s1	59	9:17:03 AM	0.0011000000	+6.90217745678812E-11	+1.51603512850696E-14	+6.82515275986298E-02	+2.03111763000488E+01	+4.94776781581933E+06	+0.00000000000000E+00	+4.94776921604157E+06	+4.94774413417816E+06	+4.94779149757385E+06 	0	0	0	0
		T	s2 	60	9:57:22 AM	0.0011000000	+1.50389219124087E-11	+1.51138243341470E-14	+6.84615873273912E-02	+2.21604022979736E+01	+4.94776956028909E+06	+0.00000000000000E+00	+4.94777088306427E+06	+4.94774380184174E+06	+4.94779531887055E+06 	0.848000	0.076000	0.285403	0.012693
		T	s2 	61	9:57:27 AM	0.0010630292	+2.73971744866833E-11	+1.51405740962799E-14	+6.83406289280086E-02	+2.20439510345459E+01	+4.94776967608470E+06	+0.00000000000000E+00	+4.94777109992981E+06	+4.94774400764466E+06	+4.94779534465790E+06 	0.832000	0.068000	0.279814	0.011930
		T	s2 	62	9:57:32 AM	0.0010266904	+2.78167361683510E-11	+1.51397043151217E-14	+6.83445550207777E-02	+2.20536537170410E+01	+4.94776967968953E+06	+0.00000000000000E+00	+4.94777111278534E+06	+4.94774400142670E+06	+4.94779535808563E+06 	0.792000	0.056000	0.273381	0.013221
		T	s2 	63	9:57:37 AM	0.0009909836	+6.24244702715362E-11	+1.51649704802677E-14	+6.82306879885073E-02	+2.20259380340576E+01	+4.94776964470870E+06	+0.00000000000000E+00	+4.94777114082337E+06	+4.94774395591736E+06	+4.94779533363343E+06 	0.776000	0.058000	0.266847	0.010610
		T	s2 	64	9:57:42 AM	0.0009559087	+2.88968689322238E-11	+1.51528475316094E-14	+6.82852757713292E-02	+2.19778957366943E+01	+4.94776963700341E+06	+0.00000000000000E+00	+4.94777111988068E+06	+4.94774402473450E+06	+4.94779524940491E+06 	0.824000	0.068000	0.258841	0.011236
		T	s2 	65	9:57:47 AM	0.0009214658	+3.25127744579606E-11	+1.51462015935518E-14	+6.83152353642097E-02	+2.20318794250488E+01	+4.94776974621793E+06	+0.00000000000000E+00	+4.94777121013642E+06	+4.94774408229828E+06	+4.94779541027069E+06 	0.744000	0.052000	0.250396	0.009492
		T	s2 	66	9:57:52 AM	0.0008876549	+2.90976273498586E-11	+1.51362509716376E-14	+6.83601469872083E-02	+2.20219173431396E+01	+4.94776971150433E+06	+0.00000000000000E+00	+4.94777116786957E+06	+4.94774407604218E+06	+4.94779534709931E+06 	0.728000	0.052000	0.240296	0.012399
		T	s2 	67	9:57:58 AM	0.0008544760	+3.09144835896558E-11	+1.51750255500770E-14	+6.81854762469859E-02	+2.19690799713135E+01	+4.94776970448527E+06	+0.00000000000000E+00	+4.94777119960785E+06	+4.94774406501770E+06	+4.94779534408570E+06 	0.696000	0.048000	0.235931	0.009007
		T	s2 	68	9:58:04 AM	0.0008219291	+2.74860630407177E-11	+1.51449725671030E-14	+6.83207803339624E-02	+2.20059604644775E+01	+4.94776970513381E+06	+0.00000000000000E+00	+4.94777113117218E+06	+4.94774407348633E+06	+4.94779533691406E+06 	0.672000	0.044000	0.232501	0.010006
		T	s2 	69	9:58:10 AM	0.0007900141	+2.96719533682303E-11	+1.51560297357218E-14	+6.82709369996539E-02	+2.19923114776611E+01	+4.94776968760526E+06	+0.00000000000000E+00	+4.94777112533570E+06	+4.94774405315399E+06	+4.94779532218933E+06 	0.656000	0.048000	0.227436	0.010989
		T	s2 	70	9:58:15 AM	0.0007587312	+2.74109083099356E-11	+1.51477085976292E-14	+6.83084408886214E-02	+2.19908199310303E+01	+4.94776967305227E+06	+0.00000000000000E+00	+4.94777109100342E+06	+4.94774405441284E+06	+4.94779529182434E+06 	0.648000	0.046000	0.223019	0.008570
		T	s2 	71	9:58:20 AM	0.0007280802	+2.73669528232579E-11	+1.51775562079062E-14	+6.81741089961015E-02	+2.19509563446045E+01	+4.94776963988346E+06	+0.00000000000000E+00	+4.94777111351013E+06	+4.94774401729584E+06	+4.94779526260376E+06 	0.664000	0.042000	0.217773	0.011456
		T	s2 	72	9:58:25 AM	0.0006980612	+2.81796626210372E-11	+1.51520712492793E-14	+6.82887734495437E-02	+2.19765663146973E+01	+4.94776966469813E+06	+0.00000000000000E+00	+4.94777110828400E+06	+4.94774405529022E+06	+4.94779527423859E+06 	0.624000	0.046000	0.212751	0.010617
		T	s2 	73	9:58:30 AM	0.0006686741	+2.90791942027682E-11	+1.51547637685254E-14	+6.82766408177044E-02	+2.20004329681396E+01	+4.94776966071160E+06	+0.00000000000000E+00	+4.94777111423493E+06	+4.94774401893616E+06	+4.94779530261994E+06 	0.632000	0.042000	0.208207	0.012286
		T	s2 	74	9:58:35 AM	0.0006399191	+2.59483318216929E-11	+1.51207081842350E-14	+6.84304160927474E-02	+2.19782257080078E+01	+4.94776968422964E+06	+0.00000000000000E+00	+4.94777107971192E+06	+4.94774412590027E+06	+4.94779524269104E+06 	0.608000	0.044000	0.204365	0.010438
		T	s2 	75	9:58:40 AM	0.0006117960	+2.77825994271102E-11	+1.51418756455388E-14	+6.83347556589949E-02	+2.20092334747314E+01	+4.94776963690795E+06	+0.00000000000000E+00	+4.94777108825684E+06	+4.94774400669098E+06	+4.94779526725769E+06 	0.616000	0.044000	0.199003	0.007798
		T	s2 	76	9:58:45 AM	0.0005843049	+2.58417195377692E-11	+1.51351286820867E-14	+6.83652180591410E-02	+2.19934005737305E+01	+4.94776963631683E+06	+0.00000000000000E+00	+4.94777104404450E+06	+4.94774403594971E+06	+4.94779523681641E+06 	0.592000	0.042000	0.194878	0.009597
		T	s2 	77	9:58:50 AM	0.0005574458	+2.62078908222471E-11	+1.51554986535349E-14	+6.82733313176590E-02	+2.19653129577637E+01	+4.94776961682372E+06	+0.00000000000000E+00	+4.94777110389710E+06	+4.94774401473999E+06	+4.94779521903992E+06 	0.584000	0.042000	0.189646	0.007572
		T	s2 	78	9:58:55 AM	0.0005312186	+2.74380669753385E-11	+1.51145881403555E-14	+6.84581245083351E-02	+2.20199909210205E+01	+4.94776967433031E+06	+0.00000000000000E+00	+4.94777110534668E+06	+4.94774407779694E+06	+4.94779527099610E+06 	0.576000	0.048000	0.185417	0.008043
		T	s2 	79	9:59:01 AM	0.0005056235	+2.69740552756645E-11	+1.51357059320554E-14	+6.83626095606319E-02	+2.20165824890137E+01	+4.94776967850724E+06	+0.00000000000000E+00	+4.94777109394074E+06	+4.94774405017853E+06	+4.94779530696869E+06 	0.552000	0.044000	0.180916	0.009498
		T	s2 	80	9:59:06 AM	0.0004806603	+2.52585577633293E-11	+1.51213907316306E-14	+6.84273275621675E-02	+2.20491847991943E+01	+4.94776967436822E+06	+0.00000000000000E+00	+4.94777106781006E+06	+4.94774403236389E+06	+4.94779531650543E+06 	0.552000	0.060000	0.177049	0.009800
		T	s2 	81	9:59:11 AM	0.0004563291	+9.56074997098868E-11	+1.51264092146855E-14	+6.84046257262915E-02	+2.20669384002686E+01	+4.94776966450707E+06	+0.00000000000000E+00	+4.94777109657288E+06	+4.94774399333954E+06	+4.94779533580780E+06 	0.528000	0.046000	0.171434	0.009698
		T	s2 	82	9:59:16 AM	0.0004326298	+9.40116369275781E-11	+1.51180087581265E-14	+6.84426352423194E-02	+2.20957851409912E+01	+4.94776966902739E+06	+0.00000000000000E+00	+4.94777105285645E+06	+4.94774397857666E+06	+4.94779535961151E+06 	0.536000	0.038000	0.166607	0.009073
		T	s2 	83	9:59:21 AM	0.0004095626	+2.86009822942625E-11	+1.51211153001690E-14	+6.84285733660746E-02	+2.21025295257568E+01	+4.94776969611167E+06	+0.00000000000000E+00	+4.94777109210968E+06	+4.94774399253845E+06	+4.94779539981842E+06 	0.536000	0.042000	0.162750	0.007509
		T	s2 	84	9:59:26 AM	0.0003871273	+3.20578267456136E-11	+1.51245781019982E-14	+6.84129044111999E-02	+2.21322803497314E+01	+4.94776977200486E+06	+0.00000000000000E+00	+4.94777113784790E+06	+4.94774402793884E+06	+4.94779551620484E+06 	0.504000	0.040000	0.158174	0.006884
		T	s2 	85	9:59:32 AM	0.0003653240	+3.42297373071973E-11	+1.50846906978037E-14	+6.85938017374680E-02	+2.21433048248291E+01	+4.94776985079772E+06	+0.00000000000000E+00	+4.94777120742798E+06	+4.94774416183472E+06	+4.94779553989411E+06 	0.496000	0.040000	0.153798	0.007386
		T	s2 	86	9:59:37 AM	0.0003441527	+3.99575102209349E-11	+1.51063936001840E-14	+6.84952509437702E-02	+2.22132778167725E+01	+4.94777000021880E+06	+0.00000000000000E+00	+4.94777133674622E+06	+4.94774419300080E+06	+4.94779580757141E+06 	0.480000	0.038000	0.149795	0.007549
		T	s2 	87	9:59:43 AM	0.0003236134	+4.57945172185166E-11	+1.51086048147090E-14	+6.84852239831537E-02	+2.22392444610596E+01	+4.94777008555340E+06	+0.00000000000000E+00	+4.94777143680573E+06	+4.94774424438477E+06	+4.94779592685700E+06 	0.464000	0.040000	0.145844	0.007760
		T	s2 	88	9:59:49 AM	0.0003037061	+6.43152754796589E-11	+1.50709386523930E-14	+6.86563742172933E-02	+2.23579139709473E+01	+4.94777051802525E+06	+0.00000000000000E+00	+4.94777180824280E+06	+4.94774460372925E+06	+4.94779643245697E+06 	0.472000	0.036000	0.140859	0.010346
		T	s2 	89	9:59:54 AM	0.0002844307	+7.39880415169449E-11	+1.50944191159697E-14	+6.85495674082688E-02	+2.24096870422363E+01	+4.94777076487378E+06	+0.00000000000000E+00	+4.94777199745178E+06	+4.94774475009918E+06	+4.94779677978516E+06 	0.448000	0.040000	0.136389	0.008618
		T	s2 	90	10:00:00 AM	0.0002657873	+9.14482661747455E-11	+1.50337815082000E-14	+6.88260475088602E-02	+2.25189437866211E+01	+4.94777110045258E+06	+0.00000000000000E+00	+4.94777229465485E+06	+4.94774506385803E+06	+4.94779713718415E+06 	0.424000	0.040000	0.131674	0.006393
		T	s2 	91	10:00:05 AM	0.0002477759	+1.00413936050174E-10	+1.50456899483572E-14	+6.87715678543382E-02	+2.25562725067139E+01	+4.94777127527982E+06	+0.00000000000000E+00	+4.94777250797272E+06	+4.94774517486572E+06	+4.94779737583161E+06 	0.424000	0.038000	0.128127	0.006140
		T	s2 	92	10:00:11 AM	0.0002303965	+4.70916332754847E-11	+1.50423985726244E-14	+6.87866070121152E-02	+2.26063632965088E+01	+4.94777158146622E+06	+0.00000000000000E+00	+4.94777269104004E+06	+4.94774542881012E+06	+4.94779773426056E+06 	0.408000	0.044000	0.123791	0.006825
		T	s2 	93	10:00:17 AM	0.0002136490	+2.84048731150503E-11	+1.50721536477827E-14	+6.86508019951050E-02	+2.26429347991943E+01	+4.94777187655163E+06	+0.00000000000000E+00	+4.94777301338196E+06	+4.94774562976837E+06	+4.94779812347412E+06 	0.392000	0.036000	0.118933	0.009619
		T	s2 	94	10:00:23 AM	0.0001975335	+4.04555228951451E-11	+1.50372739277225E-14	+6.88100319983513E-02	+2.26351394653320E+01	+4.94777220070590E+06	+0.00000000000000E+00	+4.94777321933746E+06	+4.94774602367401E+06	+4.94779837787628E+06 	0.408000	0.042000	0.114189	0.008922
		T	s2 	95	10:00:28 AM	0.0001820500	+5.47820948801445E-11	+1.50324783251335E-14	+6.88319751293645E-02	+2.25841693878174E+01	+4.94777250178124E+06	+0.00000000000000E+00	+4.94777348915100E+06	+4.94774639202118E+06	+4.94779861167908E+06 	0.368000	0.038000	0.109344	0.008459
		T	s2 	96	10:00:33 AM	0.0001671985	+6.18970656453030E-11	+1.50426624347747E-14	+6.87853705152224E-02	+2.26275711059570E+01	+4.94777265742053E+06	+0.00000000000000E+00	+4.94777367755890E+06	+4.94774647975922E+06	+4.94779883522034E+06 	0.352000	0.046000	0.105569	0.006532
		T	s2 	97	10:00:38 AM	0.0001529790	+8.01379188831899E-11	+1.50353467685520E-14	+6.88188306195303E-02	+2.25753040313721E+01	+4.94777295996455E+06	+0.00000000000000E+00	+4.94777396358490E+06	+4.94774685546875E+06	+4.94779906459809E+06 	0.360000	0.048000	0.100749	0.008246
		T	s2 	98	10:00:44 AM	0.0001393914	+3.02868782051624E-11	+1.50008616655160E-14	+6.89770274066755E-02	+2.25984153747559E+01	+4.94777328594968E+06	+0.00000000000000E+00	+4.94777429737091E+06	+4.94774721466065E+06	+4.94779935737610E+06 	0.328000	0.042000	0.095714	0.006716
		T	s2 	99	10:00:50 AM	0.0001264359	+7.82963723358579E-11	+1.50391467894324E-14	+6.88014274666147E-02	+2.25990638732910E+01	+4.94777347538720E+06	+0.00000000000000E+00	+4.94777452564240E+06	+4.94774733680725E+06	+4.94779961410523E+06 	0.328000	0.038000	0.092784	0.005625
		T	s2 	100	10:00:56 AM	0.0001141123	+5.04454682081999E-11	+1.50385522608176E-14	+6.88041425545417E-02	+2.25652580261230E+01	+4.94777365093978E+06	+0.00000000000000E+00	+4.94777471622467E+06	+4.94774755249024E+06	+4.94779974952698E+06 	0.312000	0.036000	0.087342	0.006071
		T	s2 	101	10:01:01 AM	0.0001024206	+6.52207444610011E-11	+1.50026158150737E-14	+6.89689451862648E-02	+2.25668716430664E+01	+4.94777390381638E+06	+0.00000000000000E+00	+4.94777501686096E+06	+4.94774786586762E+06	+4.94779994190216E+06 	0.304000	0.036000	0.083032	0.007080
		T	s2 	102	10:01:07 AM	0.0000913610	+1.42356662710001E-11	+1.50442856128986E-14	+6.87779065319896E-02	+2.25576591491699E+01	+4.94777418612272E+06	+0.00000000000000E+00	+4.94777527553559E+06	+4.94774808650971E+06	+4.94780028587342E+06 	0.280000	0.040000	0.077898	0.008117
		T	s2 	103	10:01:13 AM	0.0000809334	+9.53148625412277E-11	+1.50574983288726E-14	+6.87175491411467E-02	+2.25768489837646E+01	+4.94777439739949E+06	+0.00000000000000E+00	+4.94777556224823E+06	+4.94774825263977E+06	+4.94780054229736E+06 	0.272000	0.038000	0.075308	0.007396
		T	s2 	104	10:01:19 AM	0.0000711377	+3.96254351547437E-11	+1.50564010112495E-14	+6.87225506124136E-02	+2.25358963012695E+01	+4.94777463845047E+06	+0.00000000000000E+00	+4.94777579029083E+06	+4.94774854301453E+06	+4.94780073402405E+06 	0.264000	0.036000	0.068721	0.006252
		T	s2 	105	10:01:24 AM	0.0000619740	+1.23389548750404E-10	+1.50682476921849E-14	+6.86685153693416E-02	+2.25406265258789E+01	+4.94777483521242E+06	+0.00000000000000E+00	+4.94777597747803E+06	+4.94774871376038E+06	+4.94780095680237E+06 	0.256000	0.042000	0.066251	0.005445
		T	s2 	106	10:01:30 AM	0.0000534423	+6.99661384713396E-11	+1.50679279613610E-14	+6.86699652733912E-02	+2.25395717620850E+01	+4.94777509436389E+06	+0.00000000000000E+00	+4.94777620796204E+06	+4.94774897468567E+06	+4.94780121418000E+06 	0.224000	0.046000	0.060152	0.007148
		T	s2 	107	10:01:35 AM	0.0000455425	+7.78736013415162E-11	+1.50301366428565E-14	+6.88426216672705E-02	+2.25311813354492E+01	+4.94777528405011E+06	+0.00000000000000E+00	+4.94777642387390E+06	+4.94774923957825E+06	+4.94780132865906E+06 	0.240000	0.034000	0.057225	0.008234
		T	s2 	108	10:01:41 AM	0.0000382747	+6.11855724020873E-11	+1.50765505179124E-14	+6.86306792007408E-02	+2.24796142578125E+01	+4.94777554337312E+06	+0.00000000000000E+00	+4.94777667987824E+06	+4.94774947826386E+06	+4.94780160861969E+06 	0.208000	0.036000	0.052791	0.007602
		T	s2 	109	10:01:47 AM	0.0000316390	+8.12320819664055E-11	+1.51110398597652E-14	+6.84740291944048E-02	+2.25182266235352E+01	+4.94777582438224E+06	+0.00000000000000E+00	+4.94777703327179E+06	+4.94774965476990E+06	+4.94780199413300E+06 	0.216000	0.036000	0.048046	0.008871
		T	s2 	110	10:01:53 AM	0.0000256352	+8.97512660310902E-11	+1.50773638462148E-14	+6.86269625062723E-02	+2.24744491577148E+01	+4.94777606621555E+06	+0.00000000000000E+00	+4.94777726413727E+06	+4.94775000568390E+06	+4.94780212688446E+06 	0.184000	0.032000	0.045266	0.007978
		T	s2 	111	10:01:59 AM	0.0000202633	+1.37821757934455E-10	+1.50619740989975E-14	+6.86970749814240E-02	+2.24531669616699E+01	+4.94777635149795E+06	+0.00000000000000E+00	+4.94777755313874E+06	+4.94775034221649E+06	+4.94780236091614E+06 	0.168000	0.058000	0.039568	0.006280
		T	s2 	112	10:02:05 AM	0.0000155235	+8.80759411747242E-11	+1.50966836672584E-14	+6.85391245037248E-02	+2.24742183685303E+01	+4.94777654894624E+06	+0.00000000000000E+00	+4.94777791698456E+06	+4.94775045528412E+06	+4.94780264274597E+06 	0.176000	0.032000	0.034775	0.005132
		T	s2 	113	10:02:10 AM	0.0000114156	+7.00723741241326E-11	+1.51003764822615E-14	+6.85223550435633E-02	+2.24070320129395E+01	+4.94777684267831E+06	+0.00000000000000E+00	+4.94777804790497E+06	+4.94775082065582E+06	+4.94780286483765E+06 	0.144000	0.032000	0.032311	0.007016
		T	s2 	114	10:02:16 AM	0.0000079397	+8.19296735548829E-11	+1.50702770058045E-14	+6.86592056219148E-02	+2.23773002624512E+01	+4.94777710780022E+06	+0.00000000000000E+00	+4.94777845001221E+06	+4.94775117210388E+06	+4.94780304363251E+06 	0.160000	0.038000	0.029181	0.008943
		T	s2 	115	10:02:22 AM	0.0000050958	+5.98621154516579E-11	+1.51103015996751E-14	+6.84773335857763E-02	+2.23899135589600E+01	+4.94777730982615E+06	+0.00000000000000E+00	+4.94777860076905E+06	+4.94775129058838E+06	+4.94780332920075E+06 	0.136000	0.052000	0.024560	0.006810
		T	s2 	116	10:02:27 AM	0.0000028839	+3.39084095855257E-11	+1.51166156625522E-14	+6.84487270972655E-02	+2.24267597198486E+01	+4.94777746069714E+06	+0.00000000000000E+00	+4.94777874515534E+06	+4.94775138774872E+06	+4.94780353378296E+06 	0.112000	0.030000	0.022287	0.005516
		T	s2 	117	10:02:33 AM	0.0000013040	+2.87058226707050E-12	+1.51936219792398E-14	+6.81018091671144E-02	+2.24211196899414E+01	+4.94777735438086E+06	+0.00000000000000E+00	+4.94777879592896E+06	+4.94775115520477E+06	+4.94780355369568E+06 	0.112000	0.036000	0.019157	0.007015
		T	s2 	118	10:02:39 AM	0.0000003560	+4.03497091546079E-11	+1.50771502960256E-14	+6.86278926822822E-02	+2.24612655639648E+01	+4.94777757462322E+06	+0.00000000000000E+00	+4.94777888477326E+06	+4.94775152973175E+06	+4.94780361965180E+06 	0.112000	0.034000	0.018473	0.008501
		T	s2 	119	10:02:45 AM	0.0000000400	-2.27377426184571E-11	+1.50332044394615E-14	+6.88285037915043E-02	+2.17824249267578E+01	+4.94777777476577E+06	+0.00000000000000E+00	+4.94777843585968E+06	+4.94775259063721E+06	+4.94780295902253E+06 	0.096000	0.030000	0.019371	0.007332
		B	s3	120	10:17:45 AM	0.0000000400	+2.51623881228109E-10	+1.51057003668142E-14	+6.84984989596896E-02	+2.17403755187988E+01	+4.94776622176400E+06	+0.00000000000000E+00	+4.94776746360779E+06	+4.94774096515656E+06	+4.94779147850037E+06 	0	0	0	0
		B	s3	121	10:17:47 AM	0.0000003560	+1.14174108397192E-10	+1.51374193766388E-14	+6.83549617351703E-02	+2.21531181335449E+01	+4.94776640969231E+06	+0.00000000000000E+00	+4.94776786502838E+06	+4.94774061954499E+06	+4.94779219997406E+06 	0	0	0	0
		B	s3	122	10:17:49 AM	0.0000013040	+8.27700327900928E-11	+1.51179488790689E-14	+6.84429938041775E-02	+2.22252521514893E+01	+4.94776650723385E+06	+0.00000000000000E+00	+4.94776768554688E+06	+4.94774066638947E+06	+4.94779234821320E+06 	0	0	0	0
		B	s3	123	10:17:52 AM	0.0000028839	+1.76505741313796E-11	+1.51147960452715E-14	+6.84572722295265E-02	+2.23089103698730E+01	+4.94776644482493E+06	+0.00000000000000E+00	+4.94776780441284E+06	+4.94774051212311E+06	+4.94779237766266E+06 	0	0	0	0
		B	s3	124	10:17:54 AM	0.0000050958	+5.41442972393496E-11	+1.51077979771933E-14	+6.84889783791807E-02	+2.22294979095459E+01	+4.94776658480579E+06	+0.00000000000000E+00	+4.94776787792206E+06	+4.94774075637818E+06	+4.94779241336823E+06 	0	0	0	0
		B	s3	125	10:17:56 AM	0.0000079397	+5.51707406359608E-11	+1.51147432785734E-14	+6.84575081946510E-02	+2.22157230377197E+01	+4.94776655411657E+06	+0.00000000000000E+00	+4.94776792728424E+06	+4.94774072982788E+06	+4.94779237854004E+06 	0	0	0	0
		B	s3	126	10:17:59 AM	0.0000114156	+1.25936166964017E-10	+1.51297713389620E-14	+6.83895103289883E-02	+2.22223587036133E+01	+4.94776657465854E+06	+0.00000000000000E+00	+4.94776784812927E+06	+4.94774071697235E+06	+4.94779243247986E+06 	0	0	0	0
		B	s3	127	10:18:01 AM	0.0000155235	+1.92527286496003E-11	+1.50820388331725E-14	+6.86059543467521E-02	+2.22022323608398E+01	+4.94776654026959E+06	+0.00000000000000E+00	+4.94776784152985E+06	+4.94774078750610E+06	+4.94779229316712E+06 	0	0	0	0
		B	s3	128	10:18:03 AM	0.0000202633	+5.42534344121138E-11	+1.50427226591503E-14	+6.87852655487831E-02	+2.22307167053223E+01	+4.94776652821532E+06	+0.00000000000000E+00	+4.94776780384064E+06	+4.94774080963135E+06	+4.94779224693299E+06 	0	0	0	0
		B	s3	129	10:18:06 AM	0.0000256352	+8.95058523210054E-11	+1.51305433897239E-14	+6.83860226988430E-02	+2.21177158355713E+01	+4.94776650189382E+06	+0.00000000000000E+00	+4.94776783691406E+06	+4.94774076465607E+06	+4.94779223926544E+06 	0	0	0	0
		B	s3	130	10:18:08 AM	0.0000316390	+4.94883081262793E-11	+1.51331076692842E-14	+6.83744345549167E-02	+2.21031188964844E+01	+4.94776651085842E+06	+0.00000000000000E+00	+4.94776779460907E+06	+4.94774078624726E+06	+4.94779223560333E+06 	0	0	0	0
		B	s3	131	10:18:11 AM	0.0000382747	+8.40214938621264E-11	+1.50883638516270E-14	+6.85771967760921E-02	+2.21101989746094E+01	+4.94776647036576E+06	+0.00000000000000E+00	+4.94776774711609E+06	+4.94774081359863E+06	+4.94779212726593E+06 	0	0	0	0
		B	s3	132	10:18:13 AM	0.0000455425	+1.23096739642525E-10	+1.50918476128885E-14	+6.85613669409234E-02	+2.20348930358887E+01	+4.94776645812101E+06	+0.00000000000000E+00	+4.94776779167175E+06	+4.94774088283539E+06	+4.94779203353882E+06 	0	0	0	0
		B	s3	133	10:18:15 AM	0.0000534423	+4.91598240282096E-11	+1.50997079232503E-14	+6.85256759890451E-02	+2.20007400512695E+01	+4.94776648041805E+06	+0.00000000000000E+00	+4.94776775146485E+06	+4.94774093147278E+06	+4.94779202949524E+06 	0	0	0	0
		B	s3	134	10:18:18 AM	0.0000619740	+4.66847001516698E-11	+1.51326022049544E-14	+6.83767188570166E-02	+2.20140628814697E+01	+4.94776649508519E+06	+0.00000000000000E+00	+4.94776772941589E+06	+4.94774087497711E+06	+4.94779211532593E+06 	0	0	0	0
		B	s3	135	10:18:20 AM	0.0000711377	+8.84936212456569E-11	+1.51137256291473E-14	+6.84621202007202E-02	+2.19975318908691E+01	+4.94776646123002E+06	+0.00000000000000E+00	+4.94776783218384E+06	+4.94774089229584E+06	+4.94779203029633E+06 	0	0	0	0
		B	s3	136	10:18:21 AM	0.0000809334	+8.71009014203651E-11	+1.51008313343260E-14	+6.85205778724894E-02	+2.19573059082031E+01	+4.94776648829565E+06	+0.00000000000000E+00	+4.94776776412964E+06	+4.94774098789215E+06	+4.94779198883057E+06 	0	0	0	0
		B	s3	137	10:18:24 AM	0.0000913610	+4.93482514116269E-11	+1.50866316904274E-14	+6.85850696173830E-02	+2.19176254272461E+01	+4.94776649930141E+06	+0.00000000000000E+00	+4.94776775981903E+06	+4.94774106891632E+06	+4.94779192981720E+06 	0	0	0	0
		B	s3	138	10:18:26 AM	0.0001024206	+4.96016843542923E-11	+1.51187218895184E-14	+6.84394960082276E-02	+2.19194469451904E+01	+4.94776644759290E+06	+0.00000000000000E+00	+4.94776774593353E+06	+4.94774096099854E+06	+4.94779193431854E+06 	0	0	0	0
		B	s3	139	10:18:28 AM	0.0001141123	+8.84761481118859E-11	+1.51003336923290E-14	+6.85228364547954E-02	+2.19160995483398E+01	+4.94776647244583E+06	+0.00000000000000E+00	+4.94776769001007E+06	+4.94774102073670E+06	+4.94779192428589E+06 	0	0	0	0
		B	s3	140	10:18:31 AM	0.0001264359	+4.88899863681970E-11	+1.50937356530202E-14	+6.85527914007977E-02	+2.19071788787842E+01	+4.94776643498561E+06	+0.00000000000000E+00	+4.94776773117066E+06	+4.94774100475311E+06	+4.94779186534882E+06 	0	0	0	0
		B	s3	141	10:18:33 AM	0.0001393914	+4.84770841637134E-11	+1.51164070020428E-14	+6.84499763300321E-02	+2.19011306762695E+01	+4.94776645936137E+06	+0.00000000000000E+00	+4.94776774101257E+06	+4.94774099796295E+06	+4.94779192089081E+06 	0	0	0	0
		B	s3	142	10:18:36 AM	0.0001529790	+4.80774049616440E-11	+1.51083262141637E-14	+6.84865875431302E-02	+2.18790130615234E+01	+4.94776644881393E+06	+0.00000000000000E+00	+4.94776773876190E+06	+4.94774102672577E+06	+4.94779187103272E+06 	0	0	0	0
		B	s3	143	10:18:38 AM	0.0001671985	+4.49792135716035E-11	+1.50910324529154E-14	+6.85650708897104E-02	+2.18647098541260E+01	+4.94776643916298E+06	+0.00000000000000E+00	+4.94776769096375E+06	+4.94774106277466E+06	+4.94779181568146E+06 	0	0	0	0
		B	s3	144	10:18:41 AM	0.0001820500	+4.63356616593204E-11	+1.51192238271589E-14	+6.84372248388164E-02	+2.18678035736084E+01	+4.94776641402387E+06	+0.00000000000000E+00	+4.94776767601013E+06	+4.94774098663330E+06	+4.94779184154511E+06 	0	0	0	0
		B	s3	145	10:18:43 AM	0.0001975335	+8.44458640300660E-11	+1.51260538936325E-14	+6.84063238785389E-02	+2.18203830718994E+01	+4.94776636332676E+06	+0.00000000000000E+00	+4.94776766674042E+06	+4.94774097961426E+06	+4.94779174716950E+06 	0	0	0	0
		B	s3	146	10:18:45 AM	0.0002136490	+1.15598171389631E-10	+1.51279797668925E-14	+6.83976143369206E-02	+2.18511466979980E+01	+4.94776640124466E+06	+0.00000000000000E+00	+4.94776771934509E+06	+4.94774097850800E+06	+4.94779182411194E+06 	0	0	0	0
		B	s3	147	10:18:46 AM	0.0002303965	+8.26082323305179E-11	+1.51247486561096E-14	+6.84122266256100E-02	+2.18317108154297E+01	+4.94776638468901E+06	+0.00000000000000E+00	+4.94776768108368E+06	+4.94774098999024E+06	+4.94779177951813E+06 	0	0	0	0
		B	s3	148	10:18:49 AM	0.0002477759	+4.08746999259056E-11	+1.51499233284974E-14	+6.82985458658593E-02	+2.18567390441895E+01	+4.94776638325813E+06	+0.00000000000000E+00	+4.94776767024994E+06	+4.94774091712952E+06	+4.94779184951782E+06 	0	0	0	0
		B	s3	149	10:18:50 AM	0.0002657873	+8.30957898090544E-11	+1.51430889408328E-14	+6.83293711415914E-02	+2.18516674041748E+01	+4.94776635659349E+06	+0.00000000000000E+00	+4.94776770736694E+06	+4.94774090785980E+06	+4.94779180545807E+06 	0	0	0	0
		B	s3	150	10:18:53 AM	0.0002844307	+4.67367379563741E-11	+1.51191535503479E-14	+6.84375435421513E-02	+2.18407249450684E+01	+4.94776639256636E+06	+0.00000000000000E+00	+4.94776769325257E+06	+4.94774099678040E+06	+4.94779178848267E+06 	0	0	0	0
		B	s3	151	10:18:55 AM	0.0003037061	+8.26990948408644E-11	+1.51254800127696E-14	+6.84089191457973E-02	+2.18571357727051E+01	+4.94776636910582E+06	+0.00000000000000E+00	+4.94776770111084E+06	+4.94774094360352E+06	+4.94779179473877E+06 	0	0	0	0
		B	s3	152	10:18:58 AM	0.0003236134	+4.79778743205172E-11	+1.51294503525122E-14	+6.83909666671848E-02	+2.18425807952881E+01	+4.94776637982517E+06	+0.00000000000000E+00	+4.94776766780853E+06	+4.94774096458435E+06	+4.94779179519653E+06 	0	0	0	0
		B	s3	153	10:19:00 AM	0.0003441527	+4.44748996431284E-11	+1.51379843330374E-14	+6.83524122243606E-02	+2.18355426788330E+01	+4.94776635441925E+06	+0.00000000000000E+00	+4.94776768028259E+06	+4.94774093303681E+06	+4.94779177593231E+06 	0	0	0	0
		B	s3	154	10:19:03 AM	0.0003653240	+4.36309525572922E-11	+1.51476484718527E-14	+6.83088039735703E-02	+2.18138675689697E+01	+4.94776634307058E+06	+0.00000000000000E+00	+4.94776765022278E+06	+4.94774093070984E+06	+4.94779175556183E+06 	0	0	0	0
		B	s3	155	10:19:05 AM	0.0003871273	+1.18308372677671E-10	+1.51492253625331E-14	+6.83016941146574E-02	+2.18511981964111E+01	+4.94776632714398E+06	+0.00000000000000E+00	+4.94776768512726E+06	+4.94774086864472E+06	+4.94779178577423E+06 	0	0	0	0
		B	s3	156	10:19:07 AM	0.0004095626	+4.67715082029821E-11	+1.51295870384495E-14	+6.83903495651056E-02	+2.19491291046143E+01	+4.94776635212983E+06	+0.00000000000000E+00	+4.94776771324158E+06	+4.94774081268311E+06	+4.94779189170838E+06 	0	0	0	0
		B	s3	157	10:19:10 AM	0.0004326298	+4.58523852193842E-11	+1.51496461361991E-14	+6.82997956598827E-02	+2.19406280517578E+01	+4.94776637822223E+06	+0.00000000000000E+00	+4.94776772670746E+06	+4.94774081481934E+06	+4.94779194175720E+06 	0	0	0	0
		B	s3	158	10:19:11 AM	0.0004563291	+5.07690761898355E-11	+1.51527298881461E-14	+6.82858957772217E-02	+2.19687824249268E+01	+4.94776638190322E+06	+0.00000000000000E+00	+4.94776776397705E+06	+4.94774078048706E+06	+4.94779198345184E+06 	0	0	0	0
		B	s3	159	10:19:13 AM	0.0004806603	+5.00109543509129E-11	+1.51369522000881E-14	+6.83570715103398E-02	+2.19595680236816E+01	+4.94776640555454E+06	+0.00000000000000E+00	+4.94776773838043E+06	+4.94774084152222E+06	+4.94779196971894E+06 	0	0	0	0
		B	s3	160	10:19:15 AM	0.0005056235	+4.96029690351113E-11	+1.51483620024917E-14	+6.83055842020068E-02	+2.19559288024902E+01	+4.94776642397944E+06	+0.00000000000000E+00	+4.94776776287079E+06	+4.94774084491730E+06	+4.94779200317383E+06 	0	0	0	0
		B	s3	161	10:19:17 AM	0.0005312186	+5.04491857558128E-11	+1.51576383268979E-14	+6.82637825036518E-02	+2.19484806060791E+01	+4.94776640070976E+06	+0.00000000000000E+00	+4.94776776382447E+06	+4.94774081466675E+06	+4.94779198688507E+06 	0	0	0	0
		B	s3	162	10:19:20 AM	0.0005574458	+5.02925209081644E-11	+1.51697341275069E-14	+6.82093511058613E-02	+2.19431266784668E+01	+4.94776641202026E+06	+0.00000000000000E+00	+4.94776776741028E+06	+4.94774081180573E+06	+4.94779201236725E+06 	0	0	0	0
		B	s3	163	10:19:22 AM	0.0005843049	+5.12816324871752E-11	+1.51683064185380E-14	+6.82157706150518E-02	+2.19445705413818E+01	+4.94776643597656E+06	+0.00000000000000E+00	+4.94776779785156E+06	+4.94774083648682E+06	+4.94779203559876E+06 	0	0	0	0
		B	s3	164	10:19:24 AM	0.0006117960	+5.35608506011031E-11	+1.51749499285795E-14	+6.81859065382110E-02	+2.19308776855469E+01	+4.94776642094668E+06	+0.00000000000000E+00	+4.94776780735016E+06	+4.94774082622528E+06	+4.94779201580048E+06 	0	0	0	0
		B	s3	165	10:19:26 AM	0.0006399191	+5.31423648663052E-11	+1.51808941804176E-14	+6.81592066263887E-02	+2.19358005523682E+01	+4.94776645522165E+06	+0.00000000000000E+00	+4.94776781383515E+06	+4.94774084472656E+06	+4.94779206584931E+06 	0	0	0	0
		B	s3	166	10:19:28 AM	0.0006686741	+5.48060870394281E-11	+1.51966733534213E-14	+6.80884350751010E-02	+2.19476871490479E+01	+4.94776644621876E+06	+0.00000000000000E+00	+4.94776783473969E+06	+4.94774079521179E+06	+4.94779209735871E+06 	0	0	0	0
		B	s3	167	10:19:29 AM	0.0006980612	+5.46802450706082E-11	+1.51837233374217E-14	+6.81465065106746E-02	+2.19324645996094E+01	+4.94776645987558E+06	+0.00000000000000E+00	+4.94776783924103E+06	+4.94774084850311E+06	+4.94779207138062E+06 	0	0	0	0
		B	s3	168	10:19:32 AM	0.0007280802	+5.22776193101456E-11	+1.51701564034329E-14	+6.82074509035804E-02	+2.19375782012939E+01	+4.94776646748599E+06	+0.00000000000000E+00	+4.94776782157898E+06	+4.94774087303162E+06	+4.94779206207276E+06 	0	0	0	0
		B	s3	169	10:19:34 AM	0.0007587312	+5.22260953876774E-11	+1.51909683157166E-14	+6.81140051142805E-02	+2.19355220794678E+01	+4.94776647833863E+06	+0.00000000000000E+00	+4.94776785236359E+06	+4.94774085117340E+06	+4.94779210563660E+06 	0	0	0	0
		B	s3	170	10:19:37 AM	0.0007900141	+5.25291157234915E-11	+1.51767653968615E-14	+6.81777487913936E-02	+2.19492359161377E+01	+4.94776646603627E+06	+0.00000000000000E+00	+4.94776783092499E+06	+4.94774084682465E+06	+4.94779208538056E+06 	0	0	0	0
		B	s3	171	10:19:38 AM	0.0008219291	+5.37757528325345E-11	+1.51776720934594E-14	+6.81736756050318E-02	+2.19486598968506E+01	+4.94776647788090E+06	+0.00000000000000E+00	+4.94776782989502E+06	+4.94774085781098E+06	+4.94779209808350E+06 	0	0	0	0
		B	s3	172	10:19:41 AM	0.0008544760	+5.47833073897210E-11	+1.51657029335558E-14	+6.82274798197239E-02	+2.19502506256104E+01	+4.94776648478560E+06	+0.00000000000000E+00	+4.94776784328461E+06	+4.94774088306427E+06	+4.94779208663941E+06 	0	0	0	0
		B	s3	173	10:19:43 AM	0.0008876549	+5.44225024107585E-11	+1.52033032490795E-14	+6.80587424100310E-02	+2.19611167907715E+01	+4.94776646384252E+06	+0.00000000000000E+00	+4.94776789184570E+06	+4.94774078594208E+06	+4.94779214187622E+06 	0	0	0	0
		B	s3	174	10:19:46 AM	0.0009214658	+5.45561745307814E-11	+1.52161988905500E-14	+6.80010631695135E-02	+2.19677028656006E+01	+4.94776645823476E+06	+0.00000000000000E+00	+4.94776789394379E+06	+4.94774075084687E+06	+4.94779216575623E+06 	0	0	0	0
		B	s3	175	10:19:48 AM	0.0009559087	+5.71969688038302E-11	+1.51950904203117E-14	+6.80955270864888E-02	+2.19581012725830E+01	+4.94776648371718E+06	+0.00000000000000E+00	+4.94776787700653E+06	+4.94774082321167E+06	+4.94779214435578E+06 	0	0	0	0
		B	s3	176	10:19:50 AM	0.0009909836	+5.86624111080818E-11	+1.52137615763126E-14	+6.80119570366071E-02	+2.19835948944092E+01	+4.94776646603574E+06	+0.00000000000000E+00	+4.94776793609619E+06	+4.94774074417115E+06	+4.94779218803406E+06 	0	0	0	0
		B	s3	177	10:19:53 AM	0.0010266904	+5.62964688094904E-11	+1.51945982108150E-14	+6.80977333316707E-02	+2.19988994598389E+01	+4.94776646998403E+06	+0.00000000000000E+00	+4.94776790519715E+06	+4.94774076263428E+06	+4.94779217746735E+06 	0	0	0	0
		B	s3	178	10:19:55 AM	0.0010630292	+6.17717425980857E-11	+1.52091415508811E-14	+6.80326155395949E-02	+2.20055351257324E+01	+4.94776651116352E+06	+0.00000000000000E+00	+4.94776796161652E+06	+4.94774077144623E+06	+4.94779225101471E+06 	0	0	0	0
		B	s3	179	10:19:56 AM	0.0011000000	+5.88867128623878E-11	+1.52055212042794E-14	+6.80488140778432E-02	+2.19964542388916E+01	+4.94776649785031E+06	+0.00000000000000E+00	+4.94776791858673E+06	+4.94774077487946E+06	+4.94779222095490E+06 	0	0	0	0

