	10/10/2022	Ramp 3 Loc 9 test 001	H10 	Box 5b Xtal 1		DLC	50 uN	2.2%	Tip is 100um Stainless Steel	Points/Segment: 59	
		Seg 	ID Tag	Number	Time	Power	C0	C1	L1	R1	fs	fa	fr	f1	f2	Ch1 (Pk-Pk)	Ch2 (Pk-Pk)	Ch1 (RMS)	Ch2 (RMS)	
						uW	F	F	H	Ohms	Hz	Hz	Hz	Hz	Hz	V	V	V	V	
		B	s1	0	3:31:03 PM	0.0000014000	+6.21186900909342E-11	+1.50634217330324E-14	+6.86907248241341E-02	+1.95178470611572E+01	+4.94776728256781E+06	+0.00000000000000E+00	+4.94776849960327E+06	+4.94774467140198E+06	+4.94778989383698E+06 	0	0	0	0
		B	s1	1	3:31:05 PM	0.0000014858	+1.14944184034406E-10	+1.50704290854096E-14	+6.86587838433473E-02	+1.95823974609375E+01	+4.94776734036009E+06	+0.00000000000000E+00	+4.94776849632263E+06	+4.94774464385986E+06	+4.94779003696442E+06 	0	0	0	0
		B	s1	2	3:31:07 PM	0.0000017431	+2.47177140308109E-11	+1.50313118015737E-14	+6.88374609165694E-02	+1.95718822479248E+01	+4.94776732681823E+06	+0.00000000000000E+00	+4.94776854572296E+06	+4.94774470138550E+06	+4.94778995235443E+06 	0	0	0	0
		B	s1	3	3:31:10 PM	0.0000021720	+2.91271851259942E-11	+1.50624737986589E-14	+6.86950449910493E-02	+1.95838813781738E+01	+4.94776738274142E+06	+0.00000000000000E+00	+4.94776853160858E+06	+4.94774469650269E+06	+4.94779006908417E+06 	0	0	0	0
		B	s1	4	3:31:11 PM	0.0000027725	-1.22609818131733E-11	+1.50156291667741E-14	+6.89093559814343E-02	+1.96236057281494E+01	+4.94776733429488E+06	+0.00000000000000E+00	+4.94776852703095E+06	+4.94774467273712E+06	+4.94778999595642E+06 	0	0	0	0
		B	s1	5	3:31:14 PM	0.0000035445	+2.93610404103195E-11	+1.50436326201718E-14	+6.87810828603645E-02	+1.95708713531494E+01	+4.94776731939857E+06	+0.00000000000000E+00	+4.94776849773407E+06	+4.94774467658997E+06	+4.94778996231079E+06 	0	0	0	0
		B	s1	6	3:31:16 PM	0.0000044881	+6.75048416803170E-11	+1.50460065102490E-14	+6.87702301221771E-02	+1.95713272094727E+01	+4.94776734722677E+06	+0.00000000000000E+00	+4.94776847404480E+06	+4.94774470031738E+06	+4.94778999423981E+06 	0	0	0	0
		B	s1	7	3:31:18 PM	0.0000056032	+2.35634671112494E-11	+1.50210485779022E-14	+6.88844946347844E-02	+1.95748367309570E+01	+4.94776732321340E+06	+0.00000000000000E+00	+4.94776846317291E+06	+4.94774470981598E+06	+4.94778993671417E+06 	0	0	0	0
		B	s1	8	3:31:20 PM	0.0000068899	+2.54416912019339E-11	+1.50618211093651E-14	+6.86980244740740E-02	+1.95756416320801E+01	+4.94776728729774E+06	+0.00000000000000E+00	+4.94776845046997E+06	+4.94774461158753E+06	+4.94778996311188E+06 	0	0	0	0
		B	s1	9	3:31:21 PM	0.0000083482	+6.62936750975133E-11	+1.50346154872690E-14	+6.88223347436158E-02	+1.95617256164551E+01	+4.94776732409076E+06	+0.00000000000000E+00	+4.94776844383240E+06	+4.94774470542908E+06	+4.94778994285584E+06 	0	0	0	0
		B	s1	10	3:31:23 PM	0.0000099780	+6.38816471432673E-11	+1.50197986346008E-14	+6.88902278783057E-02	+1.95369033813477E+01	+4.94776729822734E+06	+0.00000000000000E+00	+4.94776837146759E+06	+4.94774473052979E+06	+4.94778986602783E+06 	0	0	0	0
		B	s1	11	3:31:25 PM	0.0000117794	-1.82212966064994E-11	+1.50660327094812E-14	+6.86788195815083E-02	+1.95573787689209E+01	+4.94776731821593E+06	+0.00000000000000E+00	+4.94776848766327E+06	+4.94774465732575E+06	+4.94778997920990E+06 	0	0	0	0
		B	s1	12	3:31:27 PM	0.0000137523	-2.12367909496143E-11	+1.50122775515493E-14	+6.89247426321768E-02	+1.96247329711914E+01	+4.94776726011810E+06	+0.00000000000000E+00	+4.94776843536377E+06	+4.94774460231781E+06	+4.94778991802216E+06 	0	0	0	0
		B	s1	13	3:31:29 PM	0.0000158968	+1.64550272563773E-11	+1.50307455730051E-14	+6.88400552698705E-02	+1.96074676513672E+01	+4.94776728539044E+06	+0.00000000000000E+00	+4.94776836471558E+06	+4.94774461967468E+06	+4.94778995121002E+06 	0	0	0	0
		B	s1	14	3:31:30 PM	0.0000182129	+6.36467027276000E-11	+1.50573904651115E-14	+6.87182390596798E-02	+1.95491027832031E+01	+4.94776728155679E+06	+0.00000000000000E+00	+4.94776842090607E+06	+4.94774464324951E+06	+4.94778991996765E+06 	0	0	0	0
		B	s1	15	3:31:32 PM	0.0000207005	-2.25480880019143E-11	+1.50179065706760E-14	+6.88989063128377E-02	+1.95933322906494E+01	+4.94776732882093E+06	+0.00000000000000E+00	+4.94776845241547E+06	+4.94774469879151E+06	+4.94778995895386E+06 	0	0	0	0
		B	s1	16	3:31:34 PM	0.0000233597	+2.06737381797040E-11	+1.50734003379563E-14	+6.86452512405688E-02	+1.95289478302002E+01	+4.94776729195184E+06	+0.00000000000000E+00	+4.94776844409943E+06	+4.94774465293884E+06	+4.94778993106842E+06 	0	0	0	0
		B	s1	17	3:31:37 PM	0.0000261904	+6.59530094725778E-11	+1.50204918195447E-14	+6.88870486382977E-02	+1.95310153961182E+01	+4.94776729841810E+06	+0.00000000000000E+00	+4.94776840644837E+06	+4.94774473648071E+06	+4.94778986045838E+06 	0	0	0	0
		B	s1	18	3:31:39 PM	0.0000291927	+1.06348267574059E-10	+1.50009803664049E-14	+6.89766489638043E-02	+1.95538730621338E+01	+4.94776728335006E+06	+0.00000000000000E+00	+4.94776838684082E+06	+4.94774472434998E+06	+4.94778984245300E+06 	0	0	0	0
		B	s1	19	3:31:41 PM	0.0000323666	+6.19768322252506E-11	+1.50321853902895E-14	+6.88334620441173E-02	+1.95464267730713E+01	+4.94776726982679E+06	+0.00000000000000E+00	+4.94776839828491E+06	+4.94774467250824E+06	+4.94778986724854E+06 	0	0	0	0
		B	s1	20	3:31:42 PM	0.0000357120	+1.81864615612873E-11	+1.50297245733080E-14	+6.88447334167845E-02	+1.95504360198975E+01	+4.94776722422208E+06	+0.00000000000000E+00	+4.94776836589813E+06	+4.94774462596893E+06	+4.94778982257843E+06 	0	0	0	0
		B	s1	21	3:31:44 PM	0.0000392290	+2.56171019297741E-11	+1.50642815655897E-14	+6.86868033673345E-02	+1.95996742248535E+01	+4.94776730984246E+06	+0.00000000000000E+00	+4.94776845031739E+06	+4.94774460258484E+06	+4.94779001720429E+06 	0	0	0	0
		B	s1	22	3:31:46 PM	0.0000429175	+2.67413703480189E-11	+1.50809776597745E-14	+6.86107601960693E-02	+1.95500354766846E+01	+4.94776731947472E+06	+0.00000000000000E+00	+4.94776849433899E+06	+4.94774464462280E+06	+4.94778999443054E+06 	0	0	0	0
		B	s1	23	3:31:49 PM	0.0000467776	+2.67578790224245E-11	+1.50838876987418E-14	+6.85975236246579E-02	+1.95228672027588E+01	+4.94776731701436E+06	+0.00000000000000E+00	+4.94776845069885E+06	+4.94774466930390E+06	+4.94778996482849E+06 	0	0	0	0
		B	s1	24	3:31:51 PM	0.0000508093	+2.47231402800187E-11	+1.50709997391074E-14	+6.86561852163132E-02	+1.94932556152344E+01	+4.94776730095473E+06	+0.00000000000000E+00	+4.94776846538544E+06	+4.94774470691681E+06	+4.94778989509583E+06 	0	0	0	0
		B	s1	25	3:31:53 PM	0.0000550125	+2.19185849525348E-11	+1.50149251355895E-14	+6.89125865130359E-02	+1.95152969360352E+01	+4.94776735376948E+06	+0.00000000000000E+00	+4.94776845497132E+06	+4.94774481834412E+06	+4.94778988929749E+06 	0	0	0	0
		B	s1	26	3:31:56 PM	0.0000593872	+2.43835975114233E-11	+1.50315741055248E-14	+6.88362591659134E-02	+1.95068645477295E+01	+4.94776734562503E+06	+0.00000000000000E+00	+4.94776845771790E+06	+4.94774479496002E+06	+4.94778989639282E+06 	0	0	0	0
		B	s1	27	3:31:58 PM	0.0000639336	+6.97273484302872E-11	+1.50254935949934E-14	+6.88641147116767E-02	+1.95006294250488E+01	+4.94776738453502E+06	+0.00000000000000E+00	+4.94776846485138E+06	+4.94774485019684E+06	+4.94778991897583E+06 	0	0	0	0
		B	s1	28	3:32:00 PM	0.0000686515	+2.59293825327768E-11	+1.50408135292776E-14	+6.87939732428677E-02	+1.95010318756104E+01	+4.94776736311539E+06	+0.00000000000000E+00	+4.94776849510193E+06	+4.94774480533600E+06	+4.94778992099762E+06 	0	0	0	0
		B	s1	29	3:32:03 PM	0.0000735409	+6.68833203006738E-11	+1.50466835934074E-14	+6.87671348344602E-02	+1.94844245910645E+01	+4.94776737269033E+06	+0.00000000000000E+00	+4.94776846668244E+06	+4.94774482532501E+06	+4.94778992015839E+06 	0	0	0	0
		B	s1	30	3:32:05 PM	0.0000786020	+2.76219258081085E-11	+1.50492203876076E-14	+6.87555440630272E-02	+1.94605903625488E+01	+4.94776733444809E+06	+0.00000000000000E+00	+4.94776850101471E+06	+4.94774481086731E+06	+4.94778985813141E+06 	0	0	0	0
		B	s1	31	3:32:07 PM	0.0000838345	+2.60023918954997E-11	+1.50551786782631E-14	+6.87283331299280E-02	+1.94759674072266E+01	+4.94776733431446E+06	+0.00000000000000E+00	+4.94776846656799E+06	+4.94774478401184E+06	+4.94778988471985E+06 	0	0	0	0
		B	s1	32	3:32:09 PM	0.0000892387	+3.09820474622786E-11	+1.50318461394632E-14	+6.88350122910613E-02	+1.94807567596436E+01	+4.94776738634706E+06	+0.00000000000000E+00	+4.94776851383209E+06	+4.94774486545563E+06	+4.94778990734101E+06 	0	0	0	0
		B	s1	33	3:32:11 PM	0.0000948144	+2.73001800329798E-11	+1.50590236058814E-14	+6.87107847490785E-02	+1.94107513427734E+01	+4.94776734869618E+06	+0.00000000000000E+00	+4.94776848899842E+06	+4.94774486816406E+06	+4.94778982933045E+06 	0	0	0	0
		B	s1	34	3:32:14 PM	0.0001005616	+2.79200120731702E-11	+1.50160849664388E-14	+6.89072633073445E-02	+1.94215641021729E+01	+4.94776736994428E+06	+0.00000000000000E+00	+4.94776852466583E+06	+4.94774494102478E+06	+4.94778979896546E+06 	0	0	0	0
		B	s1	35	3:32:15 PM	0.0001064804	+1.17864468807802E-10	+1.50565731996044E-14	+6.87219658999894E-02	+1.94599151611328E+01	+4.94776739536876E+06	+0.00000000000000E+00	+4.94776847202301E+06	+4.94774486156464E+06	+4.94778992927551E+06 	0	0	0	0
		B	s1	36	3:32:17 PM	0.0001125708	+2.73941333770735E-11	+1.50455025205025E-14	+6.87725328913567E-02	+1.94247665405273E+01	+4.94776737871787E+06	+0.00000000000000E+00	+4.94776848793030E+06	+4.94774490215302E+06	+4.94778985538483E+06 	0	0	0	0
		B	s1	37	3:32:19 PM	0.0001188327	+2.66368695135231E-11	+1.50458645259631E-14	+6.87708784188645E-02	+1.94545955657959E+01	+4.94776737139349E+06	+0.00000000000000E+00	+4.94776849327088E+06	+4.94774485977173E+06	+4.94778988311768E+06 	0	0	0	0
		B	s1	38	3:32:21 PM	0.0001252662	+2.93122085997325E-11	+1.50769909730484E-14	+6.86289001597616E-02	+1.94414081573486E+01	+4.94776739966026E+06	+0.00000000000000E+00	+4.94776850879669E+06	+4.94774485675812E+06	+4.94778994266510E+06 	0	0	0	0
		B	s1	39	3:32:23 PM	0.0001318713	+2.45403144578803E-11	+1.50501790673444E-14	+6.87511630773701E-02	+1.94192085266113E+01	+4.94776738243720E+06	+0.00000000000000E+00	+4.94776846004486E+06	+4.94774490531922E+06	+4.94778985965729E+06 	0	0	0	0
		B	s1	40	3:32:25 PM	0.0001386479	+2.60070838666810E-11	+1.50407465695318E-14	+6.87942793501033E-02	+1.94136943817139E+01	+4.94776736872345E+06	+0.00000000000000E+00	+4.94776850025177E+06	+4.94774491207123E+06	+4.94778982547760E+06 	0	0	0	0
		B	s1	41	3:32:27 PM	0.0001455961	+2.87661869821764E-11	+1.50567636815694E-14	+6.87210961560798E-02	+1.94150314331055E+01	+4.94776740788121E+06	+0.00000000000000E+00	+4.94776850589752E+06	+4.94774492576599E+06	+4.94778989009857E+06 	0	0	0	0
		B	s1	42	3:32:30 PM	0.0001527158	+2.20617106958899E-11	+1.50404818822806E-14	+6.87954912254726E-02	+1.94086608886719E+01	+4.94776732515964E+06	+0.00000000000000E+00	+4.94776842803955E+06	+4.94774487472534E+06	+4.94778977569580E+06 	0	0	0	0
		B	s1	43	3:32:31 PM	0.0001600071	+2.71617221874715E-11	+1.50563439565886E-14	+6.87230133282778E-02	+1.94304141998291E+01	+4.94776735613476E+06	+0.00000000000000E+00	+4.94776848937988E+06	+4.94774485683441E+06	+4.94778985553742E+06 	0	0	0	0
		B	s1	44	3:32:34 PM	0.0001674700	+3.15039810534900E-11	+1.50327579840015E-14	+6.88308370543929E-02	+1.94203319549561E+01	+4.94776738274248E+06	+0.00000000000000E+00	+4.94776855903626E+06	+4.94774493034363E+06	+4.94778983524323E+06 	0	0	0	0
		B	s1	45	3:32:35 PM	0.0001751044	+2.66517754257251E-11	+1.50448668262331E-14	+6.87754389441296E-02	+1.94121360778809E+01	+4.94776737185149E+06	+0.00000000000000E+00	+4.94776848514557E+06	+4.94774491085053E+06	+4.94778983295441E+06 	0	0	0	0
		B	s1	46	3:32:38 PM	0.0001829104	+3.01286114496043E-11	+1.50318610737284E-14	+6.88349446056201E-02	+1.94025669097900E+01	+4.94776736109418E+06	+0.00000000000000E+00	+4.94776852787018E+06	+4.94774493057251E+06	+4.94778979171753E+06 	0	0	0	0
		B	s1	47	3:32:39 PM	0.0001908879	+2.79490039172320E-11	+1.50697609656915E-14	+6.86618275658446E-02	+1.94117488861084E+01	+4.94776735020291E+06	+0.00000000000000E+00	+4.94776849792481E+06	+4.94774485248566E+06	+4.94778984802246E+06 	0	0	0	0
		B	s1	48	3:32:41 PM	0.0001990370	+2.60619255800278E-11	+1.50628061064022E-14	+6.86935302893409E-02	+1.93984184265137E+01	+4.94776735348367E+06	+0.00000000000000E+00	+4.94776849071503E+06	+4.94774488159180E+06	+4.94778982547760E+06 	0	0	0	0
		B	s1	49	3:32:43 PM	0.0002073577	+2.81329677022558E-11	+1.50666828275229E-14	+6.86758550967057E-02	+1.93735427856445E+01	+4.94776735554371E+06	+0.00000000000000E+00	+4.94776848991394E+06	+4.94774490669251E+06	+4.94778980449677E+06 	0	0	0	0
		B	s1	50	3:32:46 PM	0.0002158499	+3.20569434786570E-11	+1.50365255574699E-14	+6.88135906520571E-02	+1.93879547119141E+01	+4.94776738449739E+06	+0.00000000000000E+00	+4.94776853462219E+06	+4.94774496391297E+06	+4.94778980518341E+06 	0	0	0	0
		B	s1	51	3:32:47 PM	0.0002245136	+2.85824649617869E-11	+1.50450962991491E-14	+6.87743901953375E-02	+1.94039936065674E+01	+4.94776736330661E+06	+0.00000000000000E+00	+4.94776853282929E+06	+4.94774491138458E+06	+4.94778981533051E+06 	0	0	0	0
		B	s1	52	3:32:50 PM	0.0002333490	+2.70411942109763E-11	+1.50526969074914E-14	+6.87396641180009E-02	+1.93972110748291E+01	+4.94776734875352E+06	+0.00000000000000E+00	+4.94776849517822E+06	+4.94774489334107E+06	+4.94778980426788E+06 	0	0	0	0
		B	s1	53	3:32:52 PM	0.0002423559	+2.87525564497739E-11	+1.50643599703660E-14	+6.86864445883728E-02	+1.93998088836670E+01	+4.94776735623023E+06	+0.00000000000000E+00	+4.94776851001740E+06	+4.94774488040924E+06	+4.94778983215332E+06 	0	0	0	0
		B	s1	54	3:32:54 PM	0.0002515343	+2.85641024392433E-11	+1.50725410501055E-14	+6.86491616881852E-02	+1.93830261230469E+01	+4.94776740109111E+06	+0.00000000000000E+00	+4.94776853359223E+06	+4.94774493251801E+06	+4.94778986976624E+06 	0	0	0	0
		B	s1	55	3:32:57 PM	0.0002608843	+3.16766658147243E-11	+1.50621988342930E-14	+6.86962994124904E-02	+1.93838710784912E+01	+4.94776736921938E+06	+0.00000000000000E+00	+4.94776853736878E+06	+4.94774491508484E+06	+4.94778982345581E+06 	0	0	0	0
		B	s1	56	3:32:59 PM	0.0002704059	+3.20819170989161E-11	+1.50753868056863E-14	+6.86362033080953E-02	+1.93809795379639E+01	+4.94776738640451E+06	+0.00000000000000E+00	+4.94776856136322E+06	+4.94774491596222E+06	+4.94778985694885E+06 	0	0	0	0
		B	s1	57	3:33:01 PM	0.0002800991	+2.75476898975421E-11	+1.50670894815703E-14	+6.86740006642116E-02	+1.93590450286865E+01	+4.94776738802593E+06	+0.00000000000000E+00	+4.94776851348877E+06	+4.94774495536804E+06	+4.94778982078552E+06 	0	0	0	0
		B	s1	58	3:33:02 PM	0.0002899637	+3.11675241872831E-11	+1.50760137907079E-14	+6.86333490189402E-02	+1.93617820739746E+01	+4.94776738026295E+06	+0.00000000000000E+00	+4.94776854583740E+06	+4.94774493114472E+06	+4.94778982948303E+06 	0	0	0	0
		B	s1	59	3:33:05 PM	0.0003000000	+3.13447642297298E-11	+1.50877173529491E-14	+6.85801095954787E-02	+1.93607349395752E+01	+4.94776739628460E+06	+0.00000000000000E+00	+4.94776855827332E+06	+4.94774493095398E+06	+4.94778986171723E+06 	0	0	0	0
		T	s2 	60	3:37:34 PM	0.0003000000	+8.95816443377570E-11	+1.50344817856876E-14	+6.88229214438043E-02	+1.99512424468994E+01	+4.94776823482858E+06	+0.00000000000000E+00	+4.94776939708710E+06	+4.94774516597748E+06	+4.94779130378723E+06 	0.464000	0.040000	0.134046	0.009415
		T	s2 	61	3:37:39 PM	0.0002899637	+9.30004946992349E-11	+1.50489450649806E-14	+6.87567746608614E-02	+1.98991565704346E+01	+4.94776831652050E+06	+0.00000000000000E+00	+4.94776947349549E+06	+4.94774528575897E+06	+4.94779134738922E+06 	0.432000	0.038000	0.132812	0.008719
		T	s2 	62	3:37:44 PM	0.0002800991	+9.54343163527837E-11	+1.50482086123321E-14	+6.87601388664327E-02	+1.99073982238770E+01	+4.94776834244133E+06	+0.00000000000000E+00	+4.94776948013306E+06	+4.94774530326843E+06	+4.94779138172150E+06 	0.424000	0.042000	0.129930	0.007484
		T	s2 	63	3:37:49 PM	0.0002704059	+5.24687912450004E-11	+1.50396175934024E-14	+6.87994180933724E-02	+1.98443832397461E+01	+4.94776828291337E+06	+0.00000000000000E+00	+4.94776944145203E+06	+4.94774532978058E+06	+4.94779123615265E+06 	0.436000	0.036000	0.127590	0.009592
		T	s2 	64	3:37:54 PM	0.0002608843	+5.37624237196131E-12	+1.50550774153729E-14	+6.87287696285095E-02	+1.97755413055420E+01	+4.94776826223798E+06	+0.00000000000000E+00	+4.94776946327210E+06	+4.94774536521912E+06	+4.94779115936279E+06 	0.396000	0.040000	0.125489	0.008503
		T	s2 	65	3:37:59 PM	0.0002515343	+8.77102965397746E-11	+1.50816771628240E-14	+6.86075532505281E-02	+1.97075119018555E+01	+4.94776821051086E+06	+0.00000000000000E+00	+4.94776936729431E+06	+4.94774535194397E+06	+4.94779106918335E+06 	0.420000	0.042000	0.122715	0.006841
		T	s2 	66	3:38:04 PM	0.0002423559	+4.52266531870421E-11	+1.50547182091785E-14	+6.87304108658579E-02	+1.96666946411133E+01	+4.94776821306711E+06	+0.00000000000000E+00	+4.94776933475495E+06	+4.94774544261933E+06	+4.94779098361969E+06 	0.388000	0.040000	0.120335	0.009178
		T	s2 	67	3:38:09 PM	0.0002333490	+9.15508796590575E-11	+1.50416153532163E-14	+6.87902814341274E-02	+1.97091846466064E+01	+4.94776824800960E+06	+0.00000000000000E+00	+4.94776941173554E+06	+4.94774544822693E+06	+4.94779104789734E+06 	0.392000	0.046000	0.118619	0.006377
		T	s2 	68	3:38:14 PM	0.0002245136	+9.14680387544094E-11	+1.50651734607890E-14	+6.86827110314395E-02	+1.97050991058350E+01	+4.94776824305036E+06	+0.00000000000000E+00	+4.94776945007324E+06	+4.94774541229248E+06	+4.94779107391358E+06 	0.384000	0.036000	0.116226	0.007046
		T	s2 	69	3:38:19 PM	0.0002158499	+9.14804174591250E-11	+1.50564337708147E-14	+6.87225766656270E-02	+1.96844825744629E+01	+4.94776831793303E+06	+0.00000000000000E+00	+4.94776942481995E+06	+4.94774552429199E+06	+4.94779111167908E+06 	0.384000	0.038000	0.115833	0.007207
		T	s2 	70	3:38:24 PM	0.0002073577	+9.67179136475946E-11	+1.50530404122845E-14	+6.87380679085679E-02	+1.97341613769531E+01	+4.94776834192724E+06	+0.00000000000000E+00	+4.94776952220917E+06	+4.94774549591065E+06	+4.94779118804932E+06 	0.372000	0.042000	0.111688	0.006808
		T	s2 	71	3:38:29 PM	0.0001990370	+5.36069117960494E-11	+1.50697008393071E-14	+6.86620721990142E-02	+1.97496356964111E+01	+4.94776840658616E+06	+0.00000000000000E+00	+4.94776951362610E+06	+4.94774551734924E+06	+4.94779129592896E+06 	0.356000	0.040000	0.110810	0.009005
		T	s2 	72	3:38:34 PM	0.0001908879	+5.17359080068142E-11	+1.50433089496188E-14	+6.87825321468232E-02	+1.97450637817383E+01	+4.94776842003317E+06	+0.00000000000000E+00	+4.94776950141907E+06	+4.94774557617188E+06	+4.94779126399994E+06 	0.340000	0.040000	0.107114	0.006401
		T	s2 	73	3:38:39 PM	0.0001829104	+1.03116995241762E-10	+1.50418427336287E-14	+6.87892370639263E-02	+1.97893619537354E+01	+4.94776840984770E+06	+0.00000000000000E+00	+4.94776956001282E+06	+4.94774551696777E+06	+4.94779130283356E+06 	0.344000	0.046000	0.104839	0.009545
		T	s2 	74	3:38:44 PM	0.0001751044	+1.01272288078191E-10	+1.50382131311080E-14	+6.88058412518471E-02	+1.97814235687256E+01	+4.94776836267904E+06	+0.00000000000000E+00	+4.94776953857422E+06	+4.94774548450470E+06	+4.94779124095917E+06 	0.356000	0.038000	0.102748	0.008122
		T	s2 	75	3:38:49 PM	0.0001674700	+1.00291758723701E-10	+1.50338693970578E-14	+6.88257201535902E-02	+1.98007812500000E+01	+4.94776840443083E+06	+0.00000000000000E+00	+4.94776954601288E+06	+4.94774551048279E+06	+4.94779129848480E+06 	0.360000	0.042000	0.102026	0.008844
		T	s2 	76	3:38:54 PM	0.0001600071	+5.48083497463645E-11	+1.50545987388878E-14	+6.87309512572412E-02	+1.97780799865723E+01	+4.94776839445537E+06	+0.00000000000000E+00	+4.94776955192566E+06	+4.94774549522400E+06	+4.94779129379273E+06 	0.340000	0.038000	0.098237	0.007054
		T	s2 	77	3:38:59 PM	0.0001527158	+5.92559877986688E-11	+1.50598841755733E-14	+6.87068279227964E-02	+1.98076477050781E+01	+4.94776844593452E+06	+0.00000000000000E+00	+4.94776964103699E+06	+4.94774550441742E+06	+4.94779138755798E+06 	0.336000	0.034000	0.095718	0.007373
		T	s2 	78	3:39:04 PM	0.0001455961	+1.03983487632488E-10	+1.50386407269890E-14	+6.88038816085254E-02	+1.98124408721924E+01	+4.94776848049580E+06	+0.00000000000000E+00	+4.94776961048126E+06	+4.94774556579590E+06	+4.94779139530182E+06 	0.320000	0.036000	0.094352	0.009220
		T	s2 	79	3:39:09 PM	0.0001386479	+6.22899704196647E-11	+1.50317478644214E-14	+6.88354319409090E-02	+1.98356819152832E+01	+4.94776847824505E+06	+0.00000000000000E+00	+4.94776965824127E+06	+4.94774554718018E+06	+4.94779140941620E+06 	0.324000	0.036000	0.093113	0.005814
		T	s2 	80	3:39:14 PM	0.0001318713	+6.48847774242868E-11	+1.50308304348702E-14	+6.88396309575546E-02	+1.98372879028320E+01	+4.94776856659344E+06	+0.00000000000000E+00	+4.94776970836640E+06	+4.94774563507080E+06	+4.94779149822235E+06 	0.320000	0.040000	0.089572	0.008833
		T	s2 	81	3:39:20 PM	0.0001252662	+6.56295751201971E-11	+1.50455502327259E-14	+6.87722821812472E-02	+1.98666553497314E+01	+4.94776855211640E+06	+0.00000000000000E+00	+4.94776973426819E+06	+4.94774556415558E+06	+4.94779154018402E+06 	0.296000	0.038000	0.087365	0.006202
		T	s2 	82	3:39:26 PM	0.0001188327	+2.17523171037002E-11	+1.50229185144931E-14	+6.88758854266539E-02	+1.98502445220947E+01	+4.94776858032633E+06	+0.00000000000000E+00	+4.94776969455719E+06	+4.94774564590454E+06	+4.94779151485443E+06 	0.316000	0.036000	0.086909	0.010691
		T	s2 	83	3:39:32 PM	0.0001125708	+1.08482476191651E-10	+1.50304089262371E-14	+6.88415618911349E-02	+1.98577766418457E+01	+4.94776855171601E+06	+0.00000000000000E+00	+4.94776968967438E+06	+4.94774559715271E+06	+4.94779150638581E+06 	0.308000	0.040000	0.082663	0.005978
		T	s2 	84	3:39:37 PM	0.0001064804	+2.12796250781123E-11	+1.50394351409360E-14	+6.88002447654027E-02	+1.98781795501709E+01	+4.94776856968306E+06	+0.00000000000000E+00	+4.94776969470978E+06	+4.94774557773590E+06	+4.94779156173706E+06 	0.300000	0.042000	0.080154	0.007208
		T	s2 	85	3:39:42 PM	0.0001005616	+2.67648707910209E-11	+1.50255319799589E-14	+6.88639039273143E-02	+1.98801822662354E+01	+4.94776863687904E+06	+0.00000000000000E+00	+4.94776980232239E+06	+4.94774566387177E+06	+4.94779160999298E+06 	0.280000	0.038000	0.078294	0.007581
		T	s2 	86	3:39:48 PM	0.0000948144	+1.15729229418909E-10	+1.50458109538096E-14	+6.87710877015813E-02	+1.99022769927979E+01	+4.94776865141278E+06	+0.00000000000000E+00	+4.94776981082916E+06	+4.94774562183380E+06	+4.94779168109894E+06 	0.284000	0.036000	0.077459	0.007818
		T	s2 	87	3:39:53 PM	0.0000892387	+2.74230957929496E-11	+1.50372400426194E-14	+6.88102868104558E-02	+1.99370079040527E+01	+4.94776861429564E+06	+0.00000000000000E+00	+4.94776981418610E+06	+4.94774555767060E+06	+4.94779167102814E+06 	0.264000	0.050000	0.074185	0.008005
		T	s2 	88	3:39:59 PM	0.0000838345	+3.29349772630851E-11	+1.50007226931185E-14	+6.89777931540543E-02	+1.99322719573975E+01	+4.94776874121091E+06	+0.00000000000000E+00	+4.94776992736817E+06	+4.94774574604035E+06	+4.94779173648834E+06 	0.260000	0.034000	0.072230	0.008197
		T	s2 	89	3:40:04 PM	0.0000786020	+3.68159470074966E-11	+1.49957690126137E-14	+6.90005769120843E-02	+1.99554767608643E+01	+4.94776882244480E+06	+0.00000000000000E+00	+4.94776999057770E+06	+4.94774580810547E+06	+4.94779183689118E+06 	0.256000	0.034000	0.070309	0.007662
		T	s2 	90	3:40:10 PM	0.0000735409	+7.83837064806765E-11	+1.50131336494854E-14	+6.89207700978042E-02	+1.99816894531250E+01	+4.94776877560005E+06	+0.00000000000000E+00	+4.94776997062683E+06	+4.94774570434570E+06	+4.94779184696198E+06 	0.272000	0.038000	0.070348	0.005604
		T	s2 	91	3:40:16 PM	0.0000686515	+4.12558072993935E-11	+1.50161679559226E-14	+6.89068414155786E-02	+2.00120868682861E+01	+4.94776884420720E+06	+0.00000000000000E+00	+4.94776994731903E+06	+4.94774573318482E+06	+4.94779195533753E+06 	0.232000	0.032000	0.068453	0.005625
		T	s2 	92	3:40:21 PM	0.0000639336	+1.30118362774209E-10	+1.50185706356066E-14	+6.88958185114830E-02	+2.00720157623291E+01	+4.94776881359391E+06	+0.00000000000000E+00	+4.94777001762390E+06	+4.94774562965393E+06	+4.94779199764252E+06 	0.236000	0.042000	0.065194	0.007343
		T	s2 	93	3:40:27 PM	0.0000593872	+4.55505288581253E-11	+1.50016892016720E-14	+6.89733446743156E-02	+2.00430889129639E+01	+4.94776890159925E+06	+0.00000000000000E+00	+4.94777012561798E+06	+4.94774577709198E+06	+4.94779202621460E+06 	0.240000	0.034000	0.061799	0.006141
		T	s2 	94	3:40:33 PM	0.0000550125	+4.35356974395024E-11	+1.50090730269719E-14	+6.89394119358200E-02	+2.00927467346191E+01	+4.94776892986584E+06	+0.00000000000000E+00	+4.94777009918213E+06	+4.94774573665619E+06	+4.94779212318421E+06 	0.236000	0.042000	0.062594	0.008383
		T	s2 	95	3:40:38 PM	0.0000508093	-3.99114512184632E-11	+1.49949720661599E-14	+6.90042413357728E-02	+2.00843849182129E+01	+4.94776892246547E+06	+0.00000000000000E+00	+4.94777011760712E+06	+4.94774576068878E+06	+4.94779208435059E+06 	0.228000	0.038000	0.057711	0.005691
		T	s2 	96	3:40:43 PM	0.0000467776	+5.02835111231657E-11	+1.49998481786487E-14	+6.89818078223478E-02	+2.01078147888184E+01	+4.94776898666667E+06	+0.00000000000000E+00	+4.94777018497467E+06	+4.94774579032898E+06	+4.94779218311310E+06 	0.208000	0.034000	0.055060	0.007316
		T	s2 	97	3:40:49 PM	0.0000429175	+1.20633303798246E-11	+1.49850329084525E-14	+6.90500043743752E-02	+2.01569213867187E+01	+4.94776912185938E+06	+0.00000000000000E+00	+4.94777018215180E+06	+4.94774589183808E+06	+4.94779235198975E+06 	0.200000	0.036000	0.054185	0.005431
		T	s2 	98	3:40:55 PM	0.0000392290	+2.36633809382130E-11	+1.49353813976859E-14	+6.92795546283960E-02	+2.01944236755371E+01	+4.94776916116999E+06	+0.00000000000000E+00	+4.94777035411835E+06	+4.94774596504212E+06	+4.94779235740662E+06 	0.204000	0.036000	0.051305	0.009028
		T	s2 	99	3:41:00 PM	0.0000357120	+2.04552564247777E-11	+1.49947054000251E-14	+6.90054577307514E-02	+2.01673374176025E+01	+4.94776930885571E+06	+0.00000000000000E+00	+4.94777030361176E+06	+4.94774605182648E+06	+4.94779256599426E+06 	0.204000	0.040000	0.050318	0.008846
		T	s2 	100	3:41:06 PM	0.0000323666	+6.96251421940844E-11	+1.49931322894223E-14	+6.90126972553313E-02	+2.02813053131104E+01	+4.94776933292584E+06	+0.00000000000000E+00	+4.94777051738739E+06	+4.94774594692230E+06	+4.94779271903992E+06 	0.192000	0.040000	0.050654	0.006917
		T	s2 	101	3:41:12 PM	0.0000291927	-3.60964195577839E-12	+1.49710804640995E-14	+6.91143487691922E-02	+2.02761421203613E+01	+4.94776938780046E+06	+0.00000000000000E+00	+4.94777056945801E+06	+4.94774604213715E+06	+4.94779273357392E+06 	0.192000	0.036000	0.046546	0.007371
		T	s2 	102	3:41:18 PM	0.0000261904	+4.74044612761409E-11	+1.49893909800892E-14	+6.90299163310049E-02	+2.03498668670654E+01	+4.94776955860299E+06	+0.00000000000000E+00	+4.94777068817139E+06	+4.94774609939575E+06	+4.94779301792145E+06 	0.180000	0.044000	0.043731	0.010438
		T	s2 	103	3:41:24 PM	0.0000233597	+4.02200532469319E-11	+1.49845158999283E-14	+6.90523746137705E-02	+2.03181724548340E+01	+4.94776955831710E+06	+0.00000000000000E+00	+4.94777059974671E+06	+4.94774614326477E+06	+4.94779297348023E+06 	0.176000	0.032000	0.041434	0.006316
		T	s2 	104	3:41:30 PM	0.0000207005	+5.25510142438392E-11	+1.49578503251139E-14	+6.91754711978762E-02	+2.03276653289795E+01	+4.94776970411497E+06	+0.00000000000000E+00	+4.94777071704865E+06	+4.94774631980896E+06	+4.94779308853150E+06 	0.164000	0.030000	0.044395	0.007232
		T	s2 	105	3:41:35 PM	0.0000182129	+5.88440855135929E-11	+1.49270062338184E-14	+6.93184095964937E-02	+2.03540344238281E+01	+4.94776973324027E+06	+0.00000000000000E+00	+4.94777080905915E+06	+4.94774636688233E+06	+4.94779309970856E+06 	0.188000	0.034000	0.037139	0.007315
		T	s2 	106	3:41:41 PM	0.0000158968	+1.18242676222116E-10	+1.49290065562130E-14	+6.93091131375704E-02	+2.03931179046631E+01	+4.94777003862563E+06	+0.00000000000000E+00	+4.94777105655670E+06	+4.94774662425995E+06	+4.94779345310211E+06 	0.188000	0.032000	0.039123	0.004927
		T	s2 	107	3:41:46 PM	0.0000137523	+3.17180872710636E-11	+1.49403185969237E-14	+6.92566329584163E-02	+2.02974166870117E+01	+4.94777014164197E+06	+0.00000000000000E+00	+4.94777112487793E+06	+4.94774681949616E+06	+4.94779346389771E+06 	0.164000	0.032000	0.035788	0.008935
		T	s2 	108	3:41:52 PM	0.0000117794	+1.32498502078753E-10	+1.49349854658675E-14	+6.92813559712026E-02	+2.04306163787842E+01	+4.94777042104878E+06	+0.00000000000000E+00	+4.94777127197266E+06	+4.94774695423126E+06	+4.94779388797760E+06 	0.164000	0.032000	0.037137	0.007697
		T	s2 	109	3:41:58 PM	0.0000099780	+6.63569194636170E-11	+1.49771523715682E-14	+6.90862999476038E-02	+2.04259185791016E+01	+4.94777042913565E+06	+0.00000000000000E+00	+4.94777158332825E+06	+4.94774690147400E+06	+4.94779395690918E+06 	0.156000	0.036000	0.032199	0.005714
		T	s2 	110	3:42:04 PM	0.0000083482	+1.88883356628529E-12	+1.49859677347528E-14	+6.90456537677424E-02	+2.04148445129395E+01	+4.94777067184576E+06	+0.00000000000000E+00	+4.94777190174103E+06	+4.94774714309693E+06	+4.94779420070648E+06 	0.132000	0.036000	0.029274	0.007008
		T	s2 	111	3:42:10 PM	0.0000068899	+9.63309883234993E-11	+1.49768574128943E-14	+6.90876479621195E-02	+2.04285526275635E+01	+4.94777088001378E+06	+0.00000000000000E+00	+4.94777205272675E+06	+4.94774734977722E+06	+4.94779441036224E+06 	0.120000	0.034000	0.029640	0.005501
		T	s2 	112	3:42:16 PM	0.0000056032	-2.29889305915992E-11	+1.49786605832323E-14	+6.90793250756246E-02	+2.03825626373291E+01	+4.94777109254988E+06	+0.00000000000000E+00	+4.94777214580536E+06	+4.94774761245728E+06	+4.94779457275391E+06 	0.128000	0.034000	0.030411	0.006802
		T	s2 	113	3:42:22 PM	0.0000044881	-7.21537276062329E-12	+1.49804925507196E-14	+6.90708754342993E-02	+2.03772716522217E+01	+4.94777116119537E+06	+0.00000000000000E+00	+4.94777237720490E+06	+4.94774768432617E+06	+4.94779463817597E+06 	0.112000	0.036000	0.027596	0.007319
		T	s2 	114	3:42:29 PM	0.0000035445	+1.28663044802347E-10	+1.49942370039272E-14	+6.90075523669850E-02	+2.03070678710937E+01	+4.94777149511518E+06	+0.00000000000000E+00	+4.94777258167267E+06	+4.94774807765961E+06	+4.94779491268158E+06 	0.120000	0.048000	0.026220	0.009774
		T	s2 	115	3:42:35 PM	0.0000027725	+1.87407946736277E-11	+1.49883477403104E-14	+6.90346626684979E-02	+2.04125213623047E+01	+4.94777165062078E+06	+0.00000000000000E+00	+4.94777277214051E+06	+4.94774812080383E+06	+4.94779518054962E+06 	0.108000	0.030000	0.022094	0.008717
		T	s2 	116	3:42:41 PM	0.0000021720	+1.15979087135592E-10	+1.50329712280057E-14	+6.88297384165663E-02	+2.03998203277588E+01	+4.94777177724939E+06	+0.00000000000000E+00	+4.94777296062470E+06	+4.94774819206238E+06	+4.94779536254883E+06 	0.120000	0.034000	0.023706	0.006455
		T	s2 	117	3:42:47 PM	0.0000017431	+1.14116745063972E-10	+1.49909414250039E-14	+6.90227089247572E-02	+2.03223972320557E+01	+4.94777199424918E+06	+0.00000000000000E+00	+4.94777306022644E+06	+4.94774856426239E+06	+4.94779542434693E+06 	0.104000	0.038000	0.025206	0.007946
		T	s2 	118	3:42:52 PM	0.0000014858	+4.97033422822797E-11	+1.50191976312264E-14	+6.88928514552420E-02	+2.03873996734619E+01	+4.94777207817196E+06	+0.00000000000000E+00	+4.94777321285248E+06	+4.94774852893830E+06	+4.94779562751770E+06 	0.208000	0.038000	0.019867	0.006806
		T	s2 	119	3:42:58 PM	0.0000014000	+3.17704491655793E-12	+1.50768933601777E-14	+6.86292128364429E-02	+2.03721027374268E+01	+4.94777214525306E+06	+0.00000000000000E+00	+4.94777318145752E+06	+4.94774852329254E+06	+4.94779576732636E+06 	0.104000	0.038000	0.028093	0.006832
		B	s3	120	3:44:32 PM	0.0000014000	+3.60159842736088E-11	+1.50490199227738E-14	+6.87564553526104E-02	+1.96998062133789E+01	+4.94776749954692E+06	+0.00000000000000E+00	+4.94776862617493E+06	+4.94774469940186E+06	+4.94779029979706E+06 	0	0	0	0
		B	s3	121	3:44:33 PM	0.0000014858	+4.42734294266282E-11	+1.50163047201150E-14	+6.89062490587467E-02	+1.95956516265869E+01	+4.94776757948469E+06	+0.00000000000000E+00	+4.94776875190735E+06	+4.94774494918823E+06	+4.94779020988465E+06 	0	0	0	0
		B	s3	122	3:44:36 PM	0.0000017431	+1.30949996173360E-10	+1.50341052721601E-14	+6.88246636478429E-02	+1.96484317779541E+01	+4.94776756605655E+06	+0.00000000000000E+00	+4.94776877124787E+06	+4.94774484790802E+06	+4.94779028430939E+06 	0	0	0	0
		B	s3	123	3:44:38 PM	0.0000021720	+4.47443257417833E-11	+1.49988192958227E-14	+6.89865782720179E-02	+1.96868515014648E+01	+4.94776760733162E+06	+0.00000000000000E+00	+4.94776876331330E+06	+4.94774489818573E+06	+4.94779031658173E+06 	0	0	0	0
		B	s3	124	3:44:40 PM	0.0000027725	-5.80228856533844E-12	+1.50451375526003E-14	+6.87741963849898E-02	+1.96806411743164E+01	+4.94776755152230E+06	+0.00000000000000E+00	+4.94776867565155E+06	+4.94774477943421E+06	+4.94779032371521E+06 	0	0	0	0
		B	s3	125	3:44:42 PM	0.0000035445	+4.16269329686456E-11	+1.50457432448038E-14	+6.87714294335223E-02	+1.95975475311279E+01	+4.94776749138404E+06	+0.00000000000000E+00	+4.94776871616364E+06	+4.94774481452942E+06	+4.94779016834259E+06 	0	0	0	0
		B	s3	126	3:44:44 PM	0.0000044881	+4.06330010088003E-11	+1.50188130779135E-14	+6.88947402088481E-02	+1.96378555297852E+01	+4.94776759798573E+06	+0.00000000000000E+00	+4.94776869045258E+06	+4.94774491516113E+06	+4.94779028091431E+06 	0	0	0	0
		B	s3	127	3:44:46 PM	0.0000056032	+3.88321361966743E-11	+1.50415123677045E-14	+6.87907714666284E-02	+1.95944690704346E+01	+4.94776756319576E+06	+0.00000000000000E+00	+4.94776867763520E+06	+4.94774489627838E+06	+4.94779023021698E+06 	0	0	0	0
		B	s3	128	3:44:48 PM	0.0000068899	+3.80301534061531E-11	+1.50622122585277E-14	+6.86962353251046E-02	+1.95822448730469E+01	+4.94776747227237E+06	+0.00000000000000E+00	+4.94776865951538E+06	+4.94774478832245E+06	+4.94779015632630E+06 	0	0	0	0
		B	s3	129	3:44:50 PM	0.0000083482	+8.10262656223451E-11	+1.50403385278655E-14	+6.87961418645472E-02	+1.95548248291016E+01	+4.94776750759677E+06	+0.00000000000000E+00	+4.94776863727570E+06	+4.94774488830567E+06	+4.94779012699127E+06 	0	0	0	0
		B	s3	130	3:44:53 PM	0.0000099780	+2.95910899521446E-11	+1.50265165751175E-14	+6.88594250220045E-02	+1.96042537689209E+01	+4.94776743971406E+06	+0.00000000000000E+00	+4.94776859527588E+06	+4.94774478408814E+06	+4.94779009544373E+06 	0	0	0	0
		B	s3	131	3:44:55 PM	0.0000117794	+8.48899089334625E-11	+1.49617439913365E-14	+6.91575284497338E-02	+1.96369590759277E+01	+4.94776757290449E+06	+0.00000000000000E+00	+4.94776863655090E+06	+4.94774497730255E+06	+4.94779016860962E+06 	0	0	0	0
		B	s3	132	3:44:57 PM	0.0000137523	+3.32868108664158E-11	+1.50511483973415E-14	+6.87467323945939E-02	+1.95878238677979E+01	+4.94776748835137E+06	+0.00000000000000E+00	+4.94776854965210E+06	+4.94774481460572E+06	+4.94779016220093E+06 	0	0	0	0
		B	s3	133	3:45:00 PM	0.0000158968	+3.93075947403698E-11	+1.50672877008695E-14	+6.86730954599215E-02	+1.96010627746582E+01	+4.94776745129140E+06	+0.00000000000000E+00	+4.94776858818054E+06	+4.94774473789215E+06	+4.94779016479492E+06 	0	0	0	0
		B	s3	134	3:45:02 PM	0.0000182129	+4.18190119138454E-11	+1.50099179493437E-14	+6.89355723316849E-02	+1.95805282592773E+01	+4.94776745634638E+06	+0.00000000000000E+00	+4.94776858203888E+06	+4.94774485313416E+06	+4.94779005966187E+06 	0	0	0	0
		B	s3	135	3:45:05 PM	0.0000207005	+7.64931598556881E-11	+1.50044461764444E-14	+6.89607096840376E-02	+1.95965938568115E+01	+4.94776752268392E+06	+0.00000000000000E+00	+4.94776861015320E+06	+4.94774490917206E+06	+4.94779013629914E+06 	0	0	0	0
		B	s3	136	3:45:07 PM	0.0000233597	+3.29554391620092E-11	+1.50411950256753E-14	+6.87922241625467E-02	+1.95895900726318E+01	+4.94776751518782E+06	+0.00000000000000E+00	+4.94776856151581E+06	+4.94774485439301E+06	+4.94779017608643E+06 	0	0	0	0
		B	s3	137	3:45:09 PM	0.0000261904	+3.09140802030595E-11	+1.50262113242282E-14	+6.88608238736567E-02	+1.95714607238770E+01	+4.94776743961887E+06	+0.00000000000000E+00	+4.94776862537384E+06	+4.94774482234955E+06	+4.94779005699158E+06 	0	0	0	0
		B	s3	138	3:45:10 PM	0.0000291927	+3.11029473334131E-11	+1.50189573988383E-14	+6.88940807709292E-02	+1.95305652618408E+01	+4.94776750502212E+06	+0.00000000000000E+00	+4.94776857467652E+06	+4.94774494590759E+06	+4.94779006423950E+06 	0	0	0	0
		B	s3	139	3:45:13 PM	0.0000323666	+7.40849073756213E-11	+1.50195260027001E-14	+6.88914740072088E-02	+1.95736331939697E+01	+4.94776745461067E+06	+0.00000000000000E+00	+4.94776860267639E+06	+4.94774484489441E+06	+4.94779006443024E+06 	0	0	0	0
		B	s3	140	3:45:15 PM	0.0000357120	+3.20626688345658E-11	+1.50336343715311E-14	+6.88268230321459E-02	+1.95416545867920E+01	+4.94776743738738E+06	+0.00000000000000E+00	+4.94776860435486E+06	+4.94774484340668E+06	+4.94779003147125E+06 	0	0	0	0
		B	s3	141	3:45:17 PM	0.0000392290	+7.90201523554251E-11	+1.50169749718783E-14	+6.89031768447262E-02	+1.95617809295654E+01	+4.94776746191589E+06	+0.00000000000000E+00	+4.94776861858368E+06	+4.94774486972809E+06	+4.94779005420685E+06 	0	0	0	0
		B	s3	142	3:45:19 PM	0.0000429175	+3.53534133150180E-11	+1.50683537996163E-14	+6.86682347940515E-02	+1.95751190185547E+01	+4.94776752285526E+06	+0.00000000000000E+00	+4.94776861873627E+06	+4.94774483791352E+06	+4.94779020790100E+06 	0	0	0	0
		B	s3	143	3:45:21 PM	0.0000467776	+3.94968980410989E-11	+1.50187847836856E-14	+6.88948723356999E-02	+1.95022716522217E+01	+4.94776751415847E+06	+0.00000000000000E+00	+4.94776874206543E+06	+4.94774498798371E+06	+4.94779004043579E+06 	0	0	0	0
		B	s3	144	3:45:24 PM	0.0000508093	+4.35979662201080E-11	+1.50458403983722E-14	+6.87709851058622E-02	+1.95002021789551E+01	+4.94776750069242E+06	+0.00000000000000E+00	+4.94776868614197E+06	+4.94774493633270E+06	+4.94779006515503E+06 	0	0	0	0
		B	s3	145	3:45:25 PM	0.0000550125	-9.65262612709108E-12	+1.50302467947316E-14	+6.88423334188792E-02	+1.95367851257324E+01	+4.94776751200291E+06	+0.00000000000000E+00	+4.94776862995148E+06	+4.94774492874146E+06	+4.94779009536743E+06 	0	0	0	0
		B	s3	146	3:45:28 PM	0.0000593872	+3.60665716853495E-11	+1.50492409045188E-14	+6.87554449690614E-02	+1.94875888824463E+01	+4.94776752724275E+06	+0.00000000000000E+00	+4.94776861232758E+06	+4.94774497238159E+06	+4.94779008220673E+06 	0	0	0	0
		B	s3	147	3:45:30 PM	0.0000639336	+3.84852690731304E-11	+1.50058648683642E-14	+6.89541892199918E-02	+1.95121707916260E+01	+4.94776754946353E+06	+0.00000000000000E+00	+4.94776866744995E+06	+4.94774503124237E+06	+4.94779006778717E+06 	0	0	0	0
		B	s3	148	3:45:32 PM	0.0000686515	+3.94573193357355E-11	+1.50243959576921E-14	+6.88691399785353E-02	+1.94994773864746E+01	+4.94776759068127E+06	+0.00000000000000E+00	+4.94776866031647E+06	+4.94774505931854E+06	+4.94779012214661E+06 	0	0	0	0
		B	s3	149	3:45:35 PM	0.0000735409	-5.96116503769890E-12	+1.50428476238024E-14	+6.87846666618212E-02	+1.94836711883545E+01	+4.94776751621834E+06	+0.00000000000000E+00	+4.94776865779877E+06	+4.94774497547150E+06	+4.94779005706787E+06 	0	0	0	0
		B	s3	150	3:45:36 PM	0.0000786020	+4.06488193008158E-11	+1.50602198482655E-14	+6.87053218959821E-02	+1.94667129516602E+01	+4.94776753283132E+06	+0.00000000000000E+00	+4.94776864624023E+06	+4.94774498569489E+06	+4.94779008007050E+06 	0	0	0	0
		B	s3	151	3:45:38 PM	0.0000838345	+3.78874521901592E-11	+1.50203208641000E-14	+6.88878255482504E-02	+1.94663295745850E+01	+4.94776755467073E+06	+0.00000000000000E+00	+4.94776871223450E+06	+4.94774506771088E+06	+4.94779004173279E+06 	0	0	0	0
		B	s3	152	3:45:40 PM	0.0000892387	+3.70802187411211E-11	+1.50421713995284E-14	+6.87877584128786E-02	+1.93971309661865E+01	+4.94776753346123E+06	+0.00000000000000E+00	+4.94776862174988E+06	+4.94774509384155E+06	+4.94778997318268E+06 	0	0	0	0
		B	s3	153	3:45:41 PM	0.0000948144	+3.74944612277564E-11	+1.50678754261880E-14	+6.86704145640838E-02	+1.94059963226318E+01	+4.94776753374711E+06	+0.00000000000000E+00	+4.94776865531922E+06	+4.94774504550934E+06	+4.94779002208710E+06 	0	0	0	0
		B	s3	154	3:45:44 PM	0.0001005616	+4.08078243959091E-11	+1.50213523142987E-14	+6.88830957278658E-02	+1.94591484069824E+01	+4.94776754017491E+06	+0.00000000000000E+00	+4.94776872879029E+06	+4.94774505996704E+06	+4.94779002048493E+06 	0	0	0	0
		B	s3	155	3:45:45 PM	0.0001064804	+4.35776581096950E-11	+1.50308934051575E-14	+6.88393709037971E-02	+1.94436779022217E+01	+4.94776754805228E+06	+0.00000000000000E+00	+4.94776866870880E+06	+4.94774507144928E+06	+4.94779002475739E+06 	0	0	0	0
		B	s3	156	3:45:48 PM	0.0001125708	+4.41707301897504E-11	+1.50404153716287E-14	+6.87957886730465E-02	+1.94258441925049E+01	+4.94776756878519E+06	+0.00000000000000E+00	+4.94776868686676E+06	+4.94774509857178E+06	+4.94779003910065E+06 	0	0	0	0
		B	s3	157	3:45:50 PM	0.0001188327	+4.10254532736621E-11	+1.50186662864261E-14	+6.88954148883252E-02	+1.94642963409424E+01	+4.94776755106587E+06	+0.00000000000000E+00	+4.94776869865418E+06	+4.94774506893158E+06	+4.94779003330231E+06 	0	0	0	0
		B	s3	158	3:45:53 PM	0.0001252662	+3.62845262854057E-11	+1.50551157247460E-14	+6.87286145523015E-02	+1.94262981414795E+01	+4.94776754912032E+06	+0.00000000000000E+00	+4.94776866172791E+06	+4.94774505641937E+06	+4.94779004192352E+06 	0	0	0	0
		B	s3	159	3:45:55 PM	0.0001318713	+3.59077500592679E-11	+1.50524874683664E-14	+6.87406157413544E-02	+1.94156856536865E+01	+4.94776752203605E+06	+0.00000000000000E+00	+4.94776863403320E+06	+4.94774504554749E+06	+4.94778999862671E+06 	0	0	0	0
		B	s3	160	3:45:56 PM	0.0001386479	+3.71826895563918E-11	+1.50513995827649E-14	+6.87455835303625E-02	+1.93847274780273E+01	+4.94776754534402E+06	+0.00000000000000E+00	+4.94776865737915E+06	+4.94774510631561E+06	+4.94778998447418E+06 	0	0	0	0
		B	s3	161	3:45:58 PM	0.0001455961	+3.97076140724969E-11	+1.50695204698785E-14	+6.86629182469811E-02	+1.93921108245850E+01	+4.94776753391884E+06	+0.00000000000000E+00	+4.94776868534088E+06	+4.94774505931854E+06	+4.94779000862122E+06 	0	0	0	0
		B	s3	162	3:46:00 PM	0.0001527158	+3.99831664563159E-11	+1.50436743690533E-14	+6.87808855623834E-02	+1.94106235504150E+01	+4.94776755024582E+06	+0.00000000000000E+00	+4.94776864746094E+06	+4.94774509277344E+06	+4.94779000782013E+06 	0	0	0	0
		B	s3	163	3:46:02 PM	0.0001600071	+3.85684247088459E-11	+1.50419505317468E-14	+6.87887682595624E-02	+1.94057254791260E+01	+4.94776754048023E+06	+0.00000000000000E+00	+4.94776865222931E+06	+4.94774509124756E+06	+4.94778998981476E+06 	0	0	0	0
		B	s3	164	3:46:04 PM	0.0001674700	+3.74974006815663E-11	+1.50406468718391E-14	+6.87947301712604E-02	+1.93996410369873E+01	+4.94776755518593E+06	+0.00000000000000E+00	+4.94776867187500E+06	+4.94774511493683E+06	+4.94778999553681E+06 	0	0	0	0
		B	s3	165	3:46:06 PM	0.0001751044	+4.03433313191257E-11	+1.50353166278483E-14	+6.88191193419536E-02	+1.94025268554688E+01	+4.94776754034678E+06	+0.00000000000000E+00	+4.94776868942261E+06	+4.94774510471344E+06	+4.94778997608185E+06 	0	0	0	0
		B	s3	166	3:46:08 PM	0.0001829104	+3.75042314624558E-11	+1.50547570809727E-14	+6.87302530938435E-02	+1.93707675933838E+01	+4.94776750427885E+06	+0.00000000000000E+00	+4.94776864635468E+06	+4.94774507640839E+06	+4.94778993225098E+06 	0	0	0	0
		B	s3	167	3:46:09 PM	0.0001908879	+3.73451736050606E-11	+1.50817456516998E-14	+6.86072602684277E-02	+1.93832817077637E+01	+4.94776754065174E+06	+0.00000000000000E+00	+4.94776865394593E+06	+4.94774505805969E+06	+4.94779002334595E+06 	0	0	0	0
		B	s3	168	3:46:12 PM	0.0001990370	+3.80420238031364E-11	+1.50552460106193E-14	+6.87280204373209E-02	+1.93994274139404E+01	+4.94776752564100E+06	+0.00000000000000E+00	+4.94776865997315E+06	+4.94774506385803E+06	+4.94778998752594E+06 	0	0	0	0
		B	s3	169	3:46:14 PM	0.0002073577	+3.83762264220797E-11	+1.50608054896358E-14	+6.87026507552445E-02	+1.93971900939941E+01	+4.94776751574184E+06	+0.00000000000000E+00	+4.94776862281799E+06	+4.94774504825592E+06	+4.94778998332978E+06 	0	0	0	0
		B	s3	170	3:46:17 PM	0.0002158499	+4.07068700992240E-11	+1.50646727353559E-14	+6.86850134163751E-02	+1.94121303558350E+01	+4.94776754133835E+06	+0.00000000000000E+00	+4.94776864543915E+06	+4.94774505077362E+06	+4.94779003200531E+06 	0	0	0	0
		B	s3	171	3:46:18 PM	0.0002245136	+4.06955497245274E-11	+1.50522461101138E-14	+6.87417172933471E-02	+1.93838844299316E+01	+4.94776754662194E+06	+0.00000000000000E+00	+4.94776866451264E+06	+4.94774510730744E+06	+4.94778998603821E+06 	0	0	0	0
		B	s3	172	3:46:20 PM	0.0002333490	+4.42929507192828E-11	+1.50697219698490E-14	+6.86619988589741E-02	+1.94092464447021E+01	+4.94776758017195E+06	+0.00000000000000E+00	+4.94776868785858E+06	+4.94774508541107E+06	+4.94779007503510E+06 	0	0	0	0
		B	s3	173	3:46:22 PM	0.0002423559	+4.55746458199574E-11	+1.50582097182339E-14	+6.87144919266899E-02	+1.93805389404297E+01	+4.94776758635199E+06	+0.00000000000000E+00	+4.94776872100830E+06	+4.94774514202118E+06	+4.94779003078461E+06 	0	0	0	0
		B	s3	174	3:46:24 PM	0.0002515343	+4.20115577155692E-11	+1.50657545276394E-14	+6.86800807928454E-02	+1.93983078002930E+01	+4.94776756710670E+06	+0.00000000000000E+00	+4.94776875137329E+06	+4.94774509094238E+06	+4.94779004337311E+06 	0	0	0	0
		B	s3	175	3:46:25 PM	0.0002608843	+4.46103991281064E-11	+1.50532046940929E-14	+6.87373383238072E-02	+1.93860435485840E+01	+4.94776760117209E+06	+0.00000000000000E+00	+4.94776874607086E+06	+4.94774515792847E+06	+4.94779004451752E+06 	0	0	0	0
		B	s3	176	3:46:27 PM	0.0002704059	+4.43009343704213E-11	+1.50765942601702E-14	+6.86307006175954E-02	+1.93453254699707E+01	+4.94776759379071E+06	+0.00000000000000E+00	+4.94776873661041E+06	+4.94774516288758E+06	+4.94779002479553E+06 	0	0	0	0
		B	s3	177	3:46:29 PM	0.0002800991	+4.40531378988216E-11	+1.50750407747087E-14	+6.86377732465671E-02	+1.93415775299072E+01	+4.94776758572265E+06	+0.00000000000000E+00	+4.94776869186402E+06	+4.94774516147614E+06	+4.94779001007080E+06 	0	0	0	0
		B	s3	178	3:46:30 PM	0.0002899637	+4.61111577466707E-11	+1.50833852293255E-14	+6.85998017159910E-02	+1.93471717834473E+01	+4.94776757242835E+06	+0.00000000000000E+00	+4.94776874176026E+06	+4.94774512928009E+06	+4.94779001567841E+06 	0	0	0	0
		B	s3	179	3:46:33 PM	0.0003000000	+4.19487099863051E-11	+1.50782865294852E-14	+6.86229992512860E-02	+1.93417072296143E+01	+4.94776755022687E+06	+0.00000000000000E+00	+4.94776869457245E+06	+4.94774512100220E+06	+4.94778997955322E+06 	0	0	0	0

