	10/11/2022	Test 004 Tip H10 Ramp 3 Loc 9 	H10 	Box 5b Xtal 1		DLC	100 uN	2.2%		Points/Segment: 59	
		Seg 	ID Tag	Number	Time	Power	C0	C1	L1	R1	fs	fa	fr	f1	f2	Ch1 (Pk-Pk)	Ch2 (Pk-Pk)	Ch1 (RMS)	Ch2 (RMS)	
						uW	F	F	H	Ohms	Hz	Hz	Hz	Hz	Hz	V	V	V	V	
		B	s1	0	9:41:28 AM	0.0000014000	+1.23138774349488E-10	+1.51185818966935E-14	+6.84400004655114E-02	+1.86200408935547E+01	+4.94777112023385E+06	+0.00000000000000E+00	+4.94777234573364E+06	+4.94774947013855E+06	+4.94779277042389E+06 	0	0	0	0
		B	s1	1	9:41:30 AM	0.0000015720	+7.37478422063551E-11	+1.50831120740248E-14	+6.86009467301373E-02	+1.86032047271729E+01	+4.94777108229700E+06	+0.00000000000000E+00	+4.94777212326050E+06	+4.94774950252533E+06	+4.94779266216278E+06 	0	0	0	0
		B	s1	2	9:41:32 AM	0.0000020878	-2.10691093685491E-11	+1.50775647022324E-14	+6.86261836634534E-02	+1.86218585968018E+01	+4.94777118620929E+06	+0.00000000000000E+00	+4.94777222229004E+06	+4.94774959274292E+06	+4.94779277976990E+06 	0	0	0	0
		B	s1	3	9:41:35 AM	0.0000029477	+3.43844753919036E-11	+1.51124322596704E-14	+6.84678488123179E-02	+1.86072025299072E+01	+4.94777117978138E+06	+0.00000000000000E+00	+4.94777227657318E+06	+4.94774955341339E+06	+4.94779280624390E+06 	0	0	0	0
		B	s1	4	9:41:37 AM	0.0000041514	-1.94140521909311E-11	+1.50715995683424E-14	+6.86533440456796E-02	+1.85710926055908E+01	+4.94777121960726E+06	+0.00000000000000E+00	+4.94777226356507E+06	+4.94774969352722E+06	+4.94779274578095E+06 	0	0	0	0
		B	s1	5	9:41:40 AM	0.0000056991	-1.39259480739758E-11	+1.50888341012442E-14	+6.85749278577046E-02	+1.85831642150879E+01	+4.94777122088501E+06	+0.00000000000000E+00	+4.94777233192444E+06	+4.94774965618134E+06	+4.94779278568268E+06 	0	0	0	0
		B	s1	6	9:41:41 AM	0.0000075906	+3.63559970262425E-11	+1.50709393117389E-14	+6.86563498659713E-02	+1.85558776855469E+01	+4.94777128724192E+06	+0.00000000000000E+00	+4.94777230937958E+06	+4.94774977973938E+06	+4.94779279483795E+06 	0	0	0	0
		B	s1	7	9:41:43 AM	0.0000098261	-1.93098922335463E-11	+1.50738740126486E-14	+6.86429833666426E-02	+1.86147193908691E+01	+4.94777128502908E+06	+0.00000000000000E+00	+4.94777228645325E+06	+4.94774970512390E+06	+4.94779286502838E+06 	0	0	0	0
		B	s1	8	9:41:46 AM	0.0000124056	-1.60184382203529E-11	+1.50739531932208E-14	+6.86426229512223E-02	+1.86168098449707E+01	+4.94777127951684E+06	+0.00000000000000E+00	+4.94777230300904E+06	+4.94774969707489E+06	+4.94779286205292E+06 	0	0	0	0
		B	s1	9	9:41:47 AM	0.0000153289	-1.31040496072881E-11	+1.50130017775697E-14	+6.89213057558614E-02	+1.85337734222412E+01	+4.94777127856396E+06	+0.00000000000000E+00	+4.94777233203888E+06	+4.94774987926483E+06	+4.94779267795563E+06 	0	0	0	0
		B	s1	10	9:41:50 AM	0.0000185962	+8.58240291112761E-11	+1.50863217143062E-14	+6.85863473142108E-02	+1.85369415283203E+01	+4.94777124278162E+06	+0.00000000000000E+00	+4.94777234943390E+06	+4.94774973529816E+06	+4.94779275035858E+06 	0	0	0	0
		B	s1	11	9:41:52 AM	0.0000222074	+3.08853906699927E-11	+1.50487598372835E-14	+6.87575402804856E-02	+1.85092144012451E+01	+4.94777121913087E+06	+0.00000000000000E+00	+4.94777227088929E+06	+4.94774979728699E+06	+4.94779264106751E+06 	0	0	0	0
		B	s1	12	9:41:55 AM	0.0000261625	+3.93323542126649E-11	+1.50278755809448E-14	+6.88530902098430E-02	+1.85075244903564E+01	+4.94777130913879E+06	+0.00000000000000E+00	+4.94777233840943E+06	+4.94774991897583E+06	+4.94779269939423E+06 	0	0	0	0
		B	s1	13	9:41:57 AM	0.0000304616	+2.89986226063795E-11	+1.50902910443695E-14	+6.85683063533444E-02	+1.84943313598633E+01	+4.94777124636763E+06	+0.00000000000000E+00	+4.94777227920532E+06	+4.94774978267670E+06	+4.94779271015167E+06 	0	0	0	0
		B	s1	14	9:42:00 AM	0.0000351046	+3.62932767679420E-11	+1.50657673327454E-14	+6.86799200709197E-02	+1.84960727691650E+01	+4.94777125371107E+06	+0.00000000000000E+00	+4.94777235698700E+06	+4.94774982288361E+06	+4.94779268463135E+06 	0	0	0	0
		B	s1	15	9:42:02 AM	0.0000400915	+3.45259991685352E-11	+1.50523634939024E-14	+6.87410768590740E-02	+1.84133892059326E+01	+4.94777130242525E+06	+0.00000000000000E+00	+4.94777233058930E+06	+4.94774998638153E+06	+4.94779261856079E+06 	0	0	0	0
		B	s1	16	9:42:04 AM	0.0000454223	+3.10268008834393E-11	+1.50666042823243E-14	+6.86761049614393E-02	+1.84152278900146E+01	+4.94777125159431E+06	+0.00000000000000E+00	+4.94777223976135E+06	+4.94774991325379E+06	+4.94779259002686E+06 	0	0	0	0
		B	s1	17	9:42:05 AM	0.0000510970	-1.48907873117972E-11	+1.50378165901719E-14	+6.88075747313488E-02	+1.84182224273682E+01	+4.94777127139275E+06	+0.00000000000000E+00	+4.94777231506348E+06	+4.94774997035980E+06	+4.94779257251740E+06 	0	0	0	0
		B	s1	18	9:42:08 AM	0.0000571157	+1.34213071609130E-10	+1.50829714856487E-14	+6.86015805821374E-02	+1.84089412689209E+01	+4.94777128342789E+06	+0.00000000000000E+00	+4.94777229621887E+06	+4.94774992919922E+06	+4.94779263774872E+06 	0	0	0	0
		B	s1	19	9:42:09 AM	0.0000634783	+3.44081228780909E-11	+1.50648020395545E-14	+6.86843208965692E-02	+1.83558444976807E+01	+4.94777125058372E+06	+0.00000000000000E+00	+4.94777226608277E+06	+4.94774998359680E+06	+4.94779251766205E+06 	0	0	0	0
		B	s1	20	9:42:12 AM	0.0000701848	+3.20508932477868E-11	+1.50646484410398E-14	+6.86850215866212E-02	+1.83688068389893E+01	+4.94777123662187E+06	+0.00000000000000E+00	+4.94777226188660E+06	+4.94774995483399E+06	+4.94779251850128E+06 	0	0	0	0
		B	s1	21	9:42:14 AM	0.0000772353	-2.28776888557788E-11	+1.50846961418868E-14	+6.85937380905089E-02	+1.83681678771973E+01	+4.94777125344456E+06	+0.00000000000000E+00	+4.94777221916199E+06	+4.94774994407654E+06	+4.94779256290436E+06 	0	0	0	0
		B	s1	22	9:42:17 AM	0.0000846296	-1.83978349897081E-11	+1.50488813087466E-14	+6.87569845437605E-02	+1.83704681396484E+01	+4.94777124575815E+06	+0.00000000000000E+00	+4.94777228122711E+06	+4.94774998432160E+06	+4.94779250728607E+06 	0	0	0	0
		B	s1	23	9:42:19 AM	0.0000923679	+3.15288851605536E-11	+1.50604305886456E-14	+6.87042575094370E-02	+1.83796653747559E+01	+4.94777124140928E+06	+0.00000000000000E+00	+4.94777228076935E+06	+4.94774995300293E+06	+4.94779252990723E+06 	0	0	0	0
		B	s1	24	9:42:21 AM	0.0001004502	+2.90401931188961E-11	+1.50577439015919E-14	+6.87165171544462E-02	+1.83596725463867E+01	+4.94777120373926E+06	+0.00000000000000E+00	+4.94777224273682E+06	+4.94774994228363E+06	+4.94779246528626E+06 	0	0	0	0
		B	s1	25	9:42:23 AM	0.0001088763	+2.79719240972435E-11	+1.50904725282265E-14	+6.85674821768843E-02	+1.83331489562988E+01	+4.94777123004153E+06	+0.00000000000000E+00	+4.94777223945618E+06	+4.94774995315552E+06	+4.94779250701904E+06 	0	0	0	0
		B	s1	26	9:42:26 AM	0.0001176464	+3.10258892555729E-11	+1.50597639765661E-14	+6.87072993310603E-02	+1.83352413177490E+01	+4.94777121743413E+06	+0.00000000000000E+00	+4.94777226047516E+06	+4.94774998142243E+06	+4.94779245353699E+06 	0	0	0	0
		B	s1	27	9:42:27 AM	0.0001267604	-1.73918803227040E-11	+1.50669410894408E-14	+6.86745698985340E-02	+1.83470001220703E+01	+4.94777124705516E+06	+0.00000000000000E+00	+4.94777227039337E+06	+4.94774998729706E+06	+4.94779250690460E+06 	0	0	0	0
		B	s1	28	9:42:30 AM	0.0001362183	+2.98210984873009E-11	+1.50516499639968E-14	+6.87443368699438E-02	+1.83374633789063E+01	+4.94777125525690E+06	+0.00000000000000E+00	+4.94777224231720E+06	+4.94775002811432E+06	+4.94779248249054E+06 	0	0	0	0
		B	s1	29	9:42:32 AM	0.0001460201	+3.40358968231578E-11	+1.50614623170244E-14	+6.86995518881270E-02	+1.83487014770508E+01	+4.94777121607984E+06	+0.00000000000000E+00	+4.94777229831696E+06	+4.94774996208191E+06	+4.94779247016907E+06 	0	0	0	0
		B	s1	30	9:42:34 AM	0.0001561659	+2.89920133412438E-11	+1.50808957092390E-14	+6.86110250008527E-02	+1.83247776031494E+01	+4.94777121468748E+06	+0.00000000000000E+00	+4.94777224903107E+06	+4.94774996101380E+06	+4.94779246845246E+06 	0	0	0	0
		B	s1	31	9:42:35 AM	0.0001666556	+2.81906986332070E-11	+1.50538987393734E-14	+6.87340676635438E-02	+1.82800617218018E+01	+4.94777125769857E+06	+0.00000000000000E+00	+4.94777224285126E+06	+4.94775009384155E+06	+4.94779242164612E+06 	0	0	0	0
		B	s1	32	9:42:38 AM	0.0001774892	+2.90848714362692E-11	+1.50850727845605E-14	+6.85920264855785E-02	+1.83258686065674E+01	+4.94777121604166E+06	+0.00000000000000E+00	+4.94777226177216E+06	+4.94774995521546E+06	+4.94779247695923E+06 	0	0	0	0
		B	s1	33	9:42:40 AM	0.0001886667	+7.86726562372072E-11	+1.50810207420522E-14	+6.86104561477954E-02	+1.83251190185547E+01	+4.94777121529783E+06	+0.00000000000000E+00	+4.94777223937988E+06	+4.94774996105194E+06	+4.94779246963501E+06 	0	0	0	0
		B	s1	34	9:42:42 AM	0.0002001882	+3.24494600888155E-11	+1.50818168225309E-14	+6.86068344685484E-02	+1.83211917877197E+01	+4.94777122021880E+06	+0.00000000000000E+00	+4.94777224727631E+06	+4.94774996940613E+06	+4.94779247112274E+06 	0	0	0	0
		B	s1	35	9:42:44 AM	0.0002120535	+3.02671503875019E-11	+1.50483419147485E-14	+6.87594492783011E-02	+1.83287715911865E+01	+4.94777123843414E+06	+0.00000000000000E+00	+4.94777226673126E+06	+4.94775002601624E+06	+4.94779245094300E+06 	0	0	0	0
		B	s1	36	9:42:47 AM	0.0002242629	+3.00259297147256E-11	+1.50956298982078E-14	+6.85440558258699E-02	+1.83275260925293E+01	+4.94777124833300E+06	+0.00000000000000E+00	+4.94777223407746E+06	+4.94774997070313E+06	+4.94779252605438E+06 	0	0	0	0
		B	s1	37	9:42:48 AM	0.0002368161	-1.72507825884208E-11	+1.50824815440951E-14	+6.86038100297919E-02	+1.83257446289063E+01	+4.94777124795162E+06	+0.00000000000000E+00	+4.94777228736878E+06	+4.94774999092102E+06	+4.94779250507355E+06 	0	0	0	0
		B	s1	38	9:42:50 AM	0.0002497132	-1.50178058570880E-11	+1.51053068485347E-14	+6.85001442614488E-02	+1.83149147033691E+01	+4.94777124888614E+06	+0.00000000000000E+00	+4.94777229965210E+06	+4.94774997226715E+06	+4.94779252559662E+06 	0	0	0	0
		B	s1	39	9:42:52 AM	0.0002629543	+3.41309529239465E-11	+1.51190708167017E-14	+6.84377839640593E-02	+1.83220920562744E+01	+4.94777123919669E+06	+0.00000000000000E+00	+4.94777227108002E+06	+4.94774993484497E+06	+4.94779254364014E+06 	0	0	0	0
		B	s1	40	9:42:54 AM	0.0002765393	+3.64719605612131E-11	+1.51016084579093E-14	+6.85169205731119E-02	+1.83251152038574E+01	+4.94777122737122E+06	+0.00000000000000E+00	+4.94777233924866E+06	+4.94774994411469E+06	+4.94779251071930E+06 	0	0	0	0
		B	s1	41	9:42:56 AM	0.0002904683	+3.53571465805309E-11	+1.51014392161302E-14	+6.85176885397391E-02	+1.83009986877441E+01	+4.94777122384275E+06	+0.00000000000000E+00	+4.94777229133606E+06	+4.94774996883393E+06	+4.94779247894287E+06 	0	0	0	0
		B	s1	42	9:42:58 AM	0.0003047411	-1.30844544341375E-11	+1.50839778094694E-14	+6.85970047084297E-02	+1.83181228637695E+01	+4.94777125228133E+06	+0.00000000000000E+00	+4.94777234127045E+06	+4.94775000198364E+06	+4.94779250267029E+06 	0	0	0	0
		B	s1	43	9:43:01 AM	0.0003193579	-1.67118183317184E-11	+1.51069266552866E-14	+6.84927990373864E-02	+1.83121299743652E+01	+4.94777126506046E+06	+0.00000000000000E+00	+4.94777229728699E+06	+4.94774998939514E+06	+4.94779254081726E+06 	0	0	0	0
		B	s1	44	9:43:02 AM	0.0003343186	-1.05165761169189E-11	+1.50975188301334E-14	+6.85354801697071E-02	+1.83178081512451E+01	+4.94777123894889E+06	+0.00000000000000E+00	+4.94777236907959E+06	+4.94774996994019E+06	+4.94779250804901E+06 	0	0	0	0
		B	s1	45	9:43:05 AM	0.0003496232	+3.64072287653720E-11	+1.51045272205956E-14	+6.85036791346229E-02	+1.82969284057617E+01	+4.94777127766812E+06	+0.00000000000000E+00	+4.94777235019684E+06	+4.94775002304077E+06	+4.94779253238678E+06 	0	0	0	0
		B	s1	46	9:43:06 AM	0.0003652718	-7.99042987780857E-12	+1.51110371442765E-14	+6.84741665564203E-02	+1.83014698028564E+01	+4.94777130622107E+06	+0.00000000000000E+00	+4.94777240253449E+06	+4.94775003715515E+06	+4.94779257537842E+06 	0	0	0	0
		B	s1	47	9:43:09 AM	0.0003812642	+4.53704374581799E-11	+1.51320508973244E-14	+6.83790767063243E-02	+1.82890186309814E+01	+4.94777131871414E+06	+0.00000000000000E+00	+4.94777240390778E+06	+4.94775003456116E+06	+4.94779260295868E+06 	0	0	0	0
		B	s1	48	9:43:11 AM	0.0003976006	+4.16942459951583E-11	+1.51130988830317E-14	+6.84648248544576E-02	+1.82714042663574E+01	+4.94777132109853E+06	+0.00000000000000E+00	+4.94777236911774E+06	+4.94775008407593E+06	+4.94779255821228E+06 	0	0	0	0
		B	s1	49	9:43:13 AM	0.0004142810	-8.40268076332998E-12	+1.51409486081344E-14	+6.83388930572002E-02	+1.82850685119629E+01	+4.94777132186123E+06	+0.00000000000000E+00	+4.94777239776612E+06	+4.94775002979279E+06	+4.94779261402130E+06 	0	0	0	0
		B	s1	50	9:43:15 AM	0.0004313052	-8.19155093800167E-12	+1.51452021997146E-14	+6.83196997229046E-02	+1.82678318023682E+01	+4.94777132470324E+06	+0.00000000000000E+00	+4.94777240200043E+06	+4.94775004673004E+06	+4.94779260276795E+06 	0	0	0	0
		B	s1	51	9:43:18 AM	0.0004486734	+4.50941844510876E-11	+1.51464335876258E-14	+6.83141442488407E-02	+1.82767601013184E+01	+4.94777136670301E+06	+0.00000000000000E+00	+4.94777240898133E+06	+4.94775007659912E+06	+4.94779265689850E+06 	0	0	0	0
		B	s1	52	9:43:20 AM	0.0004663855	-2.03387564159610E-12	+1.51415734879415E-14	+6.83360719728229E-02	+1.82880153656006E+01	+4.94777135070033E+06	+0.00000000000000E+00	+4.94777247528076E+06	+4.94775005432129E+06	+4.94779264717102E+06 	0	0	0	0
		B	s1	53	9:43:22 AM	0.0004844415	-4.73271487560190E-12	+1.51444305420622E-14	+6.83231790960534E-02	+1.82714805603027E+01	+4.94777138756944E+06	+0.00000000000000E+00	+4.94777244876862E+06	+4.94775010643006E+06	+4.94779266880036E+06 	0	0	0	0
		B	s1	54	9:43:24 AM	0.0005028414	-4.01221501227546E-12	+1.51362450339659E-14	+6.83601273381582E-02	+1.82719402313232E+01	+4.94777139304358E+06	+0.00000000000000E+00	+4.94777245227814E+06	+4.94775012287140E+06	+4.94779266330719E+06 	0	0	0	0
		B	s1	55	9:43:25 AM	0.0005215853	-8.34061231934740E-13	+1.51590770030780E-14	+6.82571663552734E-02	+1.82573280334473E+01	+4.94777138623428E+06	+0.00000000000000E+00	+4.94777248962403E+06	+4.94775010101318E+06	+4.94779267154694E+06 	0	0	0	0
		B	s1	56	9:43:27 AM	0.0005406731	+8.00761379339276E-13	+1.51508232629432E-14	+6.82943499296707E-02	+1.82567157745361E+01	+4.94777142245488E+06	+0.00000000000000E+00	+4.94777250900269E+06	+4.94775014953613E+06	+4.94779269546509E+06 	0	0	0	0
		B	s1	57	9:43:29 AM	0.0005601048	+5.06352706004059E-11	+1.51639312117395E-14	+6.82353163685211E-02	+1.82500934600830E+01	+4.94777137946320E+06	+0.00000000000000E+00	+4.94777251171112E+06	+4.94775009586334E+06	+4.94779266315461E+06 	0	0	0	0
		B	s1	58	9:43:31 AM	0.0005798804	+3.05268028533751E-12	+1.51587016866697E-14	+6.82588554193123E-02	+1.82547531127930E+01	+4.94777141974641E+06	+0.00000000000000E+00	+4.94777253746033E+06	+4.94775013805390E+06	+4.94779270153046E+06 	0	0	0	0
		B	s1	59	9:43:33 AM	0.0006000000	-1.72884888814779E-12	+1.51487824796779E-14	+6.83035505314683E-02	+1.82371559143066E+01	+4.94777141301362E+06	+0.00000000000000E+00	+4.94777247978211E+06	+4.94775016574860E+06	+4.94779266036987E+06 	0	0	0	0
		T	s2 	60	9:51:24 AM	0.0006000000	+2.90029447138827E-11	+1.51447860687794E-14	+6.83215470499572E-02	+1.86311111450195E+01	+4.94777240674029E+06	+0.00000000000000E+00	+4.94777351440430E+06	+4.94775070621491E+06	+4.94779410736084E+06 	0.568000	0.140000	0.187449	0.038865
		T	s2 	61	9:51:30 AM	0.0005798804	+3.97599588809467E-11	+1.51360690614795E-14	+6.83608902343499E-02	+1.86128711700439E+01	+4.94777254605318E+06	+0.00000000000000E+00	+4.94777367961884E+06	+4.94775087924957E+06	+4.94779421295166E+06 	0.568000	0.174000	0.183914	0.038283
		T	s2 	62	9:51:35 AM	0.0005601048	+4.28790904330156E-11	+1.51466802915482E-14	+6.83129977803080E-02	+1.86356239318848E+01	+4.94777259041792E+06	+0.00000000000000E+00	+4.94777369659424E+06	+4.94775088191986E+06	+4.94779429901123E+06 	0.544000	0.156000	0.179507	0.038376
		T	s2 	63	9:51:40 AM	0.0005406731	+4.20019063155639E-11	+1.51441589674693E-14	+6.83243718409365E-02	+1.86519260406494E+01	+4.94777256321907E+06	+0.00000000000000E+00	+4.94777365493775E+06	+4.94775083934784E+06	+4.94779428718567E+06 	0.576000	0.144000	0.178345	0.037213
		T	s2 	64	9:51:46 AM	0.0005215853	+4.02341239363785E-11	+1.51438279490462E-14	+6.83258651300173E-02	+1.86663684844971E+01	+4.94777256922714E+06	+0.00000000000000E+00	+4.94777364883423E+06	+4.94775082901001E+06	+4.94779430953980E+06 	0.544000	0.130000	0.174870	0.036583
		T	s2 	65	9:51:51 AM	0.0005028414	+4.37914453897659E-11	+1.51482345632849E-14	+6.83059888997265E-02	+1.86789474487305E+01	+4.94777257895453E+06	+0.00000000000000E+00	+4.94777370632172E+06	+4.94775081775665E+06	+4.94779434024811E+06 	0.576000	0.150000	0.170990	0.035884
		T	s2 	66	9:51:57 AM	0.0004844415	-1.19486560989657E-12	+1.51307555487818E-14	+6.83848946369341E-02	+1.87072124481201E+01	+4.94777262186984E+06	+0.00000000000000E+00	+4.94777373386383E+06	+4.94775085289002E+06	+4.94779439094544E+06 	0.512000	0.164000	0.167463	0.034993
		T	s2 	67	9:52:03 AM	0.0004663855	+4.99374944435201E-11	+1.51250787358261E-14	+6.84105601759159E-02	+1.87183818817139E+01	+4.94777265763260E+06	+0.00000000000000E+00	+4.94777378143311E+06	+4.94775088382721E+06	+4.94779443153382E+06 	0.520000	0.134000	0.165109	0.034561
		T	s2 	68	9:52:09 AM	0.0004486734	+5.52130664653861E-11	+1.51238890428545E-14	+6.84159410622701E-02	+1.87622108459473E+01	+4.94777267588571E+06	+0.00000000000000E+00	+4.94777383453369E+06	+4.94775085281372E+06	+4.94779449905396E+06 	0.496000	0.126000	0.161912	0.033626
		T	s2 	69	9:52:14 AM	0.0004313052	+5.21915667002178E-11	+1.51251238175678E-14	+6.84103544120438E-02	+1.87564811706543E+01	+4.94777272490459E+06	+0.00000000000000E+00	+4.94777379131317E+06	+4.94775090671540E+06	+4.94779454319000E+06 	0.488000	0.142000	0.158793	0.033170
		T	s2 	70	9:52:20 AM	0.0004142810	+5.58544520026338E-11	+1.51230746563127E-14	+6.84196237757230E-02	+1.87639751434326E+01	+4.94777273104623E+06	+0.00000000000000E+00	+4.94777382896424E+06	+4.94775090709686E+06	+4.94779455509186E+06 	0.480000	0.124000	0.155963	0.032328
		T	s2 	71	9:52:25 AM	0.0003976006	+7.47904063833492E-12	+1.51069584800991E-14	+6.84926136039734E-02	+1.87726650238037E+01	+4.94777275114975E+06	+0.00000000000000E+00	+4.94777383884430E+06	+4.94775094036103E+06	+4.94779456203461E+06 	0.472000	0.140000	0.154713	0.031988
		T	s2 	72	9:52:30 AM	0.0003812642	+5.57961233663544E-11	+1.51324928189970E-14	+6.83770390002839E-02	+1.87779941558838E+01	+4.94777279478969E+06	+0.00000000000000E+00	+4.94777389335632E+06	+4.94775094093323E+06	+4.94779464874268E+06 	0.456000	0.134000	0.149636	0.031576
		T	s2 	73	9:52:36 AM	0.0003652718	+5.57446785662319E-11	+1.50983142796896E-14	+6.85318270451117E-02	+1.87829856872559E+01	+4.94777276793441E+06	+0.00000000000000E+00	+4.94777386753083E+06	+4.94775095764160E+06	+4.94779457832337E+06 	0.464000	0.140000	0.146664	0.030885
		T	s2 	74	9:52:41 AM	0.0003496232	+6.07523519048102E-11	+1.50973501965646E-14	+6.85362015894657E-02	+1.87986240386963E+01	+4.94777283093406E+06	+0.00000000000000E+00	+4.94777387248993E+06	+4.94775100387573E+06	+4.94779465808869E+06 	0.456000	0.116000	0.144197	0.029672
		T	s2 	75	9:52:47 AM	0.0003343186	+1.86521839023831E-11	+1.50897858929593E-14	+6.85705551387804E-02	+1.88062553405762E+01	+4.94777292880013E+06	+0.00000000000000E+00	+4.94777400184632E+06	+4.94775110382080E+06	+4.94779475387573E+06 	0.432000	0.118000	0.139161	0.029262
		T	s2 	76	9:52:53 AM	0.0003193579	+1.78834096261929E-11	+1.50695689381718E-14	+6.86625482664845E-02	+1.88224010467529E+01	+4.94777290736158E+06	+0.00000000000000E+00	+4.94777396884918E+06	+4.94775109291077E+06	+4.94779472190857E+06 	0.440000	0.122000	0.136584	0.028535
		T	s2 	77	9:52:59 AM	0.0003047411	+5.98978787811272E-11	+1.50536040892592E-14	+6.87353679200050E-02	+1.88307647705078E+01	+4.94777288100208E+06	+0.00000000000000E+00	+4.94777395133972E+06	+4.94775107997894E+06	+4.94779468212128E+06 	0.440000	0.108000	0.134573	0.027887
		T	s2 	78	9:53:05 AM	0.0002904683	+1.90744903402492E-11	+1.50694570407097E-14	+6.86630584189141E-02	+1.88394756317139E+01	+4.94777289647053E+06	+0.00000000000000E+00	+4.94777399936676E+06	+4.94775106239319E+06	+4.94779473064423E+06 	0.408000	0.114000	0.129822	0.027440
		T	s2 	79	9:53:11 AM	0.0002765393	+1.60671649651243E-11	+1.51008513090018E-14	+6.85203091917327E-02	+1.88348960876465E+01	+4.94777291649752E+06	+0.00000000000000E+00	+4.94777395446778E+06	+4.94775104225159E+06	+4.94779479084015E+06 	0.400000	0.114000	0.127079	0.027083
		T	s2 	80	9:53:17 AM	0.0002629543	+6.25190054127833E-11	+1.50556087567252E-14	+6.87262137003743E-02	+1.88526363372803E+01	+4.94777295462561E+06	+0.00000000000000E+00	+4.94777398086548E+06	+4.94775112537384E+06	+4.94779478397370E+06 	0.408000	0.100000	0.124337	0.026377
		T	s2 	81	9:53:23 AM	0.0002497132	+2.36164166914445E-11	+1.50331644602215E-14	+6.88288192143935E-02	+1.88666114807129E+01	+4.94777301667174E+06	+0.00000000000000E+00	+4.94777405807495E+06	+4.94775120380402E+06	+4.94779482963562E+06 	0.400000	0.110000	0.120444	0.025690
		T	s2 	82	9:53:29 AM	0.0002368161	+2.23767706726752E-11	+1.50532957329622E-14	+6.87367723310817E-02	+1.88588771820068E+01	+4.94777301003408E+06	+0.00000000000000E+00	+4.94777402427674E+06	+4.94775117691040E+06	+4.94779484325409E+06 	0.384000	0.104000	0.117953	0.025170
		T	s2 	83	9:53:35 AM	0.0002242629	+2.60074956829245E-11	+1.50325344526746E-14	+6.88317018207450E-02	+1.88634586334229E+01	+4.94777308791123E+06	+0.00000000000000E+00	+4.94777406749726E+06	+4.94775127960205E+06	+4.94779489631653E+06 	0.384000	0.102000	0.113652	0.024694
		T	s2 	84	9:53:40 AM	0.0002120535	+7.57197568818608E-11	+1.50363854771597E-14	+6.88140726266588E-02	+1.88820648193359E+01	+4.94777310414265E+06	+0.00000000000000E+00	+4.94777410984039E+06	+4.94775126873017E+06	+4.94779493965149E+06 	0.392000	0.098000	0.112705	0.023468
		T	s2 	85	9:53:46 AM	0.0002001882	+3.20603891077613E-11	+1.50299157448842E-14	+6.88436945041303E-02	+1.88569602966309E+01	+4.94777309052435E+06	+0.00000000000000E+00	+4.94777414054871E+06	+4.94775129352570E+06	+4.94779488761902E+06 	0.368000	0.120000	0.108777	0.023234
		T	s2 	86	9:53:52 AM	0.0001886667	+2.70706881453287E-11	+1.50260210027026E-14	+6.88615387375785E-02	+1.88248271942139E+01	+4.94777309199319E+06	+0.00000000000000E+00	+4.94777409648895E+06	+4.94775133777619E+06	+4.94779484630585E+06 	0.360000	0.120000	0.104503	0.022518
		T	s2 	87	9:53:57 AM	0.0001774892	+3.29432197980104E-11	+1.50097667574826E-14	+6.89361071094338E-02	+1.88673858642578E+01	+4.94777318396543E+06	+0.00000000000000E+00	+4.94777419120789E+06	+4.94775140415192E+06	+4.94779496387482E+06 	0.328000	0.090000	0.102223	0.022261
		T	s2 	88	9:54:03 AM	0.0001666556	+3.34859738257003E-11	+1.49925449444488E-14	+6.90152949863046E-02	+1.88525676727295E+01	+4.94777312884324E+06	+0.00000000000000E+00	+4.94777418182373E+06	+4.94775139110565E+06	+4.94779486667633E+06 	0.336000	0.104000	0.099037	0.021902
		T	s2 	89	9:54:08 AM	0.0001561659	+2.72045638789924E-11	+1.50304434228175E-14	+6.88412763682279E-02	+1.88448963165283E+01	+4.94777313441250E+06	+0.00000000000000E+00	+4.94777408740997E+06	+4.94775135059357E+06	+4.94779491832733E+06 	0.336000	0.098000	0.096714	0.021356
		T	s2 	90	9:54:13 AM	0.0001460201	+3.67766095085136E-11	+1.50188471530406E-14	+6.88944269846322E-02	+1.88538150787354E+01	+4.94777323250747E+06	+0.00000000000000E+00	+4.94777425220490E+06	+4.94775145519257E+06	+4.94779500991821E+06 	0.304000	0.078000	0.094136	0.020835
		T	s2 	91	9:54:19 AM	0.0001362183	+3.95562250484967E-11	+1.50213295160250E-14	+6.88830416519308E-02	+1.88493289947510E+01	+4.94777323695159E+06	+0.00000000000000E+00	+4.94777424106598E+06	+4.94775146121979E+06	+4.94779501277924E+06 	0.328000	0.086000	0.088853	0.019776
		T	s2 	92	9:54:25 AM	0.0001267604	+4.52331220542321E-11	+1.50190384645033E-14	+6.88935461195482E-02	+1.88612194061279E+01	+4.94777335074397E+06	+0.00000000000000E+00	+4.94777434318543E+06	+4.94775156459809E+06	+4.94779513698578E+06 	0.304000	0.088000	0.086310	0.019203
		T	s2 	93	9:54:31 AM	0.0001176464	+4.78810239703537E-11	+1.50081241982086E-14	+6.89436465337250E-02	+1.88556346893311E+01	+4.94777337290746E+06	+0.00000000000000E+00	+4.94777442638397E+06	+4.94775160903931E+06	+4.94779513687134E+06 	0.288000	0.086000	0.083884	0.018845
		T	s2 	94	9:54:36 AM	0.0001088763	+4.96218960788181E-11	+1.50004131734973E-14	+6.89790864539289E-02	+1.88832492828369E+01	+4.94777340331050E+06	+0.00000000000000E+00	+4.94777431888581E+06	+4.94775161876679E+06	+4.94779518795014E+06 	0.288000	0.082000	0.082069	0.018208
		T	s2 	95	9:54:41 AM	0.0001004502	+9.50887582156534E-12	+1.50254481148145E-14	+6.88641531238176E-02	+1.88957405090332E+01	+4.94777349274586E+06	+0.00000000000000E+00	+4.94777449012757E+06	+4.94775165740967E+06	+4.94779532817841E+06 	0.272000	0.080000	0.077493	0.017978
		T	s2 	96	9:54:47 AM	0.0000923679	+6.03786979988708E-11	+1.50040175740522E-14	+6.89625122599692E-02	+1.88838195800781E+01	+4.94777352581948E+06	+0.00000000000000E+00	+4.94777451686859E+06	+4.94775173538208E+06	+4.94779531635285E+06 	0.264000	0.082000	0.074926	0.017041
		T	s2 	97	9:54:52 AM	0.0000846296	+1.97771878560712E-11	+1.49731142592119E-14	+6.91048423324135E-02	+1.89047393798828E+01	+4.94777363530138E+06	+0.00000000000000E+00	+4.94777461444855E+06	+4.94775186565399E+06	+4.94779540504456E+06 	0.272000	0.078000	0.072241	0.016171
		T	s2 	98	9:54:58 AM	0.0000772353	+2.62235764231444E-11	+1.49889545979097E-14	+6.90318102734772E-02	+1.88768844604492E+01	+4.94777370728476E+06	+0.00000000000000E+00	+4.94777470569611E+06	+4.94775194671631E+06	+4.94779546794891E+06 	0.256000	0.070000	0.068461	0.016767
		T	s2 	99	9:55:04 AM	0.0000701848	+3.38202800718984E-11	+1.50053515053637E-14	+6.89563743521305E-02	+1.88758087158203E+01	+4.94777378931973E+06	+0.00000000000000E+00	+4.94777481147766E+06	+4.94775200618744E+06	+4.94779557254791E+06 	0.240000	0.068000	0.065407	0.015143
		T	s2 	100	9:55:09 AM	0.0000634783	+3.44023304915997E-11	+1.50576197136707E-14	+6.87170106421652E-02	+1.88866596221924E+01	+4.94777384091312E+06	+0.00000000000000E+00	+4.94777487125397E+06	+4.94775196933746E+06	+4.94779571258545E+06 	0.208000	0.094000	0.060871	0.015362
		T	s2 	101	9:55:15 AM	0.0000571157	+9.83573739823002E-11	+1.50287530417236E-14	+6.88489969260743E-02	+1.88822746276855E+01	+4.94777394165948E+06	+0.00000000000000E+00	+4.94777493438721E+06	+4.94775211708069E+06	+4.94779576633453E+06 	0.224000	0.068000	0.059891	0.014722
		T	s2 	102	9:55:21 AM	0.0000510970	+5.63898580557598E-11	+1.50502056694904E-14	+6.87508551930604E-02	+1.88755283355713E+01	+4.94777408837263E+06	+0.00000000000000E+00	+4.94777508602143E+06	+4.94775224044800E+06	+4.94779593639374E+06 	0.232000	0.094000	0.058330	0.013891
		T	s2 	103	9:55:27 AM	0.0000454223	+8.12294373606347E-12	+1.50445865572118E-14	+6.87765313458832E-02	+1.88717308044434E+01	+4.94777416409443E+06	+0.00000000000000E+00	+4.94777512977600E+06	+4.94775232872009E+06	+4.94779599956513E+06 	0.208000	0.064000	0.052677	0.013130
		T	s2 	104	9:55:32 AM	0.0000400915	+7.22508383411596E-11	+1.50214024678908E-14	+6.88826765940435E-02	+1.88284263610840E+01	+4.94777433325755E+06	+0.00000000000000E+00	+4.94777526371002E+06	+4.94775258155823E+06	+4.94779608505249E+06 	0.208000	0.058000	0.051526	0.012793
		T	s2 	105	9:55:38 AM	0.0000351046	-1.92487998053294E-11	+1.50107984383682E-14	+6.89313353156381E-02	+1.88976860046387E+01	+4.94777439942319E+06	+0.00000000000000E+00	+4.94777537147522E+06	+4.94775258312226E+06	+4.94779621582031E+06 	0.200000	0.064000	0.046758	0.011694
		T	s2 	106	9:55:45 AM	0.0000304616	+4.03256933572323E-11	+1.50478006295790E-14	+6.87618329542096E-02	+1.88592758178711E+01	+4.94777446467354E+06	+0.00000000000000E+00	+4.94777551639557E+06	+4.94775263904572E+06	+4.94779629039765E+06 	0.208000	0.084000	0.044833	0.013067
		T	s2 	107	9:55:50 AM	0.0000261625	+9.39966195375041E-11	+1.50529626182566E-14	+6.87382533465433E-02	+1.88715248107910E+01	+4.94777445307677E+06	+0.00000000000000E+00	+4.94777562110901E+06	+4.94775260578156E+06	+4.94779630046845E+06 	0.176000	0.058000	0.042618	0.011505
		T	s2 	108	9:55:56 AM	0.0000222074	+4.88799642427871E-11	+1.50601691346050E-14	+6.87053592592592E-02	+1.89005012512207E+01	+4.94777451804087E+06	+0.00000000000000E+00	+4.94777564525604E+06	+4.94775262672424E+06	+4.94779640945435E+06 	0.192000	0.084000	0.039329	0.011533
		T	s2 	109	9:56:02 AM	0.0000185962	+4.44209085524557E-12	+1.50104910983397E-14	+6.89327399568589E-02	+1.88989467620850E+01	+4.94777464091259E+06	+0.00000000000000E+00	+4.94777567867279E+06	+4.94775282360077E+06	+4.94779645832062E+06 	0.160000	0.052000	0.034611	0.010529
		T	s2 	110	9:56:08 AM	0.0000153289	+6.21077363407891E-11	+1.50489974515749E-14	+6.87563558792029E-02	+1.89337291717529E+01	+4.94777477265274E+06	+0.00000000000000E+00	+4.94777577392578E+06	+4.94775285911560E+06	+4.94779668628693E+06 	0.160000	0.068000	0.041709	0.012515
		T	s2 	111	9:56:13 AM	0.0000124056	+6.80199776958444E-11	+1.50639570433201E-14	+6.86880760993131E-02	+1.89374980926514E+01	+4.94777476466083E+06	+0.00000000000000E+00	+4.94777589042664E+06	+4.94775282497406E+06	+4.94779670444489E+06 	0.152000	0.074000	0.030680	0.010120
		T	s2 	112	9:56:19 AM	0.0000098261	-2.62544657042719E-11	+1.50700495330872E-14	+6.86603017978073E-02	+1.89461822509766E+01	+4.94777495282069E+06	+0.00000000000000E+00	+4.94777594738007E+06	+4.94775299419403E+06	+4.94779691154480E+06 	0.128000	0.050000	0.030857	0.010381
		T	s2 	113	9:56:25 AM	0.0000075906	+8.00111943912625E-11	+1.50447261081072E-14	+6.87758705044512E-02	+1.88717308044434E+01	+4.94777498740147E+06	+0.00000000000000E+00	+4.94777605075836E+06	+4.94775315181732E+06	+4.94779682308197E+06 	0.120000	0.064000	0.026267	0.009479
		T	s2 	114	9:56:30 AM	0.0000056991	+3.37308885792796E-11	+1.50743844360136E-14	+6.86405548248884E-02	+1.88972339630127E+01	+4.94777504300036E+06	+0.00000000000000E+00	+4.94777609626770E+06	+4.94775313480377E+06	+4.94779695129395E+06 	0.120000	0.066000	0.028136	0.007946
		T	s2 	115	9:56:35 AM	0.0000041514	+8.05970638011189E-11	+1.50493756743573E-14	+6.87546204661944E-02	+1.89037036895752E+01	+4.94777503962448E+06	+0.00000000000000E+00	+4.94777615520477E+06	+4.94775316028595E+06	+4.94779691905976E+06 	0.112000	0.078000	0.024425	0.008174
		T	s2 	116	9:56:40 AM	0.0000029477	+3.56105289987722E-11	+1.50612331310967E-14	+6.87004917511088E-02	+1.89867801666260E+01	+4.94777501633525E+06	+0.00000000000000E+00	+4.94777610874176E+06	+4.94775302352905E+06	+4.94779700923920E+06 	0.128000	0.044000	0.026352	0.008962
		T	s2 	117	9:56:46 AM	0.0000020878	+8.85386434541493E-11	+1.50445205097568E-14	+6.87768077529054E-02	+1.90094871520996E+01	+4.94777508244394E+06	+0.00000000000000E+00	+4.94777616855622E+06	+4.94775308776856E+06	+4.94779707721710E+06 	0.136000	0.054000	0.016386	0.009951
		T	s2 	118	9:56:52 AM	0.0000015720	+2.95773389819562E-11	+1.50262892147123E-14	+6.88602562584584E-02	+1.90663700103760E+01	+4.94777500807625E+06	+0.00000000000000E+00	+4.94777612194061E+06	+4.94775297431946E+06	+4.94779704193115E+06 	0.120000	0.066000	0.021558	0.009323
		T	s2 	119	9:56:58 AM	0.0000014000	+3.10851378437862E-11	+1.50633439897652E-14	+6.86908683509363E-02	+1.90280303955078E+01	+4.94777488139011E+06	+0.00000000000000E+00	+4.94777604194641E+06	+4.94775283771515E+06	+4.94779692516327E+06 	0.112000	0.072000	0.019097	0.008530
		B	s3	120	10:07:10 AM	0.0000014000	-1.24310368356387E-11	+1.50863515105568E-14	+6.85862281842987E-02	+1.87499923706055E+01	+4.94777065371499E+06	+0.00000000000000E+00	+4.94777169189453E+06	+4.94774889900208E+06	+4.94779240852356E+06 	0	0	0	0
		B	s3	121	10:07:12 AM	0.0000015720	+8.45592866966179E-11	+1.51060871600944E-14	+6.84966232464584E-02	+1.88269405364990E+01	+4.94777062081271E+06	+0.00000000000000E+00	+4.94777171810150E+06	+4.94774874824524E+06	+4.94779249347687E+06 	0	0	0	0
		B	s3	122	10:07:14 AM	0.0000020878	+9.58020419878458E-11	+1.50714140308840E-14	+6.86542050674651E-02	+1.87804565429688E+01	+4.94777064806918E+06	+0.00000000000000E+00	+4.94777168712616E+06	+4.94774887958527E+06	+4.94779241664887E+06 	0	0	0	0
		B	s3	123	10:07:16 AM	0.0000029477	+4.83212122582444E-11	+1.50472992608093E-14	+6.87642263308689E-02	+1.88593883514404E+01	+4.94777078553155E+06	+0.00000000000000E+00	+4.94777190898896E+06	+4.94774896053314E+06	+4.94779261062622E+06 	0	0	0	0
		B	s3	124	10:07:17 AM	0.0000041514	+1.46063917817031E-10	+1.50789103409600E-14	+6.86200708173415E-02	+1.88110198974609E+01	+4.94777077738721E+06	+0.00000000000000E+00	+4.94777189971924E+06	+4.94774896263123E+06	+4.94779259223938E+06 	0	0	0	0
		B	s3	125	10:07:20 AM	0.0000056991	+1.00191448376138E-10	+1.50799828450447E-14	+6.86151893882021E-02	+1.88268184661865E+01	+4.94777081698368E+06	+0.00000000000000E+00	+4.94777186565399E+06	+4.94774898235321E+06	+4.94779265171051E+06 	0	0	0	0
		B	s3	126	10:07:22 AM	0.0000075906	+6.05332263600286E-12	+1.50711761667359E-14	+6.86552835841592E-02	+1.87720794677734E+01	+4.94777082943901E+06	+0.00000000000000E+00	+4.94777195648194E+06	+4.94774907100678E+06	+4.94779258796692E+06 	0	0	0	0
		B	s3	127	10:07:25 AM	0.0000098261	+1.06752456987173E-10	+1.50723172719464E-14	+6.86500849931962E-02	+1.87716617584229E+01	+4.94777085791572E+06	+0.00000000000000E+00	+4.94777189624787E+06	+4.94774909832001E+06	+4.94779261760712E+06 	0	0	0	0
		B	s3	128	10:07:28 AM	0.0000124056	+5.00951696640162E-11	+1.50656847383600E-14	+6.86803078853926E-02	+1.88423976898193E+01	+4.94777084698629E+06	+0.00000000000000E+00	+4.94777200778961E+06	+4.94774901500702E+06	+4.94779267906189E+06 	0	0	0	0
		B	s3	129	10:07:29 AM	0.0000153289	-4.42096008036414E-11	+1.50680963589102E-14	+6.86693145122088E-02	+1.87686080932617E+01	+4.94777089089382E+06	+0.00000000000000E+00	+4.94777194972992E+06	+4.94774914093018E+06	+4.94779264095307E+06 	0	0	0	0
		B	s3	130	10:07:32 AM	0.0000185962	+5.77348341086740E-11	+1.50777574796945E-14	+6.86253157143095E-02	+1.87032566070557E+01	+4.94777084465996E+06	+0.00000000000000E+00	+4.94777201740265E+06	+4.94774915653229E+06	+4.94779253288269E+06 	0	0	0	0
		B	s3	131	10:07:33 AM	0.0000222074	+1.01062111817408E-10	+1.50748529896818E-14	+6.86385363714002E-02	+1.86691856384277E+01	+4.94777089745556E+06	+0.00000000000000E+00	+4.94777194934845E+06	+4.94774925300598E+06	+4.94779254199982E+06 	0	0	0	0
		B	s3	132	10:07:36 AM	0.0000261625	-4.11530199263102E-11	+1.50382823366581E-14	+6.88054546490860E-02	+1.87248439788818E+01	+4.94777087811499E+06	+0.00000000000000E+00	+4.94777195720673E+06	+4.94774922180176E+06	+4.94779253452301E+06 	0	0	0	0
		B	s3	133	10:07:37 AM	0.0000304616	+4.96648162701641E-12	+1.50849263894450E-14	+6.85927012503409E-02	+1.86599082946777E+01	+4.94777088791880E+06	+0.00000000000000E+00	+4.94777193836212E+06	+4.94774923976898E+06	+4.94779253616333E+06 	0	0	0	0
		B	s3	134	10:07:40 AM	0.0000351046	+1.05080837667588E-10	+1.50516206962567E-14	+6.87444801609151E-02	+1.86680793762207E+01	+4.94777090912868E+06	+0.00000000000000E+00	+4.94777191722870E+06	+4.94774929931641E+06	+4.94779251903534E+06 	0	0	0	0
		B	s3	135	10:07:42 AM	0.0000400915	+2.26465991124876E-12	+1.50695983145456E-14	+6.86624714702114E-02	+1.86515693664551E+01	+4.94777085175561E+06	+0.00000000000000E+00	+4.94777190433502E+06	+4.94774923526764E+06	+4.94779246833801E+06 	0	0	0	0
		B	s3	136	10:07:44 AM	0.0000454223	+5.12309942051719E-12	+1.50438396214806E-14	+6.87800375512694E-02	+1.86126174926758E+01	+4.94777087628447E+06	+0.00000000000000E+00	+4.94777193984985E+06	+4.94774934181214E+06	+4.94779241085053E+06 	0	0	0	0
		B	s3	137	10:07:46 AM	0.0000510970	+1.05473751282656E-10	+1.50365503485941E-14	+6.88133809831468E-02	+1.85915069580078E+01	+4.94777084345915E+06	+0.00000000000000E+00	+4.94777186798096E+06	+4.94774934383393E+06	+4.94779234317780E+06 	0	0	0	0
		B	s3	138	10:07:49 AM	0.0000571157	+1.05601536974612E-10	+1.50937836129350E-14	+6.85524520265120E-02	+1.85649967193604E+01	+4.94777082142905E+06	+0.00000000000000E+00	+4.94777190765381E+06	+4.94774927074433E+06	+4.94779237220764E+06 	0	0	0	0
		B	s3	139	10:07:51 AM	0.0000634783	+5.13143795131717E-11	+1.50750212218618E-14	+6.86377721352093E-02	+1.85713386535645E+01	+4.94777083449447E+06	+0.00000000000000E+00	+4.94777190711975E+06	+4.94774930324555E+06	+4.94779236583710E+06 	0	0	0	0
		B	s3	140	10:07:53 AM	0.0000701848	+1.04336019459298E-10	+1.50628861862216E-14	+6.86930682171069E-02	+1.85791873931885E+01	+4.94777084220020E+06	+0.00000000000000E+00	+4.94777188678742E+06	+4.94774931919098E+06	+4.94779236530304E+06 	0	0	0	0
		B	s3	141	10:07:55 AM	0.0000772353	+1.01792313499818E-10	+1.50386077352154E-14	+6.88039673484709E-02	+1.85789699554443E+01	+4.94777082488162E+06	+0.00000000000000E+00	+4.94777192405701E+06	+4.94774933681488E+06	+4.94779231304169E+06 	0	0	0	0
		B	s3	142	10:07:58 AM	0.0000846296	+1.35419139025875E-12	+1.50700726815005E-14	+6.86603114012290E-02	+1.85511226654053E+01	+4.94777080678083E+06	+0.00000000000000E+00	+4.94777189117432E+06	+4.94774930603028E+06	+4.94779230762482E+06 	0	0	0	0
		B	s3	143	10:08:00 AM	0.0000923679	+4.65697411611206E-11	+1.50583021191080E-14	+6.87139808812726E-02	+1.85592002868652E+01	+4.94777080494981E+06	+0.00000000000000E+00	+4.94777187160492E+06	+4.94774931163788E+06	+4.94779229835510E+06 	0	0	0	0
		B	s3	144	10:08:02 AM	0.0001004502	+1.03143427971585E-10	+1.50697894553572E-14	+6.86616017469558E-02	+1.85443782806396E+01	+4.94777080954652E+06	+0.00000000000000E+00	+4.94777186546326E+06	+4.94774931701660E+06	+4.94779230216980E+06 	0	0	0	0
		B	s3	145	10:08:03 AM	0.0001088763	+4.75328600786717E-11	+1.50747239394836E-14	+6.86391269675103E-02	+1.85462379455566E+01	+4.94777078925229E+06	+0.00000000000000E+00	+4.94777187911988E+06	+4.94774928752899E+06	+4.94779229106903E+06 	0	0	0	0
		B	s3	146	10:08:05 AM	0.0001176464	+9.91325435892453E-11	+1.50600826445395E-14	+6.87058572703504E-02	+1.85138607025146E+01	+4.94777079362037E+06	+0.00000000000000E+00	+4.94777183471680E+06	+4.94774935028076E+06	+4.94779223705292E+06 	0	0	0	0
		B	s3	147	10:08:07 AM	0.0001267604	+1.01535650276330E-10	+1.50963101193740E-14	+6.85409799686932E-02	+1.85356540679932E+01	+4.94777079161733E+06	+0.00000000000000E+00	+4.94777189842224E+06	+4.94774927139282E+06	+4.94779231193543E+06 	0	0	0	0
		B	s3	148	10:08:08 AM	0.0001362183	+5.34930701069909E-12	+1.50601126783002E-14	+6.87057194182659E-02	+1.85277881622314E+01	+4.94777082368012E+06	+0.00000000000000E+00	+4.94777193576813E+06	+4.94774936416626E+06	+4.94779228328705E+06 	0	0	0	0
		B	s3	149	10:08:10 AM	0.0001460201	+4.67127939558937E-11	+1.50876731064936E-14	+6.85802171051823E-02	+1.85269508361816E+01	+4.94777077305892E+06	+0.00000000000000E+00	+4.94777185043335E+06	+4.94774927524567E+06	+4.94779227096558E+06 	0	0	0	0
		B	s3	150	10:08:12 AM	0.0001561659	+9.98145189349141E-11	+1.50800616880864E-14	+6.86148310141747E-02	+1.85116329193115E+01	+4.94777080376736E+06	+0.00000000000000E+00	+4.94777184635163E+06	+4.94774933456421E+06	+4.94779227306366E+06 	0	0	0	0
		B	s3	151	10:08:13 AM	0.0001666556	+5.39415113953417E-11	+1.50680861207834E-14	+6.86693638336606E-02	+1.85295219421387E+01	+4.94777079493632E+06	+0.00000000000000E+00	+4.94777191043854E+06	+4.94774932205200E+06	+4.94779226791382E+06 	0	0	0	0
		B	s3	152	10:08:15 AM	0.0001774892	+4.74705890006785E-11	+1.50849175284706E-14	+6.85927444650249E-02	+1.84920120239258E+01	+4.94777078250049E+06	+0.00000000000000E+00	+4.94777183216095E+06	+4.94774932914734E+06	+4.94779223594666E+06 	0	0	0	0
		B	s3	153	10:08:17 AM	0.0001886667	-2.38971455217467E-12	+1.50962427875276E-14	+6.85412857773865E-02	+1.85163021087646E+01	+4.94777078785994E+06	+0.00000000000000E+00	+4.94777184638977E+06	+4.94774929019928E+06	+4.94779228561401E+06 	0	0	0	0
		B	s3	154	10:08:19 AM	0.0002001882	+1.02265071785626E-10	+1.50675360070285E-14	+6.86718713152950E-02	+1.85207672119141E+01	+4.94777078152770E+06	+0.00000000000000E+00	+4.94777190341950E+06	+4.94774931957245E+06	+4.94779224357605E+06 	0	0	0	0
		B	s3	155	10:08:22 AM	0.0002120535	-2.25226067801174E-12	+1.50928982920047E-14	+6.85564748531764E-02	+1.85010814666748E+01	+4.94777076119531E+06	+0.00000000000000E+00	+4.94777184719086E+06	+4.94774928596497E+06	+4.94779223651886E+06 	0	0	0	0
		B	s3	156	10:08:23 AM	0.0002242629	+1.01576654638846E-10	+1.50677302626733E-14	+6.86709850989356E-02	+1.85327739715576E+01	+4.94777081349480E+06	+0.00000000000000E+00	+4.94777190540314E+06	+4.94774933734894E+06	+4.94779228973389E+06 	0	0	0	0
		B	s3	157	10:08:25 AM	0.0002368161	+5.20281371295068E-13	+1.50934743820887E-14	+6.85538569389858E-02	+1.85057315826416E+01	+4.94777080594168E+06	+0.00000000000000E+00	+4.94777188125611E+06	+4.94774932449341E+06	+4.94779228748322E+06 	0	0	0	0
		B	s3	158	10:08:27 AM	0.0002497132	-4.77756312119368E-11	+1.51022365580560E-14	+6.85140836121131E-02	+1.85372810363770E+01	+4.94777077063644E+06	+0.00000000000000E+00	+4.94777191505432E+06	+4.94774924007416E+06	+4.94779230129242E+06 	0	0	0	0
		B	s3	159	10:08:28 AM	0.0002629543	+1.02940943351636E-10	+1.50980348026951E-14	+6.85331505563038E-02	+1.85008811950684E+01	+4.94777078505621E+06	+0.00000000000000E+00	+4.94777187778473E+06	+4.94774930274964E+06	+4.94779226745606E+06 	0	0	0	0
		B	s3	160	10:08:30 AM	0.0002765393	+5.01854969439516E-11	+1.51041573105279E-14	+6.85053704194745E-02	+1.85139884948731E+01	+4.94777078698253E+06	+0.00000000000000E+00	+4.94777192455292E+06	+4.94774928073883E+06	+4.94779229331970E+06 	0	0	0	0
		B	s3	161	10:08:32 AM	0.0002904683	+1.96877298892030E-12	+1.50962752435582E-14	+6.85411368875991E-02	+1.84926052093506E+01	+4.94777084309688E+06	+0.00000000000000E+00	+4.94777190090180E+06	+4.94774937290192E+06	+4.94779231338501E+06 	0	0	0	0
		B	s3	162	10:08:33 AM	0.0003047411	+1.96269179077859E-12	+1.51004129324163E-14	+6.85223566537665E-02	+1.84959964752197E+01	+4.94777081294166E+06	+0.00000000000000E+00	+4.94777189990998E+06	+4.94774933292389E+06	+4.94779229305268E+06 	0	0	0	0
		B	s3	163	10:08:35 AM	0.0003193579	+4.46434547077597E-12	+1.51100282362429E-14	+6.84787517726800E-02	+1.85019855499268E+01	+4.94777083136655E+06	+0.00000000000000E+00	+4.94777192955017E+06	+4.94774933071137E+06	+4.94779233211517E+06 	0	0	0	0
		B	s3	164	10:08:37 AM	0.0003343186	+5.26924255957591E-11	+1.50906979999799E-14	+6.85664682058003E-02	+1.84859142303467E+01	+4.94777085108874E+06	+0.00000000000000E+00	+4.94777193790436E+06	+4.94774939659119E+06	+4.94779230567932E+06 	0	0	0	0
		B	s3	165	10:08:38 AM	0.0003496232	-4.52548681684420E-11	+1.51145302592609E-14	+6.84583543287778E-02	+1.84856777191162E+01	+4.94777084300144E+06	+0.00000000000000E+00	+4.94777193923950E+06	+4.94774935489655E+06	+4.94779233119965E+06 	0	0	0	0
		B	s3	166	10:08:40 AM	0.0003652718	+5.52274562972420E-12	+1.51418433936803E-14	+6.83348676652683E-02	+1.84765243530273E+01	+4.94777085133643E+06	+0.00000000000000E+00	+4.94777195003510E+06	+4.94774933506012E+06	+4.94779236770630E+06 	0	0	0	0
		B	s3	167	10:08:42 AM	0.0003812642	+7.93842003802374E-12	+1.51357051730627E-14	+6.83625806302472E-02	+1.84659442901611E+01	+4.94777084948639E+06	+0.00000000000000E+00	+4.94777197296143E+06	+4.94774935424805E+06	+4.94779234481812E+06 	0	0	0	0
		B	s3	168	10:08:43 AM	0.0003976006	+1.04085161223587E-11	+1.51423483588503E-14	+6.83325883899540E-02	+1.84775295257568E+01	+4.94777086772054E+06	+0.00000000000000E+00	+4.94777200851441E+06	+4.94774934955597E+06	+4.94779238597870E+06 	0	0	0	0
		B	s3	169	10:08:45 AM	0.0004142810	+1.02283972346587E-11	+1.51193714852787E-14	+6.84364318431097E-02	+1.84658317565918E+01	+4.94777091912379E+06	+0.00000000000000E+00	+4.94777200931549E+06	+4.94774944721222E+06	+4.94779239112854E+06 	0	0	0	0
		B	s3	170	10:08:47 AM	0.0004313052	+1.16521825883759E-11	+1.51328526924434E-14	+6.83754651293490E-02	+1.84602470397949E+01	+4.94777090617284E+06	+0.00000000000000E+00	+4.94777201915741E+06	+4.94774942161560E+06	+4.94779239082337E+06 	0	0	0	0
		B	s3	171	10:08:48 AM	0.0004486734	+1.61608664866577E-11	+1.51214376500822E-14	+6.84270806426090E-02	+1.84568138122559E+01	+4.94777092545622E+06	+0.00000000000000E+00	+4.94777206851959E+06	+4.94774946109772E+06	+4.94779238990784E+06 	0	0	0	0
		B	s3	172	10:08:50 AM	0.0004663855	+1.66248930147711E-11	+1.51427945187439E-14	+6.83305733919350E-02	+1.84447040557861E+01	+4.94777092854606E+06	+0.00000000000000E+00	+4.94777208118439E+06	+4.94774944797516E+06	+4.94779240921021E+06 	0	0	0	0
		B	s3	173	10:08:52 AM	0.0004844415	+1.81069135838361E-11	+1.51320452656633E-14	+6.83791128785811E-02	+1.84542827606201E+01	+4.94777093073952E+06	+0.00000000000000E+00	+4.94777208915711E+06	+4.94774945426941E+06	+4.94779240730286E+06 	0	0	0	0
		B	s3	174	10:08:54 AM	0.0005028414	+1.90467737684650E-11	+1.51360824481458E-14	+6.83608741954562E-02	+1.84574546813965E+01	+4.94777093852147E+06	+0.00000000000000E+00	+4.94777210781098E+06	+4.94774945262909E+06	+4.94779242450714E+06 	0	0	0	0
		B	s3	175	10:08:56 AM	0.0005215853	-3.53577403077609E-11	+1.51424032111703E-14	+6.83323389842807E-02	+1.84515190124512E+01	+4.94777093562229E+06	+0.00000000000000E+00	+4.94777207923889E+06	+4.94774944766998E+06	+4.94779242366791E+06 	0	0	0	0
		B	s3	176	10:08:58 AM	0.0005406731	+1.86029311634108E-11	+1.51554645031328E-14	+6.82734474310075E-02	+1.84354858398438E+01	+4.94777098395450E+06	+0.00000000000000E+00	+4.94777210330963E+06	+4.94774949615479E+06	+4.94779247184754E+06 	0	0	0	0
		B	s3	177	10:09:00 AM	0.0005601048	+2.12928373850011E-11	+1.51320722850103E-14	+6.83789895904908E-02	+1.84469070434570E+01	+4.94777097388379E+06	+0.00000000000000E+00	+4.94777213169098E+06	+4.94774950595856E+06	+4.94779244190216E+06 	0	0	0	0
		B	s3	178	10:09:01 AM	0.0005798804	+1.61735815266975E-11	+1.51538473943525E-14	+6.82807330385591E-02	+1.84379768371582E+01	+4.94777098540408E+06	+0.00000000000000E+00	+4.94777208034516E+06	+4.94774949699402E+06	+4.94779247390747E+06 	0	0	0	0
		B	s3	179	10:09:03 AM	0.0006000000	+2.22424149871385E-11	+1.51683678636545E-14	+6.82153680327309E-02	+1.84267845153809E+01	+4.94777101449112E+06	+0.00000000000000E+00	+4.94777215274811E+06	+4.94774951854706E+06	+4.94779251052857E+06 	0	0	0	0

