	10/11/2022	Test 005 Tip H10 Ramp 3 Loc 9 	H10 	Box 5b Xtal 1		DLC	150 uN	2.2%		Points/Segment: 59	
		Seg 	ID Tag	Number	Time	Power	C0	C1	L1	R1	fs	fa	fr	f1	f2	Ch1 (Pk-Pk)	Ch2 (Pk-Pk)	Ch1 (RMS)	Ch2 (RMS)	
						uW	F	F	H	Ohms	Hz	Hz	Hz	Hz	Hz	V	V	V	V	
		B	s1	0	10:40:01 AM	0.0000014000	+3.19183009227082E-11	+1.51095961819863E-14	+6.84807195646765E-02	+1.86946239471436E+01	+4.94777048228263E+06	+0.00000000000000E+00	+4.94777154731751E+06	+4.94774875839234E+06	+4.94779220626831E+06 	0	0	0	0
		B	s1	1	10:40:03 AM	0.0000016007	+6.60923701905542E-11	+1.51135155518325E-14	+6.84629642067219E-02	+1.88417453765869E+01	+4.94777034985464E+06	+0.00000000000000E+00	+4.94777157207489E+06	+4.94774844932556E+06	+4.94779225048065E+06 	0	0	0	0
		B	s1	2	10:40:06 AM	0.0000022028	+7.30331992790720E-11	+1.50876385483061E-14	+6.85803827241399E-02	+1.88883609771729E+01	+4.94777046513472E+06	+0.00000000000000E+00	+4.94777152946472E+06	+4.94774854801178E+06	+4.94779238235474E+06 	0	0	0	0
		B	s1	3	10:40:08 AM	0.0000032062	+7.34808371030218E-11	+1.50991778846913E-14	+6.85279712365301E-02	+1.88392524719238E+01	+4.94777046099595E+06	+0.00000000000000E+00	+4.94777154613495E+06	+4.94774858413696E+06	+4.94779233795166E+06 	0	0	0	0
		B	s1	4	10:40:10 AM	0.0000046110	+2.63118101103937E-11	+1.50812536854124E-14	+6.86094171077436E-02	+1.88052215576172E+01	+4.94777046856841E+06	+0.00000000000000E+00	+4.94777158504486E+06	+4.94774865715027E+06	+4.94779228008270E+06 	0	0	0	0
		B	s1	5	10:40:12 AM	0.0000064172	-2.09424638109630E-11	+1.51104975195581E-14	+6.84766356859804E-02	+1.87754745483398E+01	+4.94777044688182E+06	+0.00000000000000E+00	+4.94777159603119E+06	+4.94774862773896E+06	+4.94779226612091E+06 	0	0	0	0
		B	s1	6	10:40:14 AM	0.0000086248	+7.34088176622419E-11	+1.50762072239539E-14	+6.86323815449469E-02	+1.87673473358154E+01	+4.94777051199897E+06	+0.00000000000000E+00	+4.94777161537171E+06	+4.94774875179291E+06	+4.94779227230072E+06 	0	0	0	0
		B	s1	7	10:40:17 AM	0.0000112338	+2.87432008300973E-11	+1.50696271807267E-14	+6.86623503699121E-02	+1.87756080627441E+01	+4.94777047617896E+06	+0.00000000000000E+00	+4.94777157775879E+06	+4.94774871589661E+06	+4.94779223655701E+06 	0	0	0	0
		B	s1	8	10:40:19 AM	0.0000142441	+8.33709058365159E-11	+1.50185731707135E-14	+6.88957603258465E-02	+1.88050365447998E+01	+4.94777048531533E+06	+0.00000000000000E+00	+4.94777158878327E+06	+4.94774876476288E+06	+4.94779220596314E+06 	0	0	0	0
		B	s1	9	10:40:21 AM	0.0000176558	+7.44212364109653E-11	+1.50816520190347E-14	+6.86076047818728E-02	+1.87453613281250E+01	+4.94777047677031E+06	+0.00000000000000E+00	+4.94777160831452E+06	+4.94774873420716E+06	+4.94779221942902E+06 	0	0	0	0
		B	s1	10	10:40:23 AM	0.0000214689	-2.40891169580716E-11	+1.50252830862560E-14	+6.88649934284762E-02	+1.87376632690430E+01	+4.94777047720940E+06	+0.00000000000000E+00	+4.94777158569336E+06	+4.94774882480622E+06	+4.94779212970734E+06 	0	0	0	0
		B	s1	11	10:40:26 AM	0.0000256834	+7.48001055897203E-11	+1.50598507786688E-14	+6.87069232865497E-02	+1.87125377655029E+01	+4.94777049834273E+06	+0.00000000000000E+00	+4.94777154090882E+06	+4.94774882522583E+06	+4.94779217155457E+06 	0	0	0	0
		B	s1	12	10:40:28 AM	0.0000302993	+2.30869704706537E-11	+1.50368736119834E-14	+6.88119114533733E-02	+1.87127304077148E+01	+4.94777049029386E+06	+0.00000000000000E+00	+4.94777155185700E+06	+4.94774885002136E+06	+4.94779213066101E+06 	0	0	0	0
		B	s1	13	10:40:31 AM	0.0000353165	+7.08322476083134E-11	+1.50453865368822E-14	+6.87729763345084E-02	+1.86792793273926E+01	+4.94777049813318E+06	+0.00000000000000E+00	+4.94777153537750E+06	+4.94774888431549E+06	+4.94779211204529E+06 	0	0	0	0
		B	s1	14	10:40:33 AM	0.0000407351	+7.27459701774548E-11	+1.50694828590585E-14	+6.86630069871077E-02	+1.86188163757324E+01	+4.94777051104609E+06	+0.00000000000000E+00	+4.94777156913758E+06	+4.94774893268585E+06	+4.94779208950043E+06 	0	0	0	0
		B	s1	15	10:40:35 AM	0.0000465551	+7.62049721521512E-11	+1.50751058604751E-14	+6.86373968896765E-02	+1.86862812042236E+01	+4.94777046978976E+06	+0.00000000000000E+00	+4.94777152301788E+06	+4.94774880516052E+06	+4.94779213451386E+06 	0	0	0	0
		B	s1	16	10:40:38 AM	0.0000527765	+7.21779621009545E-11	+1.50529848516128E-14	+6.87382620045031E-02	+1.86259269714355E+01	+4.94777048752855E+06	+0.00000000000000E+00	+4.94777155841827E+06	+4.94774892456055E+06	+4.94779205059052E+06 	0	0	0	0
		B	s1	17	10:40:40 AM	0.0000593993	+7.45902957947792E-11	+1.50749048870151E-14	+6.86383112265313E-02	+1.85787067413330E+01	+4.94777049550137E+06	+0.00000000000000E+00	+4.94777158470154E+06	+4.94774895587921E+06	+4.94779203521729E+06 	0	0	0	0
		B	s1	18	10:40:43 AM	0.0000664234	+7.20153359769553E-11	+1.50502895356096E-14	+6.87505723320644E-02	+1.85930595397949E+01	+4.94777048117726E+06	+0.00000000000000E+00	+4.94777152927399E+06	+4.94774896011353E+06	+4.94779200233460E+06 	0	0	0	0
		B	s1	19	10:40:44 AM	0.0000738489	+6.86897598786084E-11	+1.50531127505470E-14	+6.87376790751546E-02	+1.86308269500732E+01	+4.94777044772215E+06	+0.00000000000000E+00	+4.94777147575379E+06	+4.94774887889862E+06	+4.94779201663971E+06 	0	0	0	0
		B	s1	20	10:40:46 AM	0.0000816758	+7.14239381311851E-11	+1.50544204775525E-14	+6.87317074663384E-02	+1.85926856994629E+01	+4.94777046921816E+06	+0.00000000000000E+00	+4.94777151161194E+06	+4.94774894268036E+06	+4.94779199584961E+06 	0	0	0	0
		B	s1	21	10:40:48 AM	0.0000899041	+7.19153594206798E-11	+1.50492452136882E-14	+6.87553437502217E-02	+1.85886974334717E+01	+4.94777046082588E+06	+0.00000000000000E+00	+4.94777155250550E+06	+4.94774894630432E+06	+4.94779197544098E+06 	0	0	0	0
		B	s1	22	10:40:49 AM	0.0000985337	+7.11769807816414E-11	+1.50840774637366E-14	+6.85965736725511E-02	+1.85831604003906E+01	+4.94777045323444E+06	+0.00000000000000E+00	+4.94777153518677E+06	+4.94774889533997E+06	+4.94779201122284E+06 	0	0	0	0
		B	s1	23	10:40:51 AM	0.0001075647	+7.23711906990958E-11	+1.50646021768648E-14	+6.86852541411390E-02	+1.85640354156494E+01	+4.94777045794581E+06	+0.00000000000000E+00	+4.94777149806976E+06	+4.94774895004273E+06	+4.94779196594238E+06 	0	0	0	0
		B	s1	24	10:40:53 AM	0.0001169971	+7.41804052821469E-11	+1.50630834470075E-14	+6.86921789115771E-02	+1.85757198333740E+01	+4.94777047217458E+06	+0.00000000000000E+00	+4.94777152565003E+06	+4.94774895290375E+06	+4.94779199153900E+06 	0	0	0	0
		B	s1	25	10:40:54 AM	0.0001268309	+7.86760387612189E-11	+1.50559636755670E-14	+6.87246633435871E-02	+1.85603065490723E+01	+4.94777044392687E+06	+0.00000000000000E+00	+4.94777154285431E+06	+4.94774895267487E+06	+4.94779193527222E+06 	0	0	0	0
		B	s1	26	10:40:56 AM	0.0001370661	+7.30402323293135E-11	+1.50737549505061E-14	+6.86435491366066E-02	+1.85461330413818E+01	+4.94777043507673E+06	+0.00000000000000E+00	+4.94777150180817E+06	+4.94774893486023E+06	+4.94779193538666E+06 	0	0	0	0
		B	s1	27	10:40:58 AM	0.0001477026	+7.11321635284548E-11	+1.50831351873007E-14	+6.86008584686949E-02	+1.85271339416504E+01	+4.94777047421556E+06	+0.00000000000000E+00	+4.94777151313782E+06	+4.94774898265839E+06	+4.94779196586609E+06 	0	0	0	0
		B	s1	28	10:41:01 AM	0.0001587405	+2.10607542141282E-11	+1.51041982022420E-14	+6.85051939749757E-02	+1.85589141845703E+01	+4.94777046122623E+06	+0.00000000000000E+00	+4.94777151058197E+06	+4.94774890274048E+06	+4.94779201980591E+06 	0	0	0	0
		B	s1	29	10:41:03 AM	0.0001701798	+7.21203238883396E-11	+1.50648429201860E-14	+6.86841570313957E-02	+1.85457782745361E+01	+4.94777043946369E+06	+0.00000000000000E+00	+4.94777148521424E+06	+4.94774895236969E+06	+4.94779192665100E+06 	0	0	0	0
		B	s1	30	10:41:04 AM	0.0001820205	+7.24341925990235E-11	+1.50878131596028E-14	+6.85795902465881E-02	+1.85734310150147E+01	+4.94777042172507E+06	+0.00000000000000E+00	+4.94777151592255E+06	+4.94774886978150E+06	+4.94779197376251E+06 	0	0	0	0
		B	s1	31	10:41:06 AM	0.0001942626	+7.06269321316166E-11	+1.50661646664750E-14	+6.86781311075510E-02	+1.85566616058350E+01	+4.94777045029737E+06	+0.00000000000000E+00	+4.94777150531769E+06	+4.94774894870758E+06	+4.94779195198059E+06 	0	0	0	0
		B	s1	32	10:41:08 AM	0.0002069060	+7.24088627032369E-11	+1.51077868749571E-14	+6.84889214846080E-02	+1.85587081909180E+01	+4.94777045786927E+06	+0.00000000000000E+00	+4.94777154071808E+06	+4.94774889450073E+06	+4.94779202133179E+06 	0	0	0	0
		B	s1	33	10:41:09 AM	0.0002199508	+7.42267054415088E-11	+1.50839992467356E-14	+6.85969293936888E-02	+1.85304298400879E+01	+4.94777045256713E+06	+0.00000000000000E+00	+4.94777154716492E+06	+4.94774895595551E+06	+4.94779194927216E+06 	0	0	0	0
		B	s1	34	10:41:11 AM	0.0002333970	+7.56805600897692E-11	+1.50944585959854E-14	+6.85493966411944E-02	+1.85697555541992E+01	+4.94777045716358E+06	+0.00000000000000E+00	+4.94777154777527E+06	+4.94774889999390E+06	+4.94779201442719E+06 	0	0	0	0
		B	s1	35	10:41:13 AM	0.0002472446	+7.41048889060982E-11	+1.50774267063193E-14	+6.86268313627404E-02	+1.85418300628662E+01	+4.94777047968962E+06	+0.00000000000000E+00	+4.94777156044007E+06	+4.94774897922516E+06	+4.94779198024750E+06 	0	0	0	0
		B	s1	36	10:41:14 AM	0.0002614935	+7.72565829602163E-11	+1.51060004518021E-14	+6.84970209818442E-02	+1.85568313598633E+01	+4.94777045592380E+06	+0.00000000000000E+00	+4.94777154296875E+06	+4.94774889728546E+06	+4.94779201465607E+06 	0	0	0	0
		B	s1	37	10:41:16 AM	0.0002761439	+7.73236885113697E-11	+1.50988611702668E-14	+6.85294087437390E-02	+1.85576229095459E+01	+4.94777045878486E+06	+0.00000000000000E+00	+4.94777158596039E+06	+4.94774890941620E+06	+4.94779200824738E+06 	0	0	0	0
		B	s1	38	10:41:18 AM	0.0002911956	+8.15050480068289E-11	+1.50974834823725E-14	+6.85356611256292E-02	+1.85597267150879E+01	+4.94777049920158E+06	+0.00000000000000E+00	+4.94777163223267E+06	+4.94774894935608E+06	+4.94779204914093E+06 	0	0	0	0
		B	s1	39	10:41:19 AM	0.0003066487	+2.65346121662401E-11	+1.51123233222695E-14	+6.84683613740247E-02	+1.85298500061035E+01	+4.94777049290738E+06	+0.00000000000000E+00	+4.94777159469605E+06	+4.94774895660401E+06	+4.94779202930451E+06 	0	0	0	0
		B	s1	40	10:41:21 AM	0.0003225031	+8.02462935321973E-11	+1.51240866724339E-14	+6.84151067402563E-02	+1.85269489288330E+01	+4.94777051774101E+06	+0.00000000000000E+00	+4.94777160118103E+06	+4.94774896804810E+06	+4.94779206752777E+06 	0	0	0	0
		B	s1	41	10:41:23 AM	0.0003387590	+8.06249085575251E-11	+1.50868088899087E-14	+6.85841529403587E-02	+1.85412635803223E+01	+4.94777050759407E+06	+0.00000000000000E+00	+4.94777166084290E+06	+4.94774899440766E+06	+4.94779202087403E+06 	0	0	0	0
		B	s1	42	10:41:24 AM	0.0003554162	+7.91486753670527E-11	+1.51225675151307E-14	+6.84219798011212E-02	+1.85325984954834E+01	+4.94777050574376E+06	+0.00000000000000E+00	+4.94777161918640E+06	+4.94774895164490E+06	+4.94779205993653E+06 	0	0	0	0
		B	s1	43	10:41:26 AM	0.0003724748	+8.40992327412965E-11	+1.51352166960507E-14	+6.83647954492174E-02	+1.85294647216797E+01	+4.94777054293700E+06	+0.00000000000000E+00	+4.94777166351318E+06	+4.94774897445679E+06	+4.94779211151123E+06 	0	0	0	0
		B	s1	44	10:41:28 AM	0.0003899348	+8.32837351103500E-11	+1.51310227235992E-14	+6.83837447875470E-02	+1.85147190093994E+01	+4.94777053624231E+06	+0.00000000000000E+00	+4.94777166748047E+06	+4.94774899089813E+06	+4.94779208168030E+06 	0	0	0	0
		B	s1	45	10:41:29 AM	0.0004077962	-1.12762188794677E-11	+1.51253736577165E-14	+6.84092842618750E-02	+1.85250606536865E+01	+4.94777056059913E+06	+0.00000000000000E+00	+4.94777172756195E+06	+4.94774901126862E+06	+4.94779211002350E+06 	0	0	0	0
		B	s1	46	10:41:31 AM	0.0004260589	-1.46618927170879E-11	+1.51437562615798E-14	+6.83262440412598E-02	+1.85062255859375E+01	+4.94777056080892E+06	+0.00000000000000E+00	+4.94777169288635E+06	+4.94774900722504E+06	+4.94779211448670E+06 	0	0	0	0
		B	s1	47	10:41:33 AM	0.0004447230	+8.93727133880429E-11	+1.51461956186277E-14	+6.83152395044288E-02	+1.85237617492676E+01	+4.94777057219569E+06	+0.00000000000000E+00	+4.94777169197083E+06	+4.94774899471283E+06	+4.94779214977265E+06 	0	0	0	0
		B	s1	48	10:41:34 AM	0.0004637885	+8.86356826942697E-11	+1.51578706002643E-14	+6.82626212495669E-02	+1.85101814270020E+01	+4.94777057585779E+06	+0.00000000000000E+00	+4.94777169181824E+06	+4.94774899757385E+06	+4.94779215423584E+06 	0	0	0	0
		B	s1	49	10:41:36 AM	0.0004832554	+9.20205000228930E-11	+1.51281067007937E-14	+6.83969237909822E-02	+1.85194511413574E+01	+4.94777062037545E+06	+0.00000000000000E+00	+4.94777181133270E+06	+4.94774907367706E+06	+4.94779216716767E+06 	0	0	0	0
		B	s1	50	10:41:38 AM	0.0005031236	+9.12349153020374E-11	+1.51315276780689E-14	+6.83814605655286E-02	+1.84842052459717E+01	+4.94777061535928E+06	+0.00000000000000E+00	+4.94777178115845E+06	+4.94774910480499E+06	+4.94779212600708E+06 	0	0	0	0
		B	s1	51	10:41:39 AM	0.0005233933	+9.47423203294513E-11	+1.51531165178683E-14	+6.82840356945327E-02	+1.84866428375244E+01	+4.94777064889032E+06	+0.00000000000000E+00	+4.94777177619934E+06	+4.94774910480499E+06	+4.94779219306946E+06 	0	0	0	0
		B	s1	52	10:41:41 AM	0.0005440643	-5.47722581546972E-12	+1.51339856282820E-14	+6.83703532009422E-02	+1.85017852783203E+01	+4.94777066430174E+06	+0.00000000000000E+00	+4.94777180622101E+06	+4.94774912979126E+06	+4.94779219890595E+06 	0	0	0	0
		B	s1	53	10:41:43 AM	0.0005651367	+9.40889766920377E-11	+1.51560366830276E-14	+6.82708787617240E-02	+1.84820499420166E+01	+4.94777066393931E+06	+0.00000000000000E+00	+4.94777179046631E+06	+4.94774912105560E+06	+4.94779220691681E+06 	0	0	0	0
		B	s1	54	10:41:44 AM	0.0005866105	-3.81795272186133E-12	+1.51392550681611E-14	+6.83465556585928E-02	+1.84823875427246E+01	+4.94777067290395E+06	+0.00000000000000E+00	+4.94777182598114E+06	+4.94774915348053E+06	+4.94779219242096E+06 	0	0	0	0
		B	s1	55	10:41:46 AM	0.0006084856	-4.65188689930740E-12	+1.51578233159039E-14	+6.82628306522636E-02	+1.84792003631592E+01	+4.94777070416529E+06	+0.00000000000000E+00	+4.94777181964875E+06	+4.94774916206360E+06	+4.94779224636078E+06 	0	0	0	0
		B	s1	56	10:41:48 AM	0.0006307621	+9.65463736774970E-11	+1.51353675486253E-14	+6.83641095249117E-02	+1.84823989868164E+01	+4.94777070721717E+06	+0.00000000000000E+00	+4.94777186817169E+06	+4.94774919330597E+06	+4.94779222122193E+06 	0	0	0	0
		B	s1	57	10:41:49 AM	0.0006534400	-1.62488051971599E-12	+1.51648204113299E-14	+6.82313338394019E-02	+1.84765777587891E+01	+4.94777070887642E+06	+0.00000000000000E+00	+4.94777185535431E+06	+4.94774915988922E+06	+4.94779225795746E+06 	0	0	0	0
		B	s1	58	10:41:51 AM	0.0006765193	+5.26565332826845E-13	+1.51380837132688E-14	+6.83518429105180E-02	+1.84607830047607E+01	+4.94777071883302E+06	+0.00000000000000E+00	+4.94777188144684E+06	+4.94774922622681E+06	+4.94779221153259E+06 	0	0	0	0
		B	s1	59	10:41:53 AM	0.0007000000	-8.13053396548984E-13	+1.51489443269699E-14	+6.83028394597001E-02	+1.84576816558838E+01	+4.94777073697186E+06	+0.00000000000000E+00	+4.94777186485291E+06	+4.94774923255921E+06	+4.94779224147797E+06 	0	0	0	0
		T	s2 	60	10:46:34 AM	0.0007000000	+1.55903552908929E-12	+1.51121472235107E-14	+6.84691148957872E-02	+1.86686611175537E+01	+4.94777209446918E+06	+0.00000000000000E+00	+4.94777314445496E+06	+4.94775039707184E+06	+4.94779379196167E+06 	0.592000	0.148000	0.201764	0.041317
		T	s2 	61	10:46:40 AM	0.0006765193	+3.87199313786325E-11	+1.51092370280895E-14	+6.84822909521215E-02	+1.88555011749268E+01	+4.94777252087510E+06	+0.00000000000000E+00	+4.94777362400055E+06	+4.94775061054230E+06	+4.94779443130493E+06 	0.584000	0.156000	0.198117	0.041158
		T	s2 	62	10:46:45 AM	0.0006534400	+4.21818778593235E-11	+1.50963697056358E-14	+6.85406597153338E-02	+1.88552589416504E+01	+4.94777258612558E+06	+0.00000000000000E+00	+4.94777368774414E+06	+4.94775069473267E+06	+4.94779447761536E+06 	0.584000	0.148000	0.196122	0.040757
		T	s2 	63	10:46:50 AM	0.0006307621	+6.14649675468352E-12	+1.51077693797634E-14	+6.84889393929069E-02	+1.89938449859619E+01	+4.94777267582740E+06	+0.00000000000000E+00	+4.94777382633209E+06	+4.94775060688019E+06	+4.94779474487305E+06 	0.576000	0.148000	0.193715	0.039379
		T	s2 	64	10:46:56 AM	0.0006084856	+4.93890410198342E-11	+1.51249396345083E-14	+6.84111886929975E-02	+1.89697246551514E+01	+4.94777268086282E+06	+0.00000000000000E+00	+4.94777382705689E+06	+4.94775061489105E+06	+4.94779474693299E+06 	0.584000	0.142000	0.189512	0.039070
		T	s2 	65	10:47:01 AM	0.0005866105	+1.24174250878908E-11	+1.50913017817596E-14	+6.85636722870521E-02	+1.89918098449707E+01	+4.94777275153019E+06	+0.00000000000000E+00	+4.94777390148163E+06	+4.94775070899964E+06	+4.94779479415894E+06 	0.576000	0.136000	0.186584	0.038164
		T	s2 	66	10:47:06 AM	0.0005651367	+9.56863378889986E-12	+1.50915459815012E-14	+6.85625630012443E-02	+1.89922256469727E+01	+4.94777274580814E+06	+0.00000000000000E+00	+4.94777386745453E+06	+4.94775070243836E+06	+4.94779478927613E+06 	0.560000	0.152000	0.182331	0.037487
		T	s2 	67	10:47:12 AM	0.0005440643	+9.71982912564604E-12	+1.51086082157997E-14	+6.84851346881047E-02	+1.90019493103027E+01	+4.94777275425753E+06	+0.00000000000000E+00	+4.94777387683869E+06	+4.94775067466736E+06	+4.94779483394623E+06 	0.552000	0.132000	0.178825	0.037243
		T	s2 	68	10:47:18 AM	0.0005233933	+5.17692586257541E-11	+1.50956852360718E-14	+6.85437639857124E-02	+1.90202045440674E+01	+4.94777271262010E+06	+0.00000000000000E+00	+4.94777387912750E+06	+4.94775063072205E+06	+4.94779479461670E+06 	0.520000	0.136000	0.175246	0.036483
		T	s2 	69	10:47:24 AM	0.0005031236	+7.57560364990993E-12	+1.50896400004238E-14	+6.85712229394458E-02	+1.90318508148193E+01	+4.94777275441009E+06	+0.00000000000000E+00	+4.94777385181427E+06	+4.94775066783905E+06	+4.94779484107971E+06 	0.536000	0.122000	0.172334	0.035899
		T	s2 	70	10:47:30 AM	0.0004832554	+5.42853504277187E-11	+1.51098793282929E-14	+6.84793747791895E-02	+1.90275154113770E+01	+4.94777270457096E+06	+0.00000000000000E+00	+4.94777390026093E+06	+4.94775059341431E+06	+4.94779481582642E+06 	0.544000	0.142000	0.168833	0.035109
		T	s2 	71	10:47:35 AM	0.0004637885	+5.59691007646376E-11	+1.50998079550518E-14	+6.85250491388392E-02	+1.90332260131836E+01	+4.94777272198509E+06	+0.00000000000000E+00	+4.94777389461517E+06	+4.94775061893463E+06	+4.94779482513428E+06 	0.512000	0.134000	0.164742	0.033921
		T	s2 	72	10:47:41 AM	0.0004447230	+5.04197181144362E-11	+1.51189769484998E-14	+6.84381690272744E-02	+1.90116043090820E+01	+4.94777267939398E+06	+0.00000000000000E+00	+4.94777384273529E+06	+4.94775057342530E+06	+4.94779478546143E+06 	0.504000	0.130000	0.161211	0.033541
		T	s2 	73	10:47:46 AM	0.0004260589	+5.50743199704694E-11	+1.50948296692956E-14	+6.85476487945925E-02	+1.90498046875000E+01	+4.94777272036379E+06	+0.00000000000000E+00	+4.94777391811371E+06	+4.94775060535431E+06	+4.94779483547211E+06 	0.512000	0.132000	0.157925	0.033058
		T	s2 	74	10:47:52 AM	0.0004077962	+1.11209516930252E-11	+1.50800394021540E-14	+6.86148776154305E-02	+1.90577487945557E+01	+4.94777277958702E+06	+0.00000000000000E+00	+4.94777389980316E+06	+4.94775067703247E+06	+4.94779488224030E+06 	0.536000	0.126000	0.156396	0.032135
		T	s2 	75	10:47:57 AM	0.0003899348	+5.64476622637799E-11	+1.50999892367927E-14	+6.85242263668672E-02	+1.90536098480225E+01	+4.94777272558987E+06	+0.00000000000000E+00	+4.94777384170532E+06	+4.94775059860230E+06	+4.94779485267639E+06 	0.472000	0.122000	0.151369	0.031828
		T	s2 	76	10:48:03 AM	0.0003724748	+5.53008947715612E-11	+1.50897144889782E-14	+6.85708851426757E-02	+1.90334663391113E+01	+4.94777272927122E+06	+0.00000000000000E+00	+4.94777389663696E+06	+4.94775064071655E+06	+4.94779481792450E+06 	0.464000	0.118000	0.148129	0.031036
		T	s2 	77	10:48:08 AM	0.0003554162	+5.63230406689587E-11	+1.50688828097959E-14	+6.86656779572697E-02	+1.90133171081543E+01	+4.94777278872352E+06	+0.00000000000000E+00	+4.94777385826111E+06	+4.94775075401306E+06	+4.94779482353211E+06 	0.456000	0.124000	0.144453	0.030218
		T	s2 	78	10:48:13 AM	0.0003387590	+5.52089304384251E-11	+1.50685434067747E-14	+6.86672231221661E-02	+1.90413951873779E+01	+4.94777284121361E+06	+0.00000000000000E+00	+4.94777386989594E+06	+4.94775077445984E+06	+4.94779490806580E+06 	0.448000	0.112000	0.141094	0.029531
		T	s2 	79	10:48:19 AM	0.0003225031	+1.48239257570967E-11	+1.50583991938920E-14	+6.87134786548252E-02	+1.90679244995117E+01	+4.94777293841203E+06	+0.00000000000000E+00	+4.94777395561218E+06	+4.94775085578919E+06	+4.94779502113343E+06 	0.424000	0.120000	0.139408	0.028782
		T	s2 	80	10:48:25 AM	0.0003066487	+2.50043820393802E-11	+1.50231746389211E-14	+6.88745871628448E-02	+1.90997390747070E+01	+4.94777303513374E+06	+0.00000000000000E+00	+4.94777408226013E+06	+4.94775096740723E+06	+4.94779510295868E+06 	0.432000	0.110000	0.135793	0.027932
		T	s2 	81	10:48:31 AM	0.0002911956	+3.48615104252396E-11	+1.50556442099441E-14	+6.87260468192041E-02	+1.90997943878174E+01	+4.94777313618486E+06	+0.00000000000000E+00	+4.94777420066834E+06	+4.94775102069855E+06	+4.94779525177002E+06 	0.432000	0.114000	0.130996	0.027683
		T	s2 	82	10:48:36 AM	0.0002761439	+3.60529259235590E-11	+1.50362840448311E-14	+6.88145349056126E-02	+1.91039505004883E+01	+4.94777317351178E+06	+0.00000000000000E+00	+4.94777419776917E+06	+4.94775108165741E+06	+4.94779526546478E+06 	0.424000	0.122000	0.128895	0.026796
		T	s2 	83	10:48:42 AM	0.0002614935	+3.78163301442877E-11	+1.50268348717504E-14	+6.88578057547863E-02	+1.91160621643066E+01	+4.94777321307019E+06	+0.00000000000000E+00	+4.94777424304962E+06	+4.94775112110138E+06	+4.94779530513764E+06 	0.432000	0.098000	0.123717	0.025940
		T	s2 	84	10:48:48 AM	0.0002472446	+3.79109068618752E-11	+1.50131851669647E-14	+6.89204093226269E-02	+1.90940933227539E+01	+4.94777323641634E+06	+0.00000000000000E+00	+4.94777425708771E+06	+4.94775118988037E+06	+4.94779528305054E+06 	0.400000	0.118000	0.121247	0.025497
		T	s2 	85	10:48:54 AM	0.0002333970	+4.30882609479431E-11	+1.50280229681093E-14	+6.88523589009998E-02	+1.90861816406250E+01	+4.94777332241863E+06	+0.00000000000000E+00	+4.94777431541443E+06	+4.94775126323700E+06	+4.94779538169861E+06 	0.408000	0.112000	0.118544	0.024401
		T	s2 	86	10:48:59 AM	0.0002199508	+4.36344597128442E-11	+1.50238027579987E-14	+6.88716995564479E-02	+1.91078853607178E+01	+4.94777332535586E+06	+0.00000000000000E+00	+4.94777430309296E+06	+4.94775124729157E+06	+4.94779540351868E+06 	0.376000	0.100000	0.113810	0.023637
		T	s2 	87	10:49:04 AM	0.0002069060	+5.03807206236698E-11	+1.50202993543829E-14	+6.88877613691864E-02	+1.90913887023926E+01	+4.94777340216490E+06	+0.00000000000000E+00	+4.94777442687988E+06	+4.94775134830475E+06	+4.94779545612335E+06 	0.368000	0.102000	0.111600	0.023622
		T	s2 	88	10:49:10 AM	0.0001942626	+1.63248003426206E-12	+1.50164132253300E-14	+6.89055891510592E-02	+1.90857429504395E+01	+4.94777339592793E+06	+0.00000000000000E+00	+4.94777439510346E+06	+4.94775135429383E+06	+4.94779543766022E+06 	0.360000	0.088000	0.106538	0.023018
		T	s2 	89	10:49:16 AM	0.0001820205	+6.73606793073304E-12	+1.50251001857048E-14	+6.88657495803785E-02	+1.90779762268066E+01	+4.94777342800951E+06	+0.00000000000000E+00	+4.94777447097778E+06	+4.94775138259888E+06	+4.94779547351837E+06 	0.336000	0.098000	0.102537	0.022525
		T	s2 	90	10:49:22 AM	0.0001701798	+8.26744739633030E-12	+1.50031010295947E-14	+6.89667260510321E-02	+1.90800800323486E+01	+4.94777349539627E+06	+0.00000000000000E+00	+4.94777448619843E+06	+4.94775147983551E+06	+4.94779551105499E+06 	0.344000	0.094000	0.100674	0.021352
		T	s2 	91	10:49:28 AM	0.0001587405	+5.86691313273955E-11	+1.50156490964032E-14	+6.89090914680879E-02	+1.90926094055176E+01	+4.94777354700898E+06	+0.00000000000000E+00	+4.94777455184937E+06	+4.94775149856568E+06	+4.94779559555054E+06 	0.360000	0.116000	0.096293	0.021327
		T	s2 	92	10:49:34 AM	0.0001477026	+6.88356556102444E-11	+1.50172443449404E-14	+6.89017697226534E-02	+1.90853786468506E+01	+4.94777360752918E+06	+0.00000000000000E+00	+4.94777463832855E+06	+4.94775156509400E+06	+4.94779565006256E+06 	0.336000	0.092000	0.094169	0.020563
		T	s2 	93	10:49:40 AM	0.0001370661	+1.93446865098772E-11	+1.50064539631457E-14	+6.89513122461745E-02	+1.90724773406982E+01	+4.94777365248552E+06	+0.00000000000000E+00	+4.94777464145661E+06	+4.94775164077759E+06	+4.94779566429138E+06 	0.312000	0.084000	0.091176	0.019720
		T	s2 	94	10:49:45 AM	0.0001268309	+2.78849666101047E-11	+1.50182433838848E-14	+6.88971823646559E-02	+1.90505523681641E+01	+4.94777374741430E+06	+0.00000000000000E+00	+4.94777472869873E+06	+4.94775174373627E+06	+4.94779575119019E+06 	0.320000	0.112000	0.087560	0.018798
		T	s2 	95	10:49:51 AM	0.0001169971	+3.45135604775394E-11	+1.49871567104257E-14	+6.90400888903456E-02	+1.90839443206787E+01	+4.94777379933236E+06	+0.00000000000000E+00	+4.94777480831146E+06	+4.94775180271149E+06	+4.94779579605103E+06 	0.296000	0.084000	0.084319	0.018708
		T	s2 	96	10:49:56 AM	0.0001075647	-6.23813673277553E-12	+1.50148473161137E-14	+6.89127616587304E-02	+1.90706176757813E+01	+4.94777388794767E+06	+0.00000000000000E+00	+4.94777491260529E+06	+4.94775186607361E+06	+4.94779590991974E+06 	0.288000	0.082000	0.079217	0.017310
		T	s2 	97	10:50:02 AM	0.0000985337	-8.39859359286309E-12	+1.50272821248198E-14	+6.88557355832602E-02	+1.90416336059570E+01	+4.94777395947331E+06	+0.00000000000000E+00	+4.94777490371704E+06	+4.94775195285797E+06	+4.94779596618653E+06 	0.296000	0.088000	0.078348	0.017549
		T	s2 	98	10:50:08 AM	0.0000899041	+5.16088693237946E-11	+1.50101192047358E-14	+6.89344648699452E-02	+1.90386714935303E+01	+4.94777403002626E+06	+0.00000000000000E+00	+4.94777499485016E+06	+4.94775205196381E+06	+4.94779600818634E+06 	0.264000	0.080000	0.074072	0.017033
		T	s2 	99	10:50:14 AM	0.0000816758	+7.94751923634578E-12	+1.50317022826478E-14	+6.88354849584437E-02	+1.90442333221436E+01	+4.94777407458176E+06	+0.00000000000000E+00	+4.94777510459900E+06	+4.94775205848694E+06	+4.94779609077454E+06 	0.248000	0.082000	0.070504	0.016455
		T	s2 	100	10:50:19 AM	0.0000738489	+1.13695949438896E-11	+1.50220366176645E-14	+6.88797745967997E-02	+1.90072555541992E+01	+4.94777412279978E+06	+0.00000000000000E+00	+4.94777514923096E+06	+4.94775216358185E+06	+4.94779608211517E+06 	0.256000	0.074000	0.066541	0.015300
		T	s2 	101	10:50:25 AM	0.0000664234	-2.71185561451199E-11	+1.50429550117137E-14	+6.87839876233343E-02	+1.90380477905273E+01	+4.94777427788601E+06	+0.00000000000000E+00	+4.94777529338837E+06	+4.94775225246430E+06	+4.94779630340576E+06 	0.232000	0.086000	0.065933	0.015099
		T	s2 	102	10:50:30 AM	0.0000593993	+2.47565998827606E-11	+1.50161045739334E-14	+6.89069794515205E-02	+1.90247383117676E+01	+4.94777433054815E+06	+0.00000000000000E+00	+4.94777533828735E+06	+4.94775235980988E+06	+4.94779630138397E+06 	0.208000	0.078000	0.060881	0.014460
		T	s2 	103	10:50:36 AM	0.0000527765	+3.15789542354324E-11	+1.50469196586714E-14	+6.87658593671662E-02	+1.89561576843262E+01	+4.94777444569493E+06	+0.00000000000000E+00	+4.94777546039582E+06	+4.94775250923157E+06	+4.94779638225556E+06 	0.232000	0.068000	0.056662	0.013349
		T	s2 	104	10:50:42 AM	0.0000465551	+3.65941455310220E-11	+1.50138430571921E-14	+6.89173536057757E-02	+1.89783611297607E+01	+4.94777451790725E+06	+0.00000000000000E+00	+4.94777552322388E+06	+4.94775260402680E+06	+4.94779643188477E+06 	0.200000	0.064000	0.055021	0.012993
		T	s2 	105	10:50:48 AM	0.0000407351	+4.26881483453505E-11	+1.50101413518118E-14	+6.89343483253432E-02	+1.89936981201172E+01	+4.94777456236750E+06	+0.00000000000000E+00	+4.94777557064057E+06	+4.94775263618469E+06	+4.94779648864746E+06 	0.192000	0.084000	0.054015	0.012395
		T	s2 	106	10:50:53 AM	0.0000353165	+4.82042991861085E-11	+1.50463571652437E-14	+6.87684284211404E-02	+1.90492515563965E+01	+4.94777450651981E+06	+0.00000000000000E+00	+4.94777568092346E+06	+4.94775246315003E+06	+4.94779654998779E+06 	0.200000	0.056000	0.050246	0.012443
		T	s2 	107	10:50:59 AM	0.0000302993	+5.58540855991379E-11	+1.50251876600638E-14	+6.88653140813253E-02	+1.90414104461670E+01	+4.94777466999884E+06	+0.00000000000000E+00	+4.94777574409485E+06	+4.94775266670227E+06	+4.94779667339325E+06 	0.192000	0.056000	0.044176	0.012556
		T	s2 	108	10:51:05 AM	0.0000256834	+5.83219844090520E-11	+1.50415958495731E-14	+6.87901897115333E-02	+1.90150489807129E+01	+4.94777475436089E+06	+0.00000000000000E+00	+4.94777581398011E+06	+4.94775275753021E+06	+4.94779675128937E+06 	0.192000	0.068000	0.045351	0.011526
		T	s2 	109	10:51:11 AM	0.0000214689	+1.15093111345822E-10	+1.50289021423825E-14	+6.88482905847864E-02	+1.90685520172119E+01	+4.94777477871754E+06	+0.00000000000000E+00	+4.94777583808899E+06	+4.94775273860932E+06	+4.94779681892395E+06 	0.152000	0.058000	0.037236	0.010986
		T	s2 	110	10:51:17 AM	0.0000176558	+6.64634953200809E-11	+1.50546666090522E-14	+6.87304625788515E-02	+1.90438251495361E+01	+4.94777483097886E+06	+0.00000000000000E+00	+4.94777588302613E+06	+4.94775278171539E+06	+4.94779688034058E+06 	0.184000	0.074000	0.035071	0.010684
		T	s2 	111	10:51:22 AM	0.0000142441	-6.47381480275671E-11	+1.50553945370232E-14	+6.87271372609514E-02	+1.90506954193115E+01	+4.94777491022915E+06	+0.00000000000000E+00	+4.94777596355439E+06	+4.94775285194397E+06	+4.94779696861267E+06 	0.144000	0.068000	0.036383	0.010443
		T	s2 	112	10:51:28 AM	0.0000112338	+3.44426686538998E-11	+1.50036275332559E-14	+6.89642660139651E-02	+1.90722751617432E+01	+4.94777492573612E+06	+0.00000000000000E+00	+4.94777602176666E+06	+4.94775291839600E+06	+4.94779693317414E+06 	0.192000	0.050000	0.030724	0.010535
		T	s2 	113	10:51:34 AM	0.0000086248	+9.07302394617703E-11	+1.50274471165547E-14	+6.88549501495623E-02	+1.90290718078613E+01	+4.94777501728892E+06	+0.00000000000000E+00	+4.94777612663269E+06	+4.94775302494049E+06	+4.94779700973511E+06 	0.120000	0.058000	0.030658	0.010244
		T	s2 	114	10:51:40 AM	0.0000064172	+8.89816902064143E-11	+1.50317439731695E-14	+6.88352666876136E-02	+1.89937362670898E+01	+4.94777505772487E+06	+0.00000000000000E+00	+4.94777610542297E+06	+4.94775309993744E+06	+4.94779701560974E+06 	0.120000	0.058000	0.029544	0.010337
		T	s2 	115	10:51:46 AM	0.0000046110	-5.48691129335703E-11	+1.50561751674028E-14	+6.87235701613336E-02	+1.90573825836182E+01	+4.94777504504051E+06	+0.00000000000000E+00	+4.94777620349884E+06	+4.94775297786713E+06	+4.94779711231232E+06 	0.152000	0.060000	0.024323	0.009093
		T	s2 	116	10:51:52 AM	0.0000032062	+4.14747615544628E-11	+1.50046753775925E-14	+6.89594441449290E-02	+1.90685615539551E+01	+4.94777513317937E+06	+0.00000000000000E+00	+4.94777624534607E+06	+4.94775312858582E+06	+4.94779713787079E+06 	0.120000	0.056000	0.023634	0.008043
		T	s2 	117	10:51:57 AM	0.0000022028	+9.29911031412587E-11	+1.50347065172027E-14	+6.88217023276107E-02	+1.92234706878662E+01	+4.94777507843747E+06	+0.00000000000000E+00	+4.94777615058899E+06	+4.94775285068512E+06	+4.94779730628968E+06 	0.112000	0.042000	0.022836	0.008578
		T	s2 	118	10:52:02 AM	0.0000016007	+4.57062792265359E-11	+1.50355995655053E-14	+6.88176155823660E-02	+1.92333145141602E+01	+4.94777504391440E+06	+0.00000000000000E+00	+4.94777620979309E+06	+4.94775280345917E+06	+4.94779728446961E+06 	0.096000	0.050000	0.027340	0.010067
		T	s2 	119	10:52:07 AM	0.0000014000	+8.58359923025020E-11	+1.50835845835676E-14	+6.85986895701707E-02	+1.91474819183350E+01	+4.94777498293659E+06	+0.00000000000000E+00	+4.94777603885651E+06	+4.94775277107239E+06	+4.94779719490051E+06 	0.096000	0.044000	0.019250	0.008933
		B	s3	120	10:54:31 AM	0.0000014000	+6.65832589584973E-12	+1.50950866429025E-14	+6.85465481146666E-02	+1.89088783264160E+01	+4.94777032929319E+06	+0.00000000000000E+00	+4.94777133724213E+06	+4.94774837753296E+06	+4.94779228115082E+06 	0	0	0	0
		B	s3	121	10:54:32 AM	0.0000016007	+1.16430577598373E-10	+1.50666663839362E-14	+6.86758464586411E-02	+1.89760513305664E+01	+4.94777036667706E+06	+0.00000000000000E+00	+4.94777133869171E+06	+4.94774837841034E+06	+4.94779235504151E+06 	0	0	0	0
		B	s3	122	10:54:34 AM	0.0000022028	+7.25612906256439E-11	+1.50905122477530E-14	+6.85673275534518E-02	+1.88482971191406E+01	+4.94777029730730E+06	+0.00000000000000E+00	+4.94777144515991E+06	+4.94774842250824E+06	+4.94779217220307E+06 	0	0	0	0
		B	s3	123	10:54:37 AM	0.0000032062	+7.29703779787080E-11	+1.50504618560034E-14	+6.87497862245119E-02	+1.88163909912109E+01	+4.94777044329618E+06	+0.00000000000000E+00	+4.94777152248383E+06	+4.94774866348267E+06	+4.94779222320557E+06 	0	0	0	0
		B	s3	124	10:54:39 AM	0.0000046110	-1.86885394010518E-11	+1.50745945441108E-14	+6.86397239845614E-02	+1.88394565582275E+01	+4.94777050663896E+06	+0.00000000000000E+00	+4.94777162151337E+06	+4.94774866516114E+06	+4.94779234821320E+06 	0	0	0	0
		B	s3	125	10:54:42 AM	0.0000064172	+7.79344162350163E-11	+1.50548069136984E-14	+6.87299424434440E-02	+1.88235950469971E+01	+4.94777049710242E+06	+0.00000000000000E+00	+4.94777157176972E+06	+4.94774870265961E+06	+4.94779229164124E+06 	0	0	0	0
		B	s3	126	10:54:44 AM	0.0000086248	+8.17234554689141E-11	+1.50752155932292E-14	+6.86368959904540E-02	+1.88460998535156E+01	+4.94777051615659E+06	+0.00000000000000E+00	+4.94777161418915E+06	+4.94774866607666E+06	+4.94779236633301E+06 	0	0	0	0
		B	s3	127	10:54:47 AM	0.0000112338	+7.61899325496044E-11	+1.50818412498637E-14	+6.86067427932156E-02	+1.88002624511719E+01	+4.94777051909410E+06	+0.00000000000000E+00	+4.94777155727387E+06	+4.94774871257782E+06	+4.94779232570648E+06 	0	0	0	0
		B	s3	128	10:54:49 AM	0.0000142441	+7.61342856717966E-11	+1.50493014344417E-14	+6.87550849834029E-02	+1.88335132598877E+01	+4.94777052964177E+06	+0.00000000000000E+00	+4.94777163604736E+06	+4.94774873168945E+06	+4.94779232769013E+06 	0	0	0	0
		B	s3	129	10:54:52 AM	0.0000176558	+7.25886835375369E-11	+1.50734375213604E-14	+6.86449918032713E-02	+1.87482547760010E+01	+4.94777053912158E+06	+0.00000000000000E+00	+4.94777162445069E+06	+4.94774880504608E+06	+4.94779227329254E+06 	0	0	0	0
		B	s3	130	10:54:54 AM	0.0000214689	+7.77942800679415E-11	+1.50152705450521E-14	+6.89109122614466E-02	+1.87529983520508E+01	+4.94777054865866E+06	+0.00000000000000E+00	+4.94777160503388E+06	+4.94774889297486E+06	+4.94779220443726E+06 	0	0	0	0
		B	s3	131	10:54:57 AM	0.0000256834	+7.55007970119351E-11	+1.50112529525049E-14	+6.89293562732314E-02	+1.86949062347412E+01	+4.94777052054466E+06	+0.00000000000000E+00	+4.94777161605835E+06	+4.94774893772125E+06	+4.94779210346222E+06 	0	0	0	0
		B	s3	132	10:54:59 AM	0.0000302993	+7.92245058705089E-11	+1.50521529135570E-14	+6.87420601373903E-02	+1.87624416351318E+01	+4.94777052554132E+06	+0.00000000000000E+00	+4.94777155071259E+06	+4.94774880573273E+06	+4.94779224544525E+06 	0	0	0	0
		B	s3	133	10:55:01 AM	0.0000353165	+7.92130096652289E-11	+1.50285667937605E-14	+6.88499454509152E-02	+1.87171325683594E+01	+4.94777051795045E+06	+0.00000000000000E+00	+4.94777157245636E+06	+4.94774888454437E+06	+4.94779215145111E+06 	0	0	0	0
		B	s3	134	10:55:03 AM	0.0000407351	+7.93000072422907E-11	+1.50357102319011E-14	+6.88172349107168E-02	+1.86563816070557E+01	+4.94777052004879E+06	+0.00000000000000E+00	+4.94777158000946E+06	+4.94774894660950E+06	+4.94779209358216E+06 	0	0	0	0
		B	s3	135	10:55:05 AM	0.0000465551	+7.43762698750587E-11	+1.50682850046660E-14	+6.86684666871475E-02	+1.86130714416504E+01	+4.94777046315260E+06	+0.00000000000000E+00	+4.94777159454346E+06	+4.94774889316559E+06	+4.94779203323364E+06 	0	0	0	0
		B	s3	136	10:55:07 AM	0.0000527765	-2.43728497856323E-11	+1.50911704863304E-14	+6.85643324471853E-02	+1.85931606292725E+01	+4.94777045510355E+06	+0.00000000000000E+00	+4.94777156867981E+06	+4.94774887546539E+06	+4.94779203483582E+06 	0	0	0	0
		B	s3	137	10:55:09 AM	0.0000593993	+2.31388650737758E-11	+1.50708196077677E-14	+6.86569179493497E-02	+1.86181526184082E+01	+4.94777046706262E+06	+0.00000000000000E+00	+4.94777152915955E+06	+4.94774888755799E+06	+4.94779204666138E+06 	0	0	0	0
		B	s3	138	10:55:11 AM	0.0000664234	+6.99437654012611E-11	+1.50875757315044E-14	+6.85806680646017E-02	+1.85934810638428E+01	+4.94777047207897E+06	+0.00000000000000E+00	+4.94777155197144E+06	+4.94774889720917E+06	+4.94779204704285E+06 	0	0	0	0
		B	s3	139	10:55:12 AM	0.0000738489	+7.19058477883295E-11	+1.50306433349116E-14	+6.88404351304335E-02	+1.86470127105713E+01	+4.94777046174123E+06	+0.00000000000000E+00	+4.94777155563355E+06	+4.94774890640259E+06	+4.94779201717377E+06 	0	0	0	0
		B	s3	140	10:55:14 AM	0.0000816758	-2.71392855100145E-11	+1.50424421603693E-14	+6.87864392385834E-02	+1.85816230773926E+01	+4.94777044692138E+06	+0.00000000000000E+00	+4.94777151706696E+06	+4.94774895030976E+06	+4.94779194362641E+06 	0	0	0	0
		B	s3	141	10:55:16 AM	0.0000899041	+7.38091079207226E-11	+1.50553380157246E-14	+6.87275191243003E-02	+1.85692977905273E+01	+4.94777045233823E+06	+0.00000000000000E+00	+4.94777150451660E+06	+4.94774895156861E+06	+4.94779195320130E+06 	0	0	0	0
		B	s3	142	10:55:17 AM	0.0000985337	+7.18151947089660E-11	+1.50313407283512E-14	+6.88372400444125E-02	+1.85884494781494E+01	+4.94777050372226E+06	+0.00000000000000E+00	+4.94777152141571E+06	+4.94774901508331E+06	+4.94779199245453E+06 	0	0	0	0
		B	s3	143	10:55:19 AM	0.0001075647	+7.35263809618823E-11	+1.50614656725910E-14	+6.86995583534594E-02	+1.85856685638428E+01	+4.94777043210115E+06	+0.00000000000000E+00	+4.94777152927399E+06	+4.94774890361786E+06	+4.94779196067810E+06 	0	0	0	0
		B	s3	144	10:55:21 AM	0.0001169971	+7.25403401262439E-11	+1.50468908351818E-14	+6.87661017253377E-02	+1.85711021423340E+01	+4.94777046567064E+06	+0.00000000000000E+00	+4.94777155723572E+06	+4.94774897487641E+06	+4.94779195655823E+06 	0	0	0	0
		B	s3	145	10:55:22 AM	0.0001268309	+7.23276397329657E-11	+1.50544597370086E-14	+6.87315290445106E-02	+1.85201358795166E+01	+4.94777043974998E+06	+0.00000000000000E+00	+4.94777152896881E+06	+4.94774899715424E+06	+4.94779188243866E+06 	0	0	0	0
		B	s3	146	10:55:24 AM	0.0001370661	+7.33235957468472E-11	+1.50468799976716E-14	+6.87661512652275E-02	+1.85330581665039E+01	+4.94777046527029E+06	+0.00000000000000E+00	+4.94777154464722E+06	+4.94774901851654E+06	+4.94779191211701E+06 	0	0	0	0
		B	s3	147	10:55:26 AM	0.0001477026	+7.28281530482291E-11	+1.50818904916712E-14	+6.86065208740395E-02	+1.85163631439209E+01	+4.94777044411766E+06	+0.00000000000000E+00	+4.94777150676728E+06	+4.94774896682739E+06	+4.94779192150116E+06 	0	0	0	0
		B	s3	148	10:55:27 AM	0.0001587405	+7.12586831969513E-11	+1.50772482984670E-14	+6.86276438719032E-02	+1.85456848144531E+01	+4.94777046334362E+06	+0.00000000000000E+00	+4.94777154800415E+06	+4.94774895866394E+06	+4.94779196811676E+06 	0	0	0	0
		B	s3	149	10:55:29 AM	0.0001701798	+7.28688284465818E-11	+1.50459815246679E-14	+6.87702584610205E-02	+1.85264015197754E+01	+4.94777043595438E+06	+0.00000000000000E+00	+4.94777156124115E+06	+4.94774899818421E+06	+4.94779187381745E+06 	0	0	0	0
		B	s3	150	10:55:31 AM	0.0001820205	+7.30396852177734E-11	+1.50713590505061E-14	+6.86544607135297E-02	+1.85203170776367E+01	+4.94777046086423E+06	+0.00000000000000E+00	+4.94777153144837E+06	+4.94774899398804E+06	+4.94779192783356E+06 	0	0	0	0
		B	s3	151	10:55:32 AM	0.0001942626	+7.42849508270285E-11	+1.50889239536224E-14	+6.85745404786194E-02	+1.85444011688232E+01	+4.94777046420186E+06	+0.00000000000000E+00	+4.94777154800415E+06	+4.94774894435883E+06	+4.94779198413849E+06 	0	0	0	0
		B	s3	152	10:55:34 AM	0.0002069060	+7.03505486905161E-11	+1.50872407269748E-14	+6.85821919406433E-02	+1.85356540679932E+01	+4.94777043322657E+06	+0.00000000000000E+00	+4.94777154056549E+06	+4.94774892593384E+06	+4.94779194061280E+06 	0	0	0	0
		B	s3	153	10:55:36 AM	0.0002199508	+7.41221599061905E-11	+1.50728327588255E-14	+6.86477482232751E-02	+1.85452766418457E+01	+4.94777045989135E+06	+0.00000000000000E+00	+4.94777157718659E+06	+4.94774896198273E+06	+4.94779195789337E+06 	0	0	0	0
		B	s3	154	10:55:37 AM	0.0002333970	+7.35098213126677E-11	+1.51108861352682E-14	+6.84748742121074E-02	+1.85326137542725E+01	+4.94777046202741E+06	+0.00000000000000E+00	+4.94777154701233E+06	+4.94774892456055E+06	+4.94779199958801E+06 	0	0	0	0
		B	s3	155	10:55:39 AM	0.0002472446	+7.98123177103989E-11	+1.50748082076813E-14	+6.86387527928927E-02	+1.85464000701904E+01	+4.94777044619657E+06	+0.00000000000000E+00	+4.94777157367706E+06	+4.94774894416809E+06	+4.94779194831848E+06 	0	0	0	0
		B	s3	156	10:55:41 AM	0.0002614935	+7.73147908271673E-11	+1.50931535433720E-14	+6.85553234679443E-02	+1.85229206085205E+01	+4.94777047165968E+06	+0.00000000000000E+00	+4.94777156257630E+06	+4.94774897071839E+06	+4.94779197269440E+06 	0	0	0	0
		B	s3	157	10:55:42 AM	0.0002761439	+7.74907181866634E-11	+1.51079244511811E-14	+6.84882971703813E-02	+1.85274314880371E+01	+4.94777048092927E+06	+0.00000000000000E+00	+4.94777156742096E+06	+4.94774895370484E+06	+4.94779200824738E+06 	0	0	0	0
		B	s3	158	10:55:44 AM	0.0002911956	+7.89483023394329E-11	+1.50959988919777E-14	+6.85424011161591E-02	+1.85477848052979E+01	+4.94777050038420E+06	+0.00000000000000E+00	+4.94777159168244E+06	+4.94774896652222E+06	+4.94779203433991E+06 	0	0	0	0
		B	s3	159	10:55:46 AM	0.0003066487	+7.80503082649490E-11	+1.51043375419448E-14	+6.85045611299865E-02	+1.85254440307617E+01	+4.94777049281209E+06	+0.00000000000000E+00	+4.94777160118103E+06	+4.94774897300720E+06	+4.94779201271057E+06 	0	0	0	0
		B	s3	160	10:55:47 AM	0.0003225031	+8.20122343092051E-11	+1.51074262662863E-14	+6.84905548392235E-02	+1.85212459564209E+01	+4.94777051026433E+06	+0.00000000000000E+00	+4.94777161563873E+06	+4.94774899093628E+06	+4.94779202968598E+06 	0	0	0	0
		B	s3	161	10:55:49 AM	0.0003387590	+8.28278518701695E-11	+1.51112941888085E-14	+6.84730238029725E-02	+1.85298480987549E+01	+4.94777051142775E+06	+0.00000000000000E+00	+4.94777161109925E+06	+4.94774897659302E+06	+4.94779204635620E+06 	0	0	0	0
		B	s3	162	10:55:51 AM	0.0003554162	+8.11150711326534E-11	+1.50944616957282E-14	+6.85493805605491E-02	+1.85035209655762E+01	+4.94777052947150E+06	+0.00000000000000E+00	+4.94777164131165E+06	+4.94774904918671E+06	+4.94779200984955E+06 	0	0	0	0
		B	s3	163	10:55:52 AM	0.0003724748	+8.43946773008936E-11	+1.51263943797611E-14	+6.84046688411053E-02	+1.85006275177002E+01	+4.94777053145496E+06	+0.00000000000000E+00	+4.94777164981842E+06	+4.94774900909424E+06	+4.94779205390930E+06 	0	0	0	0
		B	s3	164	10:55:54 AM	0.0003899348	+8.72127977321475E-11	+1.51166005062483E-14	+6.84489874563708E-02	+1.85157966613770E+01	+4.94777053114977E+06	+0.00000000000000E+00	+4.94777170528412E+06	+4.94774900508881E+06	+4.94779205730438E+06 	0	0	0	0
		B	s3	165	10:55:56 AM	0.0004077962	+8.40854294885597E-11	+1.51382103098187E-14	+6.83512758850861E-02	+1.85041751861572E+01	+4.94777055300791E+06	+0.00000000000000E+00	+4.94777168457031E+06	+4.94774900970459E+06	+4.94779209640503E+06 	0	0	0	0
		B	s3	166	10:55:57 AM	0.0004260589	+8.85834139009759E-11	+1.51124909173163E-14	+6.84676000435285E-02	+1.85044536590576E+01	+4.94777056616877E+06	+0.00000000000000E+00	+4.94777171428681E+06	+4.94774905914307E+06	+4.94779207328797E+06 	0	0	0	0
		B	s3	167	10:55:59 AM	0.0004447230	+8.83874144500023E-11	+1.51431383206441E-14	+6.83290317699906E-02	+1.85024604797363E+01	+4.94777057663994E+06	+0.00000000000000E+00	+4.94777169528961E+06	+4.94774902832031E+06	+4.94779212505341E+06 	0	0	0	0
		B	s3	168	10:56:01 AM	0.0004637885	-1.25626699718223E-11	+1.51518502747377E-14	+6.82897442204079E-02	+1.84937534332275E+01	+4.94777057587699E+06	+0.00000000000000E+00	+4.94777170959473E+06	+4.94774902530670E+06	+4.94779212654114E+06 	0	0	0	0
		B	s3	169	10:56:02 AM	0.0004832554	+9.11529060669011E-11	+1.51148920426901E-14	+6.84567226263138E-02	+1.84943599700928E+01	+4.94777059413054E+06	+0.00000000000000E+00	+4.94777175739289E+06	+4.94774909542084E+06	+4.94779209293366E+06 	0	0	0	0
		B	s3	170	10:56:04 AM	0.0005031236	+9.04635229537267E-11	+1.51502463314857E-14	+6.82969728034117E-02	+1.84835319519043E+01	+4.94777061905942E+06	+0.00000000000000E+00	+4.94777172599793E+06	+4.94774908267975E+06	+4.94779215553284E+06 	0	0	0	0
		B	s3	171	10:56:06 AM	0.0005233933	-7.62729402810496E-12	+1.51457880885256E-14	+6.83170760231023E-02	+1.84794425964355E+01	+4.94777063195315E+06	+0.00000000000000E+00	+4.94777177558899E+06	+4.94774910667420E+06	+4.94779215732575E+06 	0	0	0	0
		B	s3	172	10:56:07 AM	0.0005440643	-6.80294278891967E-12	+1.51524161334782E-14	+6.82871918647690E-02	+1.84822597503662E+01	+4.94777065239987E+06	+0.00000000000000E+00	+4.94777178756714E+06	+4.94774911441803E+06	+4.94779219047547E+06 	0	0	0	0
		B	s3	173	10:56:09 AM	0.0005651367	+9.30545844857913E-11	+1.51361589121016E-14	+6.83605365405919E-02	+1.84707336425781E+01	+4.94777066035367E+06	+0.00000000000000E+00	+4.94777182392121E+06	+4.94774915889740E+06	+4.94779216190338E+06 	0	0	0	0
		B	s3	174	10:56:11 AM	0.0005866105	-7.30751869302919E-12	+1.51490912052656E-14	+6.83021791930148E-02	+1.84720897674561E+01	+4.94777066580860E+06	+0.00000000000000E+00	+4.94777178691864E+06	+4.94774914440155E+06	+4.94779218730927E+06 	0	0	0	0
		B	s3	175	10:56:12 AM	0.0006084856	+9.71237222494246E-11	+1.51167800299643E-14	+6.84481708463176E-02	+1.84614524841309E+01	+4.94777066575164E+06	+0.00000000000000E+00	+4.94777187377930E+06	+4.94774920261383E+06	+4.94779212898255E+06 	0	0	0	0
		B	s3	176	10:56:14 AM	0.0006307621	+9.53664016183796E-11	+1.51551466826542E-14	+6.82748874064110E-02	+1.84508972167969E+01	+4.94777068667507E+06	+0.00000000000000E+00	+4.94777180450440E+06	+4.94774918136597E+06	+4.94779219207764E+06 	0	0	0	0
		B	s3	177	10:56:16 AM	0.0006534400	+9.85084033595210E-11	+1.51571945325604E-14	+6.82656623446609E-02	+1.84600868225098E+01	+4.94777070899099E+06	+0.00000000000000E+00	+4.94777184642792E+06	+4.94774919006348E+06	+4.94779222801209E+06 	0	0	0	0
		B	s3	178	10:56:17 AM	0.0006765193	+1.00228583386075E-10	+1.51414400366749E-14	+6.83366920751352E-02	+1.84522686004639E+01	+4.94777070586307E+06	+0.00000000000000E+00	+4.94777186313629E+06	+4.94774921840668E+06	+4.94779219341278E+06 	0	0	0	0
		B	s3	179	10:56:19 AM	0.0007000000	-6.18938267788863E-13	+1.51777910621060E-14	+6.81730242522584E-02	+1.84546604156494E+01	+4.94777072304805E+06	+0.00000000000000E+00	+4.94777186752320E+06	+4.94774918121338E+06	+4.94779226497650E+06 	0	0	0	0

