	10/11/2022	Test 001 Tip H10 Ramp 3 Loc 9 	H10 	Box 5b Xtal 1		DLC	50 uN	2.2%	Second test at 50 uN for repeatability	Points/Segment: 59	
		Seg 	ID Tag	Number	Time	Power	C0	C1	L1	R1	fs	fa	fr	f1	f2	Ch1 (Pk-Pk)	Ch2 (Pk-Pk)	Ch1 (RMS)	Ch2 (RMS)	
						uW	F	F	H	Ohms	Hz	Hz	Hz	Hz	Hz	V	V	V	V	
		B	s1	0	8:06:18 AM	0.0000014000	-4.52569998872895E-11	+1.52153467896286E-14	+6.80046750086356E-02	+1.77399864196777E+01	+4.94777360310968E+06	+0.00000000000000E+00	+4.94777447662354E+06	+4.94775284423828E+06	+4.94779436206818E+06 	0	0	0	0
		B	s1	1	8:06:20 AM	0.0000014858	+1.49115047279671E-11	+1.51843661361597E-14	+6.81434264093685E-02	+1.77855567932129E+01	+4.94777354859761E+06	+0.00000000000000E+00	+4.94777454860687E+06	+4.94775277877808E+06	+4.94779431850434E+06 	0	0	0	0
		B	s1	2	8:06:23 AM	0.0000017431	+6.17440612136089E-11	+1.51922280337789E-14	+6.81081656097409E-02	+1.78048725128174E+01	+4.94777343734183E+06	+0.00000000000000E+00	+4.94777449722290E+06	+4.94775263420105E+06	+4.94779424057007E+06 	0	0	0	0
		B	s1	3	8:06:24 AM	0.0000021720	-5.05276555345154E-11	+1.51973557308577E-14	+6.80851842575828E-02	+1.78204383850098E+01	+4.94777347976115E+06	+0.00000000000000E+00	+4.94777442832947E+06	+4.94775265140534E+06	+4.94779430820465E+06 	0	0	0	0
		B	s1	4	8:06:27 AM	0.0000027725	+6.52721132041891E-11	+1.51687996078961E-14	+6.82133593902431E-02	+1.78017330169678E+01	+4.94777344626837E+06	+0.00000000000000E+00	+4.94777445690155E+06	+4.94775267887116E+06	+4.94779421375275E+06 	0	0	0	0
		B	s1	5	8:06:29 AM	0.0000035445	-4.24004013318841E-11	+1.51366468948957E-14	+6.83582544858986E-02	+1.78407917022705E+01	+4.94777349090032E+06	+0.00000000000000E+00	+4.94777447399139E+06	+4.94775272205353E+06	+4.94779425983429E+06 	0	0	0	0
		B	s1	6	8:06:32 AM	0.0000044881	+6.68181614336743E-11	+1.51694528621862E-14	+6.82104201214503E-02	+1.77871837615967E+01	+4.94777350945890E+06	+0.00000000000000E+00	+4.94777446735382E+06	+4.94775275814057E+06	+4.94779426086426E+06 	0	0	0	0
		B	s1	7	8:06:33 AM	0.0000056032	+1.40143500150119E-11	+1.51412829766030E-14	+6.83373234597218E-02	+1.78121356964111E+01	+4.94777351035539E+06	+0.00000000000000E+00	+4.94777452968598E+06	+4.94775276851654E+06	+4.94779425228119E+06 	0	0	0	0
		B	s1	8	8:06:36 AM	0.0000068899	+1.28889454254861E-11	+1.51472813121598E-14	+6.83102611195782E-02	+1.78149547576904E+01	+4.94777353589474E+06	+0.00000000000000E+00	+4.94777451534271E+06	+4.94775278255463E+06	+4.94779428932190E+06 	0	0	0	0
		B	s1	9	8:06:38 AM	0.0000083482	+1.41580520933611E-11	+1.51393607048383E-14	+6.83459999116201E-02	+1.77998504638672E+01	+4.94777352702569E+06	+0.00000000000000E+00	+4.94777452606201E+06	+4.94775280212403E+06	+4.94779425201416E+06 	0	0	0	0
		B	s1	10	8:06:40 AM	0.0000099780	+5.64661303048671E-14	+1.51672518697351E-14	+6.82203182981307E-02	+1.77967796325684E+01	+4.94777351539072E+06	+0.00000000000000E+00	+4.94777437580109E+06	+4.94775275588989E+06	+4.94779427497864E+06 	0	0	0	0
		B	s1	11	8:06:43 AM	0.0000117794	+6.14060501476020E-11	+1.51504083571963E-14	+6.82961634132016E-02	+1.77333755493164E+01	+4.94777348029591E+06	+0.00000000000000E+00	+4.94777445423126E+06	+4.94775281772614E+06	+4.94779414295197E+06 	0	0	0	0
		B	s1	12	8:06:45 AM	0.0000137523	+6.14923951906910E-11	+1.50983767631548E-14	+6.85315216189972E-02	+1.77334156036377E+01	+4.94777355533130E+06	+0.00000000000000E+00	+4.94777450668335E+06	+4.94775296367645E+06	+4.94779414707184E+06 	0	0	0	0
		B	s1	13	8:06:47 AM	0.0000158968	+2.52635395085196E-12	+1.51690403520721E-14	+6.82122738026739E-02	+1.77381610870361E+01	+4.94777355470145E+06	+0.00000000000000E+00	+4.94777440597534E+06	+4.94775286113739E+06	+4.94779424835205E+06 	0	0	0	0
		B	s1	14	8:06:49 AM	0.0000182129	+1.13502738928814E-10	+1.51201220998541E-14	+6.84329624067928E-02	+1.77092571258545E+01	+4.94777352260119E+06	+0.00000000000000E+00	+4.94777450489044E+06	+4.94775292938233E+06	+4.94779411590576E+06 	0	0	0	0
		B	s1	15	8:06:52 AM	0.0000207005	+1.10477686635959E-10	+1.51649637475477E-14	+6.82306115573212E-02	+1.77438945770264E+01	+4.94777351424658E+06	+0.00000000000000E+00	+4.94777448165894E+06	+4.94775281955719E+06	+4.94779420902252E+06 	0	0	0	0
		B	s1	16	8:06:54 AM	0.0000233597	+6.16120282886991E-11	+1.51384769858055E-14	+6.83499893682283E-02	+1.77234497070313E+01	+4.94777353745926E+06	+0.00000000000000E+00	+4.94777446125031E+06	+4.94775290271759E+06	+4.94779417228699E+06 	0	0	0	0
		B	s1	17	8:06:56 AM	0.0000261904	+6.27804400546866E-11	+1.51423623316622E-14	+6.83324515191679E-02	+1.76545028686523E+01	+4.94777354012986E+06	+0.00000000000000E+00	+4.94777446949005E+06	+4.94775298038483E+06	+4.94779409996033E+06 	0	0	0	0
		B	s1	18	8:06:58 AM	0.0000291927	+6.50902525516339E-11	+1.51329410385422E-14	+6.83749923830121E-02	+1.77163143157959E+01	+4.94777356803413E+06	+0.00000000000000E+00	+4.94777448669434E+06	+4.94775294914246E+06	+4.94779418701172E+06 	0	0	0	0
		B	s1	19	8:07:00 AM	0.0000323666	+6.87198620994031E-11	+1.51285952590492E-14	+6.83946344382780E-02	+1.77086334228516E+01	+4.94777353440763E+06	+0.00000000000000E+00	+4.94777449470520E+06	+4.94775293037415E+06	+4.94779413852692E+06 	0	0	0	0
		B	s1	20	8:07:02 AM	0.0000357120	+9.03159499696272E-12	+1.51561283158510E-14	+6.82703870832586E-02	+1.76759071350098E+01	+4.94777352365019E+06	+0.00000000000000E+00	+4.94777448455811E+06	+4.94775292026520E+06	+4.94779412712097E+06 	0	0	0	0
		B	s1	21	8:07:05 AM	0.0000392290	+6.10873580998566E-11	+1.51469852902703E-14	+6.83115963694347E-02	+1.76697940826416E+01	+4.94777352710257E+06	+0.00000000000000E+00	+4.94777451175690E+06	+4.94775294326782E+06	+4.94779411102295E+06 	0	0	0	0
		B	s1	22	8:07:07 AM	0.0000429175	-4.94097932772489E-11	+1.51322752290245E-14	+6.83780017552764E-02	+1.76290187835693E+01	+4.94777353473225E+06	+0.00000000000000E+00	+4.94777441593170E+06	+4.94775301834107E+06	+4.94779405120850E+06 	0	0	0	0
		B	s1	23	8:07:09 AM	0.0000467776	+6.33818236536438E-12	+1.51571500460975E-14	+6.82657859271503E-02	+1.76105594635010E+01	+4.94777349135909E+06	+0.00000000000000E+00	+4.94777445640564E+06	+4.94775296276093E+06	+4.94779402004242E+06 	0	0	0	0
		B	s1	24	8:07:12 AM	0.0000508093	+6.32578665657396E-11	+1.51366910623248E-14	+6.83580530207571E-02	+1.76224174499512E+01	+4.94777356336156E+06	+0.00000000000000E+00	+4.94777449718476E+06	+4.94775304866791E+06	+4.94779407814026E+06 	0	0	0	0
		B	s1	25	8:07:14 AM	0.0000550125	+5.92328520784853E-11	+1.51408881280614E-14	+6.83391054804444E-02	+1.76374015808105E+01	+4.94777351398020E+06	+0.00000000000000E+00	+4.94777444301605E+06	+4.94775297615051E+06	+4.94779405189514E+06 	0	0	0	0
		B	s1	26	8:07:17 AM	0.0000593872	+1.25403889270750E-11	+1.51281643671058E-14	+6.83965838011336E-02	+1.76095142364502E+01	+4.94777348758271E+06	+0.00000000000000E+00	+4.94777450977326E+06	+4.94775299945832E+06	+4.94779397579193E+06 	0	0	0	0
		B	s1	27	8:07:19 AM	0.0000639336	+1.20642006585113E-10	+1.51227035292509E-14	+6.84212816608293E-02	+1.76568717956543E+01	+4.94777349772960E+06	+0.00000000000000E+00	+4.94777448944092E+06	+4.94775296192169E+06	+4.94779403362274E+06 	0	0	0	0
		B	s1	28	8:07:21 AM	0.0000686515	+6.81086102383676E-11	+1.51377302817915E-14	+6.83533616757592E-02	+1.76170139312744E+01	+4.94777350907843E+06	+0.00000000000000E+00	+4.94777447616577E+06	+4.94775299926758E+06	+4.94779401897431E+06 	0	0	0	0
		B	s1	29	8:07:24 AM	0.0000735409	+5.04673277531112E-12	+1.51747241076715E-14	+6.81867261735241E-02	+1.76130123138428E+01	+4.94777349811099E+06	+0.00000000000000E+00	+4.94777443653107E+06	+4.94775294284821E+06	+4.94779405345917E+06 	0	0	0	0
		B	s1	30	8:07:26 AM	0.0000786020	+6.85059104683088E-12	+1.51401931595013E-14	+6.83422431999594E-02	+1.76149673461914E+01	+4.94777348493140E+06	+0.00000000000000E+00	+4.94777446533203E+06	+4.94775297416687E+06	+4.94779399578095E+06 	0	0	0	0
		B	s1	31	8:07:28 AM	0.0000838345	+5.77613022946098E-12	+1.51319652849478E-14	+6.83794023170951E-02	+1.75831451416016E+01	+4.94777353498042E+06	+0.00000000000000E+00	+4.94777444549561E+06	+4.94775307239533E+06	+4.94779399765015E+06 	0	0	0	0
		B	s1	32	8:07:30 AM	0.0000892387	+7.04882246622777E-12	+1.51368773001495E-14	+6.83572130558796E-02	+1.75898094177246E+01	+4.94777352412755E+06	+0.00000000000000E+00	+4.94777445865631E+06	+4.94775304714203E+06	+4.94779400119782E+06 	0	0	0	0
		B	s1	33	8:07:33 AM	0.0000948144	+6.45388194509186E-11	+1.51739249138608E-14	+6.81903172452072E-02	+1.76073532104492E+01	+4.94777350709463E+06	+0.00000000000000E+00	+4.94777442134857E+06	+4.94775295951843E+06	+4.94779405475617E+06 	0	0	0	0
		B	s1	34	8:07:35 AM	0.0001005616	+6.27347207504224E-11	+1.51518651785300E-14	+6.82895954387776E-02	+1.76077156066895E+01	+4.94777353230991E+06	+0.00000000000000E+00	+4.94777444667816E+06	+4.94775301418305E+06	+4.94779405052185E+06 	0	0	0	0
		B	s1	35	8:07:38 AM	0.0001064804	-4.52105321108904E-11	+1.51706440849766E-14	+6.82050632771043E-02	+1.75571479797363E+01	+4.94777354047350E+06	+0.00000000000000E+00	+4.94777446361542E+06	+4.94775305591583E+06	+4.94779402511597E+06 	0	0	0	0
		B	s1	36	8:07:40 AM	0.0001125708	+1.05697680375098E-11	+1.51359986565755E-14	+6.83611822916287E-02	+1.75809669494629E+01	+4.94777348414957E+06	+0.00000000000000E+00	+4.94777448856354E+06	+4.94775301864624E+06	+4.94779394973755E+06 	0	0	0	0
		B	s1	37	8:07:42 AM	0.0001188327	+6.16558266865029E-11	+1.51595908729227E-14	+6.82547933561375E-02	+1.75955848693848E+01	+4.94777353419820E+06	+0.00000000000000E+00	+4.94777446182251E+06	+4.94775301975250E+06	+4.94779404872894E+06 	0	0	0	0
		B	s1	38	8:07:44 AM	0.0001252662	+1.05319293527921E-11	+1.51653359578434E-14	+6.82289369372262E-02	+1.75708160400391E+01	+4.94777351434278E+06	+0.00000000000000E+00	+4.94777448966980E+06	+4.94775302101136E+06	+4.94779400775910E+06 	0	0	0	0
		B	s1	39	8:07:47 AM	0.0001318713	+6.24672013031354E-11	+1.51671151448119E-14	+6.82209334401758E-02	+1.75565567016602E+01	+4.94777350938374E+06	+0.00000000000000E+00	+4.94777443557739E+06	+4.94775303028107E+06	+4.94779398857117E+06 	0	0	0	0
		B	s1	40	8:07:49 AM	0.0001386479	+6.40017356457079E-11	+1.51703903510854E-14	+6.82062055932772E-02	+1.75828304290772E+01	+4.94777348441640E+06	+0.00000000000000E+00	+4.94777446842194E+06	+4.94775297023773E+06	+4.94779399868012E+06 	0	0	0	0
		B	s1	41	8:07:51 AM	0.0001455961	-5.29238401927609E-11	+1.51433034476000E-14	+6.83282054152631E-02	+1.75551261901855E+01	+4.94777351928302E+06	+0.00000000000000E+00	+4.94777443786621E+06	+4.94775307399750E+06	+4.94779396465302E+06 	0	0	0	0
		B	s1	42	8:07:53 AM	0.0001527158	+6.24629136262687E-11	+1.51595383297703E-14	+6.82550306969526E-02	+1.75637283325195E+01	+4.94777350633199E+06	+0.00000000000000E+00	+4.94777441913605E+06	+4.94775302909851E+06	+4.94779398365021E+06 	0	0	0	0
		B	s1	43	8:07:55 AM	0.0001600071	+8.20534761448921E-12	+1.51616059177904E-14	+6.82457231522687E-02	+1.75480346679688E+01	+4.94777349208416E+06	+0.00000000000000E+00	+4.94777446666718E+06	+4.94775303035736E+06	+4.94779395389557E+06 	0	0	0	0
		B	s1	44	8:07:56 AM	0.0001674700	-4.93688411187481E-11	+1.51692341236211E-14	+6.82114035750991E-02	+1.75775489807129E+01	+4.94777351426644E+06	+0.00000000000000E+00	+4.94777447830200E+06	+4.94775300781250E+06	+4.94779402080536E+06 	0	0	0	0
		B	s1	45	8:07:59 AM	0.0001751044	+1.14880178222366E-10	+1.51818962576920E-14	+6.81545136004532E-02	+1.75568447113037E+01	+4.94777350411937E+06	+0.00000000000000E+00	+4.94777442256928E+06	+4.94775300472260E+06	+4.94779400360108E+06 	0	0	0	0
		B	s1	46	8:08:01 AM	0.0001829104	+6.12206930881089E-11	+1.51484804256723E-14	+6.83048544303496E-02	+1.75500926971436E+01	+4.94777351525851E+06	+0.00000000000000E+00	+4.94777443618775E+06	+4.94775306884766E+06	+4.94779396175385E+06 	0	0	0	0
		B	s1	47	8:08:04 AM	0.0001908879	+8.85538302644887E-12	+1.51633181315981E-14	+6.82380164875517E-02	+1.75606422424316E+01	+4.94777350963169E+06	+0.00000000000000E+00	+4.94777447895050E+06	+4.94775303089142E+06	+4.94779398845673E+06 	0	0	0	0
		B	s1	48	8:08:06 AM	0.0001990370	+6.00054296570813E-12	+1.51342406848024E-14	+6.83691213083575E-02	+1.75510540008545E+01	+4.94777354640558E+06	+0.00000000000000E+00	+4.94777444347382E+06	+4.94775311809540E+06	+4.94779397480011E+06 	0	0	0	0
		B	s1	49	8:08:09 AM	0.0002073577	+4.38232925464816E-12	+1.51529079137564E-14	+6.82848965071485E-02	+1.75652923583984E+01	+4.94777351918755E+06	+0.00000000000000E+00	+4.94777442668915E+06	+4.94775304908753E+06	+4.94779398937226E+06 	0	0	0	0
		B	s1	50	8:08:11 AM	0.0002158499	+7.42025285906639E-12	+1.51814906707759E-14	+6.81563343463999E-02	+1.75409450531006E+01	+4.94777350637012E+06	+0.00000000000000E+00	+4.94777445617676E+06	+4.94775302608490E+06	+4.94779398674011E+06 	0	0	0	0
		B	s1	51	8:08:13 AM	0.0002245136	+6.42319612921858E-11	+1.51984114297826E-14	+6.80804541544849E-02	+1.75366897583008E+01	+4.94777350987957E+06	+0.00000000000000E+00	+4.94777448360443E+06	+4.94775301174164E+06	+4.94779400810242E+06 	0	0	0	0
		B	s1	52	8:08:16 AM	0.0002333490	+1.16373398331648E-11	+1.51569997055459E-14	+6.82664624813562E-02	+1.75419464111328E+01	+4.94777351188249E+06	+0.00000000000000E+00	+4.94777450550080E+06	+4.94775306346893E+06	+4.94779396038055E+06 	0	0	0	0
		B	s1	53	8:08:18 AM	0.0002423559	+6.62279468454869E-11	+1.51857109900129E-14	+6.81373921248520E-02	+1.75385360717773E+01	+4.94777352935366E+06	+0.00000000000000E+00	+4.94777446090698E+06	+4.94775304618836E+06	+4.94779401260376E+06 	0	0	0	0
		B	s1	54	8:08:21 AM	0.0002515343	+2.30824968564254E-12	+1.51964087174998E-14	+6.80894262615960E-02	+1.75564632415771E+01	+4.94777351407565E+06	+0.00000000000000E+00	+4.94777440563202E+06	+4.94775299552918E+06	+4.94779403270722E+06 	0	0	0	0
		B	s1	55	8:08:23 AM	0.0002608843	-4.58934212671725E-11	+1.51871007915154E-14	+6.81311572348315E-02	+1.75386295318604E+01	+4.94777351131013E+06	+0.00000000000000E+00	+4.94777447257996E+06	+4.94775302616119E+06	+4.94779399654389E+06 	0	0	0	0
		B	s1	56	8:08:25 AM	0.0002704059	-4.47379174066006E-11	+1.51740111489315E-14	+6.81899291791868E-02	+1.75488719940186E+01	+4.94777352651173E+06	+0.00000000000000E+00	+4.94777451679230E+06	+4.94775304706574E+06	+4.94779400604248E+06 	0	0	0	0
		B	s1	57	8:08:28 AM	0.0002800991	+1.07704620657354E-11	+1.52151498114646E-14	+6.80055577346241E-02	+1.75272750854492E+01	+4.94777351853888E+06	+0.00000000000000E+00	+4.94777449035645E+06	+4.94775300884247E+06	+4.94779402832031E+06 	0	0	0	0
		B	s1	58	8:08:30 AM	0.0002899637	+1.23938566211936E-11	+1.51910707305645E-14	+6.81133518227284E-02	+1.75335235595703E+01	+4.94777352740816E+06	+0.00000000000000E+00	+4.94777451698304E+06	+4.94775304286957E+06	+4.94779401203156E+06 	0	0	0	0
		B	s1	59	8:08:31 AM	0.0003000000	+9.16935236062027E-12	+1.52071080807219E-14	+6.80415198248404E-02	+1.75423984527588E+01	+4.94777352569141E+06	+0.00000000000000E+00	+4.94777447952271E+06	+4.94775300914765E+06	+4.94779404232025E+06 	0	0	0	0
		T	s2 	60	8:12:33 AM	0.0003000000	+6.04804278632548E-12	+1.51685329042618E-14	+6.82145408957324E-02	+1.78456630706787E+01	+4.94777409430893E+06	+0.00000000000000E+00	+4.94777507305145E+06	+4.94775327602387E+06	+4.94779491268158E+06 	0.416000	0.144000	0.130985	0.030824
		T	s2 	61	8:12:38 AM	0.0002899637	+7.40111391435690E-11	+1.51439611471178E-14	+6.83252174338538E-02	+1.78761730194092E+01	+4.94777426152617E+06	+0.00000000000000E+00	+4.94777527988434E+06	+4.94775344142914E+06	+4.94779508171082E+06 	0.404000	0.118000	0.127512	0.029999
		T	s2 	62	8:12:43 AM	0.0002800991	+2.29348044680346E-11	+1.51553538470115E-14	+6.82738550856847E-02	+1.78604602813721E+01	+4.94777427554520E+06	+0.00000000000000E+00	+4.94777528060913E+06	+4.94775345809937E+06	+4.94779509307861E+06 	0.388000	0.138000	0.125774	0.030118
		T	s2 	63	8:12:49 AM	0.0002704059	+1.95583096115577E-11	+1.51578839460186E-14	+6.82624589303947E-02	+1.78858661651611E+01	+4.94777428029436E+06	+0.00000000000000E+00	+4.94777523178101E+06	+4.94775342975617E+06	+4.94779513092041E+06 	0.396000	0.134000	0.123616	0.028851
		T	s2 	64	8:12:54 AM	0.0002608843	-2.87512635665869E-11	+1.51180183878500E-14	+6.84424639085749E-02	+1.78876552581787E+01	+4.94777428616921E+06	+0.00000000000000E+00	+4.94777525505066E+06	+4.94775348838806E+06	+4.94779508403778E+06 	0.372000	0.120000	0.121043	0.029566
		T	s2 	65	8:12:59 AM	0.0002515343	+1.97817090527101E-11	+1.51440258362438E-14	+6.83249260398506E-02	+1.78873310089111E+01	+4.94777424474145E+06	+0.00000000000000E+00	+4.94777522190094E+06	+4.94775341156006E+06	+4.94779507801056E+06 	0.388000	0.124000	0.118804	0.028315
		T	s2 	66	8:13:05 AM	0.0002423559	+2.01764595538772E-11	+1.51475050565052E-14	+6.83092317814164E-02	+1.78912448883057E+01	+4.94777427197835E+06	+0.00000000000000E+00	+4.94777524177551E+06	+4.94775342945099E+06	+4.94779511459351E+06 	0.376000	0.244000	0.117095	0.028286
		T	s2 	67	8:13:11 AM	0.0002333490	+2.31537644671383E-11	+1.51182511279241E-14	+6.84414110053254E-02	+1.78893814086914E+01	+4.94777425927559E+06	+0.00000000000000E+00	+4.94777528884888E+06	+4.94775345916748E+06	+4.94779505947113E+06 	0.388000	0.138000	0.114052	0.028860
		T	s2 	68	8:13:16 AM	0.0002245136	+2.21027124708793E-11	+1.51619899643674E-14	+6.82439722752628E-02	+1.78970031738281E+01	+4.94777429839502E+06	+0.00000000000000E+00	+4.94777526737213E+06	+4.94775342922211E+06	+4.94779516765595E+06 	0.352000	0.126000	0.112666	0.026259
		T	s2 	69	8:13:21 AM	0.0002158499	+2.07017551499159E-11	+1.51411084876994E-14	+6.83380898699123E-02	+1.78910884857178E+01	+4.94777427497293E+06	+0.00000000000000E+00	+4.94777525932312E+06	+4.94775344142914E+06	+4.94779510860443E+06 	0.408000	0.138000	0.110921	0.026959
		T	s2 	70	8:13:27 AM	0.0002073577	+2.20051097677631E-11	+1.51225271092129E-14	+6.84220571847762E-02	+1.79233703613281E+01	+4.94777431781192E+06	+0.00000000000000E+00	+4.94777527713776E+06	+4.94775347229004E+06	+4.94779516342163E+06 	0.384000	0.182000	0.108161	0.026350
		T	s2 	71	8:13:33 AM	0.0001990370	+2.20756080736703E-11	+1.51169032277206E-14	+6.84475122064337E-02	+1.79256744384766E+01	+4.94777430930517E+06	+0.00000000000000E+00	+4.94777527034760E+06	+4.94775346885681E+06	+4.94779514984131E+06 	0.344000	0.114000	0.106081	0.026578
		T	s2 	72	8:13:38 AM	0.0001908879	+1.88540403823847E-11	+1.51336629271358E-14	+6.83717117678924E-02	+1.78961544036865E+01	+4.94777425803569E+06	+0.00000000000000E+00	+4.94777521984101E+06	+4.94775342884064E+06	+4.94779508731842E+06 	0.340000	0.100000	0.106100	0.024878
		T	s2 	73	8:13:44 AM	0.0001829104	+2.22325798632612E-11	+1.51309272011303E-14	+6.83840736754662E-02	+1.79183540344238E+01	+4.94777425599473E+06	+0.00000000000000E+00	+4.94777525959015E+06	+4.94775340473175E+06	+4.94779510734558E+06 	0.344000	0.128000	0.101299	0.024503
		T	s2 	74	8:13:50 AM	0.0001751044	+1.97648632900517E-11	+1.51217280162654E-14	+6.84256742168007E-02	+1.78856945037842E+01	+4.94777426953712E+06	+0.00000000000000E+00	+4.94777522857666E+06	+4.94775346893311E+06	+4.94779507022858E+06 	0.332000	0.146000	0.099340	0.024488
		T	s2 	75	8:13:56 AM	0.0001674700	+7.49841917448823E-11	+1.51265960580890E-14	+6.84036532127445E-02	+1.79225826263428E+01	+4.94777427859682E+06	+0.00000000000000E+00	+4.94777525959015E+06	+4.94775342838288E+06	+4.94779512889862E+06 	0.336000	0.104000	0.097175	0.023436
		T	s2 	76	8:14:01 AM	0.0001600071	+2.19331249281361E-11	+1.51093043003341E-14	+6.84819368361777E-02	+1.79004173278809E+01	+4.94777429847160E+06	+0.00000000000000E+00	+4.94777525455475E+06	+4.94775349784851E+06	+4.94779509918213E+06 	0.332000	0.104000	0.095301	0.022576
		T	s2 	77	8:14:07 AM	0.0001527158	+1.92239596773980E-11	+1.51178109279365E-14	+6.84434037869808E-02	+1.79112777709961E+01	+4.94777426265149E+06	+0.00000000000000E+00	+4.94777523120880E+06	+4.94775343769074E+06	+4.94779508769989E+06 	0.324000	0.148000	0.092159	0.022075
		T	s2 	78	8:14:13 AM	0.0001455961	+2.23292386337126E-11	+1.51174033832744E-14	+6.84452480368881E-02	+1.79293632507324E+01	+4.94777429486652E+06	+0.00000000000000E+00	+4.94777527004242E+06	+4.94775344944000E+06	+4.94779514038086E+06 	0.324000	0.106000	0.090532	0.022193
		T	s2 	79	8:14:19 AM	0.0001386479	+3.00486899733299E-11	+1.51106900347678E-14	+6.84756547563542E-02	+1.79219169616699E+01	+4.94777436728862E+06	+0.00000000000000E+00	+4.94777534606934E+06	+4.94775353977204E+06	+4.94779519489289E+06 	0.296000	0.112000	0.088697	0.021254
		T	s2 	80	8:14:25 AM	0.0001318713	+3.18923172162123E-11	+1.50925332755884E-14	+6.85580321857541E-02	+1.79046478271484E+01	+4.94777439568923E+06	+0.00000000000000E+00	+4.94777537353516E+06	+4.94775361324311E+06	+4.94779517822266E+06 	0.288000	0.094000	0.088061	0.020876
		T	s2 	81	8:14:31 AM	0.0001252662	+2.77070377182468E-11	+1.51192935659163E-14	+6.84366880676054E-02	+1.79503479003906E+01	+4.94777440644630E+06	+0.00000000000000E+00	+4.94777535495758E+06	+4.94775353401184E+06	+4.94779527896881E+06 	0.292000	0.090000	0.086077	0.021195
		T	s2 	82	8:14:36 AM	0.0001188327	+2.72499839109905E-11	+1.50976744668463E-14	+6.85346845002620E-02	+1.79385986328125E+01	+4.94777445737269E+06	+0.00000000000000E+00	+4.94777536251068E+06	+4.94775362842560E+06	+4.94779528640747E+06 	0.312000	0.096000	0.082639	0.020502
		T	s2 	83	8:14:41 AM	0.0001125708	+4.11098915290300E-11	+1.51060272649804E-14	+6.84967868011488E-02	+1.79262657165527E+01	+4.94777452262310E+06	+0.00000000000000E+00	+4.94777547161102E+06	+4.94775369647980E+06	+4.94779534885407E+06 	0.284000	0.102000	0.080021	0.020815
		T	s2 	84	8:14:46 AM	0.0001064804	+3.42962303392625E-11	+1.51226845485282E-14	+6.84213401690588E-02	+1.79447479248047E+01	+4.94777448727974E+06	+0.00000000000000E+00	+4.94777539161682E+06	+4.94775361667633E+06	+4.94779535797119E+06 	0.296000	0.090000	0.079195	0.019117
		T	s2 	85	8:14:52 AM	0.0001005616	-1.34635237332475E-11	+1.51187264570284E-14	+6.84392517743971E-02	+1.79733295440674E+01	+4.94777452855465E+06	+0.00000000000000E+00	+4.94777546730042E+06	+4.94775363018036E+06	+4.94779542701721E+06 	0.280000	0.096000	0.077887	0.018847
		T	s2 	86	8:14:58 AM	0.0000948144	+4.54657892263102E-11	+1.51140478462105E-14	+6.84604350369878E-02	+1.79884262084961E+01	+4.94777461409919E+06	+0.00000000000000E+00	+4.94777553867340E+06	+4.94775370464325E+06	+4.94779552364350E+06 	0.272000	0.102000	0.072952	0.018589
		T	s2 	87	8:15:04 AM	0.0000892387	+4.66819312411584E-11	+1.51366949540086E-14	+6.83580068699149E-02	+1.79593334197998E+01	+4.94777459752434E+06	+0.00000000000000E+00	+4.94777553695679E+06	+4.94775369060517E+06	+4.94779550453186E+06 	0.276000	0.090000	0.072975	0.018647
		T	s2 	88	8:15:09 AM	0.0000838345	+5.29062728407764E-11	+1.50812766140732E-14	+6.86091969133802E-02	+1.79677219390869E+01	+4.94777464709662E+06	+0.00000000000000E+00	+4.94777561347962E+06	+4.94775380699158E+06	+4.94779548728943E+06 	0.284000	0.122000	0.068659	0.018846
		T	s2 	89	8:15:15 AM	0.0000786020	+1.53810168008699E-12	+1.50867415951800E-14	+6.85843431180933E-02	+1.79892902374268E+01	+4.94777468253502E+06	+0.00000000000000E+00	+4.94777564403534E+06	+4.94775380985260E+06	+4.94779555530548E+06 	0.236000	0.086000	0.070782	0.016711
		T	s2 	90	8:15:21 AM	0.0000735409	+3.36633252295364E-12	+1.50987637184211E-14	+6.85297334993554E-02	+1.79491291046143E+01	+4.94777470239064E+06	+0.00000000000000E+00	+4.94777565979004E+06	+4.94775385971070E+06	+4.94779554515839E+06 	0.248000	0.088000	0.065959	0.017027
		T	s2 	91	8:15:26 AM	0.0000686515	+6.09177589170335E-11	+1.50747255825627E-14	+6.86390089124341E-02	+1.79933300018311E+01	+4.94777477454556E+06	+0.00000000000000E+00	+4.94777568244934E+06	+4.94775391380310E+06	+4.94779563537598E+06 	0.256000	0.086000	0.063606	0.016227
		T	s2 	92	8:15:32 AM	0.0000639336	+1.14870356569482E-11	+1.51156385129236E-14	+6.84532266575254E-02	+1.79741611480713E+01	+4.94777476119398E+06	+0.00000000000000E+00	+4.94777574764252E+06	+4.94775386611939E+06	+4.94779565635681E+06 	0.248000	0.080000	0.064039	0.016383
		T	s2 	93	8:15:38 AM	0.0000593872	+8.70707362585192E-12	+1.51036083600098E-14	+6.85077503812825E-02	+1.79718933105469E+01	+4.94777475596792E+06	+0.00000000000000E+00	+4.94777571754456E+06	+4.94775388015747E+06	+4.94779563186646E+06 	0.216000	0.082000	0.058728	0.015662
		T	s2 	94	8:15:43 AM	0.0000550125	+6.70892543087371E-11	+1.51110057651956E-14	+6.84742109020770E-02	+1.79608955383301E+01	+4.94777484126457E+06	+0.00000000000000E+00	+4.94777579933167E+06	+4.94775396800995E+06	+4.94779571460724E+06 	0.232000	0.078000	0.056909	0.015578
		T	s2 	95	8:15:49 AM	0.0000508093	+6.83980895140226E-11	+1.50889899252917E-14	+6.85741196024386E-02	+1.79812011718750E+01	+4.94777483144175E+06	+0.00000000000000E+00	+4.94777579269409E+06	+4.94775396503449E+06	+4.94779569793701E+06 	0.224000	0.082000	0.054639	0.015079
		T	s2 	96	8:15:55 AM	0.0000467776	+2.13300805088768E-11	+1.51134555217126E-14	+6.84631100303336E-02	+1.79807109832764E+01	+4.94777490674373E+06	+0.00000000000000E+00	+4.94777587635041E+06	+4.94775400707245E+06	+4.94779580650330E+06 	0.188000	0.062000	0.056231	0.014602
		T	s2 	97	8:16:01 AM	0.0000429175	+7.94345207933800E-11	+1.51261300478133E-14	+6.84057403408790E-02	+1.79937133789063E+01	+4.94777501172406E+06	+0.00000000000000E+00	+4.94777591083527E+06	+4.94775407939911E+06	+4.94779594413757E+06 	0.212000	0.088000	0.053128	0.014998
		T	s2 	98	8:16:07 AM	0.0000392290	+8.31316240014881E-11	+1.50936599323623E-14	+6.85528979746269E-02	+1.79851665496826E+01	+4.94777499978429E+06	+0.00000000000000E+00	+4.94777602024079E+06	+4.94775412231446E+06	+4.94779587734223E+06 	0.228000	0.072000	0.047999	0.013910
		T	s2 	99	8:16:13 AM	0.0000357120	+3.61153819711039E-11	+1.50937395707366E-14	+6.85525354926726E-02	+1.80095043182373E+01	+4.94777502791757E+06	+0.00000000000000E+00	+4.94777599605560E+06	+4.94775412208557E+06	+4.94779593383789E+06 	0.224000	0.064000	0.048218	0.013857
		T	s2 	100	8:16:19 AM	0.0000323666	+3.44121478090137E-11	+1.51094323818592E-14	+6.84813337527679E-02	+1.79886322021484E+01	+4.94777511371012E+06	+0.00000000000000E+00	+4.94777604743958E+06	+4.94775421039581E+06	+4.94779601711273E+06 	0.176000	0.066000	0.044338	0.014162
		T	s2 	101	8:16:24 AM	0.0000291927	+8.76863268063129E-11	+1.50901145867059E-14	+6.85689995193350E-02	+1.79844932556152E+01	+4.94777516610512E+06	+0.00000000000000E+00	+4.94777610294342E+06	+4.94775429431915E+06	+4.94779603797913E+06 	0.172000	0.092000	0.044827	0.013648
		T	s2 	102	8:16:30 AM	0.0000261904	+4.92286706154266E-11	+1.50997270272420E-14	+6.85253484972604E-02	+1.79882698059082E+01	+4.94777517348648E+06	+0.00000000000000E+00	+4.94777612674713E+06	+4.94775428401947E+06	+4.94779606304169E+06 	0.172000	0.078000	0.044252	0.012273
		T	s2 	103	8:16:36 AM	0.0000233597	+5.26300735782743E-11	+1.50919208798007E-14	+6.85607894454450E-02	+1.79694728851318E+01	+4.94777528582945E+06	+0.00000000000000E+00	+4.94777618747711E+06	+4.94775442897797E+06	+4.94779614276886E+06 	0.180000	0.072000	0.040594	0.012150
		T	s2 	104	8:16:41 AM	0.0000207005	+5.01080699298867E-11	+1.50515156410794E-14	+6.87448374857403E-02	+1.79648361206055E+01	+4.94777531716745E+06	+0.00000000000000E+00	+4.94777615703583E+06	+4.94775452152252E+06	+4.94779611289978E+06 	0.184000	0.060000	0.039298	0.013410
		T	s2 	105	8:16:47 AM	0.0000182129	+1.04207638761436E-10	+1.51245168210365E-14	+6.84130290029163E-02	+1.80154552459717E+01	+4.94777529021594E+06	+0.00000000000000E+00	+4.94777632072449E+06	+4.94775433483124E+06	+4.94779624568939E+06 	0.184000	0.060000	0.036968	0.012669
		T	s2 	106	8:16:53 AM	0.0000158968	-5.81242190437859E-11	+1.51397214189787E-14	+6.83443229293907E-02	+1.80245552062988E+01	+4.94777528594335E+06	+0.00000000000000E+00	+4.94777614887238E+06	+4.94775429889679E+06	+4.94779627307892E+06 	0.148000	0.074000	0.035255	0.013075
		T	s2 	107	8:16:59 AM	0.0000137523	+1.15952677267638E-10	+1.50919029848424E-14	+6.85608681564056E-02	+1.79993686676025E+01	+4.94777537906051E+06	+0.00000000000000E+00	+4.94777632534027E+06	+4.94775448753357E+06	+4.94779627067566E+06 	0.152000	0.076000	0.032643	0.011807
		T	s2 	108	8:17:05 AM	0.0000117794	+6.73320024287265E-11	+1.51213442793923E-14	+6.84273792919582E-02	+1.79972076416016E+01	+4.94777540383681E+06	+0.00000000000000E+00	+4.94777632808685E+06	+4.94775447406769E+06	+4.94779633369446E+06 	0.120000	0.058000	0.032694	0.010961
		T	s2 	109	8:17:11 AM	0.0000099780	-3.46270706340350E-11	+1.51184446513294E-14	+6.84405029194462E-02	+1.80791530609131E+01	+4.94777541606252E+06	+0.00000000000000E+00	+4.94777632747650E+06	+4.94775439502716E+06	+4.94779643718720E+06 	0.124000	0.090000	0.029101	0.010881
		T	s2 	110	8:17:17 AM	0.0000083482	+7.42393915134647E-11	+1.51141048044448E-14	+6.84601520829629E-02	+1.79982299804688E+01	+4.94777551596987E+06	+0.00000000000000E+00	+4.94777647842407E+06	+4.94775459503174E+06	+4.94779643699646E+06 	0.144000	0.064000	0.025660	0.010169
		T	s2 	111	8:17:23 AM	0.0000068899	+1.86198028801346E-11	+1.51265585997800E-14	+6.84037886298252E-02	+1.80489768981934E+01	+4.94777550725296E+06	+0.00000000000000E+00	+4.94777647361756E+06	+4.94775451004028E+06	+4.94779650455475E+06 	0.144000	0.058000	0.024125	0.010623
		T	s2 	112	8:17:29 AM	0.0000056032	+7.40752224946942E-11	+1.51115075700804E-14	+6.84719181597617E-02	+1.80309791564941E+01	+4.94777552529666E+06	+0.00000000000000E+00	+4.94777652519226E+06	+4.94775456989289E+06	+4.94779648078919E+06 	0.136000	0.064000	0.024927	0.009614
		T	s2 	113	8:17:34 AM	0.0000044881	+8.21124959377775E-11	+1.51717652317464E-14	+6.81999701131575E-02	+1.80685768127441E+01	+4.94777546370783E+06	+0.00000000000000E+00	+4.94777653953553E+06	+4.94775438087464E+06	+4.94779654663086E+06 	0.108000	0.072000	0.025995	0.009322
		T	s2 	114	8:17:41 AM	0.0000035445	-3.35241614164321E-11	+1.51293378356075E-14	+6.83912228442536E-02	+1.80837898254395E+01	+4.94777551144894E+06	+0.00000000000000E+00	+4.94777645874024E+06	+4.94775446987152E+06	+4.94779655311585E+06 	0.108000	0.080000	0.024246	0.009727
		T	s2 	115	8:17:47 AM	0.0000027725	+6.86424689786743E-11	+1.51172335454219E-14	+6.84459841793396E-02	+1.80843906402588E+01	+4.94777548112217E+06	+0.00000000000000E+00	+4.94777641986847E+06	+4.94775445568085E+06	+4.94779650665283E+06 	0.100000	0.064000	0.023203	0.009732
		T	s2 	116	8:17:53 AM	0.0000021720	-3.20835086185156E-11	+1.51355922678599E-14	+6.83629628991604E-02	+1.80977497100830E+01	+4.94777547017381E+06	+0.00000000000000E+00	+4.94777648735046E+06	+4.94775440364838E+06	+4.94779653678894E+06 	0.116000	0.048000	0.025276	0.010025
		T	s2 	117	8:17:58 AM	0.0000017431	-3.32848548782309E-11	+1.50859615717832E-14	+6.85878675853182E-02	+1.80688610076904E+01	+4.94777546534866E+06	+0.00000000000000E+00	+4.94777641403198E+06	+4.94775450141907E+06	+4.94779642936707E+06 	0.116000	0.070000	0.025035	0.010464
		T	s2 	118	8:18:04 AM	0.0000014858	+1.60089737621122E-12	+1.51252095521417E-14	+6.84098915858914E-02	+1.80938911437988E+01	+4.94777543906504E+06	+0.00000000000000E+00	+4.94777627391815E+06	+4.94775439147949E+06	+4.94779648674011E+06 	0.116000	0.088000	0.021816	0.010809
		T	s2 	119	8:18:10 AM	0.0000014000	-3.88841230993931E-11	+1.51092252739385E-14	+6.84822660501249E-02	+1.80501346588135E+01	+4.94777534499491E+06	+0.00000000000000E+00	+4.94777641162872E+06	+4.94775437049866E+06	+4.94779631958008E+06 	0.084000	0.070000	0.017497	0.010066
		B	s3	120	8:19:26 AM	0.0000014000	-7.76022033154586E-11	+1.51552491788765E-14	+6.82743601134830E-02	+1.80023727416992E+01	+4.94777306163154E+06	+0.00000000000000E+00	+4.94777407741547E+06	+4.94775207893372E+06	+4.94779404441834E+06 	0	0	0	0
		B	s3	121	8:19:28 AM	0.0000014858	-2.20523177835408E-11	+1.52022306778862E-14	+6.80633633387025E-02	+1.79741611480713E+01	+4.94777303738900E+06	+0.00000000000000E+00	+4.94777407360077E+06	+4.94775202262879E+06	+4.94779405223847E+06 	0	0	0	0
		B	s3	122	8:19:30 AM	0.0000017431	-7.73558299528865E-11	+1.51491096547168E-14	+6.83020297043506E-02	+1.79898433685303E+01	+4.94777306741090E+06	+0.00000000000000E+00	+4.94777419075012E+06	+4.94775210781098E+06	+4.94779402709961E+06 	0	0	0	0
		B	s3	123	8:19:32 AM	0.0000021720	+2.95658758704934E-11	+1.51008892750652E-14	+6.85201287543011E-02	+1.79367923736572E+01	+4.94777321133997E+06	+0.00000000000000E+00	+4.94777413520813E+06	+4.94775238006592E+06	+4.94779404270172E+06 	0	0	0	0
		B	s3	124	8:19:34 AM	0.0000027725	-7.12301914355596E-11	+1.51710076667884E-14	+6.82034383007380E-02	+1.79519748687744E+01	+4.94777319238044E+06	+0.00000000000000E+00	+4.94777421154022E+06	+4.94775224666596E+06	+4.94779413818360E+06 	0	0	0	0
		B	s3	125	8:19:36 AM	0.0000035445	-1.86835936344338E-11	+1.51659668981318E-14	+6.82261068322976E-02	+1.79439926147461E+01	+4.94777321044310E+06	+0.00000000000000E+00	+4.94777417881012E+06	+4.94775228099823E+06	+4.94779413997650E+06 	0	0	0	0
		B	s3	126	8:19:38 AM	0.0000044881	+4.03276547050491E-11	+1.51418107985961E-14	+6.83349500130720E-02	+1.79315738677979E+01	+4.94777319556598E+06	+0.00000000000000E+00	+4.94777420959473E+06	+4.94775231391907E+06	+4.94779407730103E+06 	0	0	0	0
		B	s3	127	8:19:41 AM	0.0000056032	+9.48196742708995E-11	+1.51253729083248E-14	+6.84092135476925E-02	+1.79022483825684E+01	+4.94777324040799E+06	+0.00000000000000E+00	+4.94777427791596E+06	+4.94775241554260E+06	+4.94779406536103E+06 	0	0	0	0
		B	s3	128	8:19:43 AM	0.0000068899	+4.27584782708425E-11	+1.51709943779697E-14	+6.82034966664361E-02	+1.78887424468994E+01	+4.94777324229607E+06	+0.00000000000000E+00	+4.94777425159455E+06	+4.94775237037659E+06	+4.94779411430359E+06 	0	0	0	0
		B	s3	129	8:19:45 AM	0.0000083482	-6.92017082445541E-11	+1.51532305456814E-14	+6.82834506996396E-02	+1.79009571075439E+01	+4.94777322694195E+06	+0.00000000000000E+00	+4.94777424045563E+06	+4.94775236522675E+06	+4.94779408874512E+06 	0	0	0	0
		B	s3	130	8:19:48 AM	0.0000099780	+4.42570213240561E-11	+1.51536754676809E-14	+6.82814440363605E-02	+1.78895149230957E+01	+4.94777329272646E+06	+0.00000000000000E+00	+4.94777422325134E+06	+4.94775244373322E+06	+4.94779414180756E+06 	0	0	0	0
		B	s3	131	8:19:50 AM	0.0000117794	+8.94461598255582E-11	+1.51427699258767E-14	+6.83306213760184E-02	+1.78958644866943E+01	+4.94777320905111E+06	+0.00000000000000E+00	+4.94777419124603E+06	+4.94775236766815E+06	+4.94779405052185E+06 	0	0	0	0
		B	s3	132	8:19:52 AM	0.0000137523	+9.32559712311106E-11	+1.51787704260285E-14	+6.81685544215742E-02	+1.78978118896484E+01	+4.94777330600142E+06	+0.00000000000000E+00	+4.94777429347992E+06	+4.94775241279602E+06	+4.94779419929505E+06 	0	0	0	0
		B	s3	133	8:19:54 AM	0.0000158968	+4.72462144767940E-11	+1.51211452191496E-14	+6.84283386769675E-02	+1.79075813293457E+01	+4.94777328591733E+06	+0.00000000000000E+00	+4.94777425441742E+06	+4.94775246067047E+06	+4.94779411125183E+06 	0	0	0	0
		B	s3	134	8:19:57 AM	0.0000182129	-6.32250889863702E-11	+1.51506918348389E-14	+6.82948914350182E-02	+1.78964920043945E+01	+4.94777326730149E+06	+0.00000000000000E+00	+4.94777422515869E+06	+4.94775241428376E+06	+4.94779412040711E+06 	0	0	0	0
		B	s3	135	8:19:59 AM	0.0000207005	+8.95804236364475E-11	+1.51049754592740E-14	+6.85015932241277E-02	+1.78219509124756E+01	+4.94777319426974E+06	+0.00000000000000E+00	+4.94777416519165E+06	+4.94775249076843E+06	+4.94779389785767E+06 	0	0	0	0
		B	s3	136	8:20:01 AM	0.0000233597	-1.13341717297746E-11	+1.51021714735990E-14	+6.85143092978985E-02	+1.78233871459961E+01	+4.94777328311404E+06	+0.00000000000000E+00	+4.94777423725128E+06	+4.94775258178711E+06	+4.94779398452759E+06 	0	0	0	0
		B	s3	137	8:20:02 AM	0.0000261904	+9.63948503382273E-11	+1.51601684008813E-14	+6.82522018721759E-02	+1.78139801025391E+01	+4.94777321927480E+06	+0.00000000000000E+00	+4.94777422874451E+06	+4.94775244941712E+06	+4.94779398921967E+06 	0	0	0	0
		B	s3	138	8:20:05 AM	0.0000291927	+9.51472261610368E-11	+1.51315671993391E-14	+6.83812099421029E-02	+1.78191986083984E+01	+4.94777322095340E+06	+0.00000000000000E+00	+4.94777417911530E+06	+4.94775248420716E+06	+4.94779395778656E+06 	0	0	0	0
		B	s3	139	8:20:07 AM	0.0000323666	+8.97600429105695E-11	+1.51362223526918E-14	+6.83601793352398E-02	+1.78419494628906E+01	+4.94777321837834E+06	+0.00000000000000E+00	+4.94777423023224E+06	+4.94775244876862E+06	+4.94779398807526E+06 	0	0	0	0
		B	s3	140	8:20:09 AM	0.0000357120	-1.31575631435882E-11	+1.51303371876162E-14	+6.83867683100414E-02	+1.78101730346680E+01	+4.94777324416589E+06	+0.00000000000000E+00	+4.94777421752930E+06	+4.94775251960755E+06	+4.94779396881104E+06 	0	0	0	0
		B	s3	141	8:20:11 AM	0.0000392290	+9.61651102725232E-11	+1.51316866415897E-14	+6.83806689527204E-02	+1.77553997039795E+01	+4.94777326512791E+06	+0.00000000000000E+00	+4.94777417697907E+06	+4.94775260246277E+06	+4.94779392787934E+06 	0	0	0	0
		B	s3	142	8:20:14 AM	0.0000429175	+4.03260813417692E-11	+1.51173034052095E-14	+6.84457291553531E-02	+1.77735233306885E+01	+4.94777326632953E+06	+0.00000000000000E+00	+4.94777422195435E+06	+4.94775260223389E+06	+4.94779393051148E+06 	0	0	0	0
		B	s3	143	8:20:16 AM	0.0000467776	+4.17203494151799E-11	+1.51231404618216E-14	+6.84193123125071E-02	+1.77223205566406E+01	+4.94777322814463E+06	+0.00000000000000E+00	+4.94777423149109E+06	+4.94775261562348E+06	+4.94779384075165E+06 	0	0	0	0
		B	s3	144	8:20:19 AM	0.0000508093	+3.99014779694168E-11	+1.51612945884566E-14	+6.82471318099555E-02	+1.77147064208984E+01	+4.94777322865943E+06	+0.00000000000000E+00	+4.94777417850495E+06	+4.94775257301331E+06	+4.94779388439179E+06 	0	0	0	0
		B	s3	145	8:20:20 AM	0.0000550125	+3.87609420204508E-11	+1.51110609531451E-14	+6.84740060063894E-02	+1.77182865142822E+01	+4.94777320886142E+06	+0.00000000000000E+00	+4.94777417949677E+06	+4.94775261749268E+06	+4.94779380031586E+06 	0	0	0	0
		B	s3	146	8:20:23 AM	0.0000593872	+8.73444831304978E-11	+1.51389386883785E-14	+6.83479146996051E-02	+1.76899185180664E+01	+4.94777318101411E+06	+0.00000000000000E+00	+4.94777415107727E+06	+4.94775258468628E+06	+4.94779377742768E+06 	0	0	0	0
		B	s3	147	8:20:25 AM	0.0000639336	+3.59038818407125E-11	+1.51478548337276E-14	+6.83076844497976E-02	+1.76898860931396E+01	+4.94777318589687E+06	+0.00000000000000E+00	+4.94777417320252E+06	+4.94775257747650E+06	+4.94779379440308E+06 	0	0	0	0
		B	s3	148	8:20:28 AM	0.0000686515	+4.00476423860790E-11	+1.51126291617000E-14	+6.84669004612588E-02	+1.77102775573731E+01	+4.94777321351538E+06	+0.00000000000000E+00	+4.94777415767670E+06	+4.94775262931824E+06	+4.94779379779816E+06 	0	0	0	0
		B	s3	149	8:20:29 AM	0.0000735409	+3.29560978766632E-11	+1.51507237226121E-14	+6.82947497991460E-02	+1.77315025329590E+01	+4.94777319106557E+06	+0.00000000000000E+00	+4.94777412178040E+06	+4.94775253025055E+06	+4.94779385196686E+06 	0	0	0	0
		B	s3	150	8:20:32 AM	0.0000786020	+3.51196979401071E-11	+1.51224645145375E-14	+6.84223716108425E-02	+1.76962337493896E+01	+4.94777318921577E+06	+0.00000000000000E+00	+4.94777417022705E+06	+4.94775260795593E+06	+4.94779377056122E+06 	0	0	0	0
		B	s3	151	8:20:34 AM	0.0000838345	-1.83537728326502E-11	+1.51533250239046E-14	+6.82830255875274E-02	+1.77144489288330E+01	+4.94777320437893E+06	+0.00000000000000E+00	+4.94777417484284E+06	+4.94775255989075E+06	+4.94779384895325E+06 	0	0	0	0
		B	s3	152	8:20:36 AM	0.0000892387	+3.75675378334811E-11	+1.51405114200103E-14	+6.83408143042210E-02	+1.76721591949463E+01	+4.94777320657266E+06	+0.00000000000000E+00	+4.94777415943146E+06	+4.94775262878418E+06	+4.94779378444672E+06 	0	0	0	0
		B	s3	153	8:20:38 AM	0.0000948144	+3.46178215639230E-11	+1.51481069422504E-14	+6.83065467577316E-02	+1.76839103698730E+01	+4.94777321681502E+06	+0.00000000000000E+00	+4.94777413848877E+06	+4.94775261501312E+06	+4.94779381870270E+06 	0	0	0	0
		B	s3	154	8:20:40 AM	0.0001005616	+8.50990304495690E-11	+1.51352937026280E-14	+6.83643741994988E-02	+1.76857070922852E+01	+4.94777319968709E+06	+0.00000000000000E+00	+4.94777414340973E+06	+4.94775261322022E+06	+4.94779378623963E+06 	0	0	0	0
		B	s3	155	8:20:41 AM	0.0001064804	-2.00110292099195E-11	+1.51514743987831E-14	+6.82913656276950E-02	+1.76550674438477E+01	+4.94777321006313E+06	+0.00000000000000E+00	+4.94777416187287E+06	+4.94775263729096E+06	+4.94779378292084E+06 	0	0	0	0
		B	s3	156	8:20:44 AM	0.0001125708	+3.92929186725363E-11	+1.51499137367318E-14	+6.82984018238069E-02	+1.76673469543457E+01	+4.94777316697607E+06	+0.00000000000000E+00	+4.94777415485382E+06	+4.94775258201599E+06	+4.94779375202179E+06 	0	0	0	0
		B	s3	157	8:20:46 AM	0.0001188327	+3.65572287703602E-11	+1.51630790390116E-14	+6.82391020293853E-02	+1.76604633331299E+01	+4.94777316306597E+06	+0.00000000000000E+00	+4.94777416862488E+06	+4.94775256824494E+06	+4.94779375797272E+06 	0	0	0	0
		B	s3	158	8:20:49 AM	0.0001252662	+3.58092000727889E-11	+1.51673006872581E-14	+6.82201077396633E-02	+1.76692008972168E+01	+4.94777318845271E+06	+0.00000000000000E+00	+4.94777417373657E+06	+4.94775257770539E+06	+4.94779379928589E+06 	0	0	0	0
		B	s3	159	8:20:51 AM	0.0001318713	-1.83199822950025E-11	+1.51523598056454E-14	+6.82873755130625E-02	+1.76651821136475E+01	+4.94777319573889E+06	+0.00000000000000E+00	+4.94777416061402E+06	+4.94775260997772E+06	+4.94779378158570E+06 	0	0	0	0
		B	s3	160	8:20:54 AM	0.0001386479	-1.89963741822097E-11	+1.51659473250758E-14	+6.82261957217710E-02	+1.76302719116211E+01	+4.94777318007965E+06	+0.00000000000000E+00	+4.94777416347504E+06	+4.94775261657715E+06	+4.94779374366761E+06 	0	0	0	0
		B	s3	161	8:20:56 AM	0.0001455961	+8.94585848839387E-11	+1.51377577632627E-14	+6.83532459435257E-02	+1.76513233184814E+01	+4.94777320657277E+06	+0.00000000000000E+00	+4.94777415046692E+06	+4.94775265678406E+06	+4.94779375644684E+06 	0	0	0	0
		B	s3	162	8:20:58 AM	0.0001527158	-1.94808016540429E-11	+1.51315831047997E-14	+6.83811381864754E-02	+1.76330070495605E+01	+4.94777321651018E+06	+0.00000000000000E+00	+4.94777416240692E+06	+4.94775269641876E+06	+4.94779373668671E+06 	0	0	0	0
		B	s3	163	8:21:00 AM	0.0001600071	+3.80097043734098E-11	+1.51211706564580E-14	+6.84282260321067E-02	+1.76456413269043E+01	+4.94777319671190E+06	+0.00000000000000E+00	+4.94777418750763E+06	+4.94775267604828E+06	+4.94779371746063E+06 	0	0	0	0
		B	s3	164	8:21:02 AM	0.0001674700	+3.38427600871503E-11	+1.51514068828707E-14	+6.82916706957104E-02	+1.76394653320313E+01	+4.94777318267368E+06	+0.00000000000000E+00	+4.94777417518616E+06	+4.94775262817383E+06	+4.94779373725891E+06 	0	0	0	0
		B	s3	165	8:21:05 AM	0.0001751044	+3.91711285339670E-11	+1.51682935704865E-14	+6.82156417855436E-02	+1.76391696929932E+01	+4.94777320352090E+06	+0.00000000000000E+00	+4.94777417098999E+06	+4.94775262645722E+06	+4.94779378067017E+06 	0	0	0	0
		B	s3	166	8:21:07 AM	0.0001829104	+3.55205713353028E-11	+1.51543542312055E-14	+6.82783888189729E-02	+1.76348400115967E+01	+4.94777318009876E+06	+0.00000000000000E+00	+4.94777414653778E+06	+4.94775262699127E+06	+4.94779373329163E+06 	0	0	0	0
		B	s3	167	8:21:10 AM	0.0001908879	+3.64942646942040E-11	+1.51769360529860E-14	+6.81767969065914E-02	+1.76460380554199E+01	+4.94777318858628E+06	+0.00000000000000E+00	+4.94777415836334E+06	+4.94775259178162E+06	+4.94779378547669E+06 	0	0	0	0
		B	s3	168	8:21:12 AM	0.0001990370	-1.45547332588039E-11	+1.51590976962986E-14	+6.82570237175785E-02	+1.76498374938965E+01	+4.94777317891611E+06	+0.00000000000000E+00	+4.94777421005249E+06	+4.94775260189057E+06	+4.94779375602722E+06 	0	0	0	0
		B	s3	169	8:21:14 AM	0.0002073577	-1.73994172331726E-11	+1.51673691202908E-14	+6.82197997550055E-02	+1.76598663330078E+01	+4.94777319516662E+06	+0.00000000000000E+00	+4.94777418697357E+06	+4.94775259521485E+06	+4.94779379520416E+06 	0	0	0	0
		B	s3	170	8:21:16 AM	0.0002158499	+8.91210730154480E-11	+1.51469337115376E-14	+6.83118388042117E-02	+1.76469669342041E+01	+4.94777317153475E+06	+0.00000000000000E+00	+4.94777413284302E+06	+4.94775261436463E+06	+4.94779372879029E+06 	0	0	0	0
		B	s3	171	8:21:19 AM	0.0002245136	-2.03580346189437E-11	+1.51554921169938E-14	+6.82732617301218E-02	+1.76238937377930E+01	+4.94777320531396E+06	+0.00000000000000E+00	+4.94777413986206E+06	+4.94775266342163E+06	+4.94779374729157E+06 	0	0	0	0
		B	s3	172	8:21:20 AM	0.0002333490	+3.77135412580710E-11	+1.51696708277209E-14	+6.82094489448900E-02	+1.76326637268066E+01	+4.94777318646923E+06	+0.00000000000000E+00	+4.94777419002533E+06	+4.94775261512757E+06	+4.94779375789642E+06 	0	0	0	0
		B	s3	173	8:21:22 AM	0.0002423559	+3.67523624552078E-11	+1.51762965575284E-14	+6.81796687830046E-02	+1.76392478942871E+01	+4.94777322278508E+06	+0.00000000000000E+00	+4.94777417125702E+06	+4.94775263477326E+06	+4.94779381088257E+06 	0	0	0	0
		B	s3	174	8:21:24 AM	0.0002515343	+3.80446352362169E-11	+1.51659883532100E-14	+6.82260107746768E-02	+1.76217861175537E+01	+4.94777319373630E+06	+0.00000000000000E+00	+4.94777415748596E+06	+4.94775264007569E+06	+4.94779374748230E+06 	0	0	0	0
		B	s3	175	8:21:27 AM	0.0002608843	+3.78665508706593E-11	+1.51841584377726E-14	+6.81443683166375E-02	+1.76284980773926E+01	+4.94777319285879E+06	+0.00000000000000E+00	+4.94777421119690E+06	+4.94775260673523E+06	+4.94779377906799E+06 	0	0	0	0
		B	s3	176	8:21:29 AM	0.0002704059	+3.86750528583368E-11	+1.51574821609690E-14	+6.82642978171366E-02	+1.76243286132813E+01	+4.94777321382072E+06	+0.00000000000000E+00	+4.94777421989441E+06	+4.94775266872406E+06	+4.94779375900269E+06 	0	0	0	0
		B	s3	177	8:21:32 AM	0.0002800991	+3.88117806319467E-11	+1.51893857935737E-14	+6.81209168709400E-02	+1.76142349243164E+01	+4.94777318854822E+06	+0.00000000000000E+00	+4.94777416137696E+06	+4.94775261199951E+06	+4.94779376518250E+06 	0	0	0	0
		B	s3	178	8:21:33 AM	0.0002899637	-1.61102264880626E-11	+1.51912207179115E-14	+6.81126876816449E-02	+1.76341629028320E+01	+4.94777322370055E+06	+0.00000000000000E+00	+4.94777418632507E+06	+4.94775262138367E+06	+4.94779382610321E+06 	0	0	0	0
		B	s3	179	8:21:35 AM	0.0003000000	+4.06717240975244E-11	+1.51843592044979E-14	+6.81434668060921E-02	+1.76164398193359E+01	+4.94777321136013E+06	+0.00000000000000E+00	+4.94777419979096E+06	+4.94775263904572E+06	+4.94779378376007E+06 	0	0	0	0

