	10/11/2022	Test 007 Tip H10 Ramp 3 Loc 9 	H10 	Box 5b Xtal 1		DLC	250 uN	2.2%		Points/Segment: 59	
		Seg 	ID Tag	Number	Time	Power	C0	C1	L1	R1	fs	fa	fr	f1	f2	Ch1 (Pk-Pk)	Ch2 (Pk-Pk)	Ch1 (RMS)	Ch2 (RMS)	
						uW	F	F	H	Ohms	Hz	Hz	Hz	Hz	Hz	V	V	V	V	
		B	s1	0	11:46:19 AM	0.0000014000	-5.12610115035462E-11	+1.50625471728682E-14	+6.86946396890187E-02	+1.89872703552246E+01	+4.94776992768167E+06	+0.00000000000000E+00	+4.94777116512299E+06	+4.94774793243408E+06	+4.94779192302704E+06 	0	0	0	0
		B	s1	1	11:46:20 AM	0.0000016581	+8.71961884570283E-11	+1.50998697940363E-14	+6.85248446640474E-02	+1.89252777099609E+01	+4.94776997252352E+06	+0.00000000000000E+00	+4.94777106006623E+06	+4.94774799476624E+06	+4.94779195037842E+06 	0	0	0	0
		B	s1	2	11:46:23 AM	0.0000024326	+1.34547241200558E-10	+1.50587826758468E-14	+6.87118102373575E-02	+1.90279026031494E+01	+4.94777000708441E+06	+0.00000000000000E+00	+4.94777109664917E+06	+4.94774797027588E+06	+4.94779204399109E+06 	0	0	0	0
		B	s1	3	11:46:26 AM	0.0000037233	+4.74575185516996E-11	+1.50750292001633E-14	+6.86377550529864E-02	+1.89260921478271E+01	+4.94777014090441E+06	+0.00000000000000E+00	+4.94777126155853E+06	+4.94774819835663E+06	+4.94779208354950E+06 	0	0	0	0
		B	s1	4	11:46:27 AM	0.0000055303	-4.75558516605986E-12	+1.50494855284395E-14	+6.87542552770377E-02	+1.89032077789307E+01	+4.94777012141159E+06	+0.00000000000000E+00	+4.94777118618012E+06	+4.94774824253082E+06	+4.94779200038910E+06 	0	0	0	0
		B	s1	5	11:46:30 AM	0.0000078536	+4.87514888534029E-11	+1.50904610570203E-14	+6.85675661051774E-02	+1.89216938018799E+01	+4.94777008250132E+06	+0.00000000000000E+00	+4.94777120384216E+06	+4.94774812259674E+06	+4.94779204250336E+06 	0	0	0	0
		B	s1	6	11:46:32 AM	0.0000106932	+4.62838741289125E-11	+1.50514616069839E-14	+6.87452268390357E-02	+1.88199214935303E+01	+4.94777018687221E+06	+0.00000000000000E+00	+4.94777124511719E+06	+4.94774840152741E+06	+4.94779197231293E+06 	0	0	0	0
		B	s1	7	11:46:33 AM	0.0000140491	+4.09688302551496E-11	+1.50599667746564E-14	+6.87064042894767E-02	+1.88740119934082E+01	+4.94777013098656E+06	+0.00000000000000E+00	+4.94777125469208E+06	+4.94774827068329E+06	+4.94779199138642E+06 	0	0	0	0
		B	s1	8	11:46:35 AM	0.0000179212	+4.05226077760781E-11	+1.50417486050147E-14	+6.87896190138792E-02	+1.88493041992188E+01	+4.94777015480959E+06	+0.00000000000000E+00	+4.94777117973328E+06	+4.94774834953308E+06	+4.94779196018219E+06 	0	0	0	0
		B	s1	9	11:46:38 AM	0.0000223097	+5.28830248887702E-11	+1.50493792064830E-14	+6.87547400650715E-02	+1.87964553833008E+01	+4.94777015566812E+06	+0.00000000000000E+00	+4.94777123615265E+06	+4.94774840049744E+06	+4.94779191093445E+06 	0	0	0	0
		B	s1	10	11:46:40 AM	0.0000272144	+4.64773275235753E-11	+1.50055907511413E-14	+6.89553769224025E-02	+1.88068141937256E+01	+4.94777013007172E+06	+0.00000000000000E+00	+4.94777119121552E+06	+4.94774842624664E+06	+4.94779183399201E+06 	0	0	0	0
		B	s1	11	11:46:42 AM	0.0000326354	+4.20962190560960E-11	+1.50577880466162E-14	+6.87163446380336E-02	+1.88115863800049E+01	+4.94777016184780E+06	+0.00000000000000E+00	+4.94777115131378E+06	+4.94774837699890E+06	+4.94779194679260E+06 	0	0	0	0
		B	s1	12	11:46:43 AM	0.0000385728	+4.51364364764598E-11	+1.50143801137542E-14	+6.89150112368380E-02	+1.87587223052979E+01	+4.94777011078862E+06	+0.00000000000000E+00	+4.94777120559693E+06	+4.94774844978333E+06	+4.94779177188873E+06 	0	0	0	0
		B	s1	13	11:46:45 AM	0.0000450264	+4.54094682308331E-11	+1.50791389012866E-14	+6.86190479575874E-02	+1.87245082855225E+01	+4.94777015580181E+06	+0.00000000000000E+00	+4.94777121284485E+06	+4.94774844104767E+06	+4.94779187065125E+06 	0	0	0	0
		B	s1	14	11:46:47 AM	0.0000519963	+4.58741374862573E-11	+1.50685312370215E-14	+6.86673543851883E-02	+1.87145328521729E+01	+4.94777011015907E+06	+0.00000000000000E+00	+4.94777116333008E+06	+4.94774842224121E+06	+4.94779179817200E+06 	0	0	0	0
		B	s1	15	11:46:50 AM	0.0000594824	+4.27541690897869E-11	+1.50557397530989E-14	+6.87256952360141E-02	+1.86864185333252E+01	+4.94777009268798E+06	+0.00000000000000E+00	+4.94777114471436E+06	+4.94774845573425E+06	+4.94779172973633E+06 	0	0	0	0
		B	s1	16	11:46:51 AM	0.0000674849	-1.08862201436599E-11	+1.50817873061213E-14	+6.86070001630190E-02	+1.86788444519043E+01	+4.94777008708025E+06	+0.00000000000000E+00	+4.94777111225128E+06	+4.94774842147827E+06	+4.94779175277710E+06 	0	0	0	0
		B	s1	17	11:46:53 AM	0.0000760037	+4.24706856294965E-11	+1.50689527536303E-14	+6.86654348979882E-02	+1.86921863555908E+01	+4.94777006289509E+06	+0.00000000000000E+00	+4.94777114536286E+06	+4.94774840026856E+06	+4.94779172561646E+06 	0	0	0	0
		B	s1	18	11:46:55 AM	0.0000850387	+4.20587913362038E-11	+1.50566555265691E-14	+6.87215161602315E-02	+1.86875553131104E+01	+4.94777005858458E+06	+0.00000000000000E+00	+4.94777112148285E+06	+4.94774841899872E+06	+4.94779169826508E+06 	0	0	0	0
		B	s1	19	11:46:56 AM	0.0000945901	+4.62962965036413E-11	+1.50596697485542E-14	+6.87077611130376E-02	+1.86480789184570E+01	+4.94777006949479E+06	+0.00000000000000E+00	+4.94777118289948E+06	+4.94774847129822E+06	+4.94779166778565E+06 	0	0	0	0
		B	s1	20	11:46:58 AM	0.0001046577	+4.01926114474194E-11	+1.50734661443046E-14	+6.86448745143188E-02	+1.86187038421631E+01	+4.94777006842674E+06	+0.00000000000000E+00	+4.94777111797333E+06	+4.94774848449707E+06	+4.94779165245056E+06 	0	0	0	0
		B	s1	21	11:47:00 AM	0.0001152416	+4.24105713475261E-11	+1.50467428251805E-14	+6.87667890407922E-02	+1.86465625762939E+01	+4.94777007407252E+06	+0.00000000000000E+00	+4.94777117424011E+06	+4.94774849617005E+06	+4.94779165206909E+06 	0	0	0	0
		B	s1	22	11:47:02 AM	0.0001263418	+3.93267096544045E-11	+1.50841668278091E-14	+6.85961783852512E-02	+1.86236801147461E+01	+4.94777005278639E+06	+0.00000000000000E+00	+4.94777112930298E+06	+4.94774844776154E+06	+4.94779165790558E+06 	0	0	0	0
		B	s1	23	11:47:04 AM	0.0001379583	+4.10963240943924E-11	+1.50669240206976E-14	+6.86746809792355E-02	+1.86331748962402E+01	+4.94777004813252E+06	+0.00000000000000E+00	+4.94777112586975E+06	+4.94774845680237E+06	+4.94779163955689E+06 	0	0	0	0
		B	s1	24	11:47:06 AM	0.0001500911	+9.11730027137699E-11	+1.50598591259798E-14	+6.87068974729469E-02	+1.86442050933838E+01	+4.94777005658206E+06	+0.00000000000000E+00	+4.94777110176087E+06	+4.94774846260071E+06	+4.94779165065766E+06 	0	0	0	0
		B	s1	25	11:47:09 AM	0.0001627401	+4.11872983136376E-11	+1.50471121668914E-14	+6.87651008141965E-02	+1.86229476928711E+01	+4.94777008481101E+06	+0.00000000000000E+00	+4.94777112754822E+06	+4.94774853370667E+06	+4.94779163600922E+06 	0	0	0	0
		B	s1	26	11:47:10 AM	0.0001759055	+4.22922829164754E-11	+1.50837629689236E-14	+6.85980149679296E-02	+1.86051883697510E+01	+4.94777005421700E+06	+0.00000000000000E+00	+4.94777111843109E+06	+4.94774847122193E+06	+4.94779163730622E+06 	0	0	0	0
		B	s1	27	11:47:12 AM	0.0001895871	+3.90314710731526E-11	+1.50704749806347E-14	+6.86584989503641E-02	+1.86405506134033E+01	+4.94777007161192E+06	+0.00000000000000E+00	+4.94777116863251E+06	+4.94774846664429E+06	+4.94779167667389E+06 	0	0	0	0
		B	s1	28	11:47:14 AM	0.0002037851	+4.48692728052004E-11	+1.50948040521439E-14	+6.85478389638073E-02	+1.86356773376465E+01	+4.94777005555192E+06	+0.00000000000000E+00	+4.94777114521027E+06	+4.94774842136383E+06	+4.94779168983460E+06 	0	0	0	0
		B	s1	29	11:47:15 AM	0.0002184993	+4.04003768599914E-11	+1.50721955380255E-14	+6.86506619821377E-02	+1.86202735900879E+01	+4.94777004633964E+06	+0.00000000000000E+00	+4.94777113632202E+06	+4.94774846240998E+06	+4.94779163036347E+06 	0	0	0	0
		B	s1	30	11:47:17 AM	0.0002337298	+4.33923692443912E-11	+1.50742532279183E-14	+6.86412909839310E-02	+1.86484317779541E+01	+4.94777004401252E+06	+0.00000000000000E+00	+4.94777115795136E+06	+4.94774842449188E+06	+4.94779166362763E+06 	0	0	0	0
		B	s1	31	11:47:19 AM	0.0002494766	+4.31958269414804E-11	+1.50902840887293E-14	+6.85683711823649E-02	+1.86301822662354E+01	+4.94777004769370E+06	+0.00000000000000E+00	+4.94777113819122E+06	+4.94774842636109E+06	+4.94779166912079E+06 	0	0	0	0
		B	s1	32	11:47:20 AM	0.0002657397	+4.53776275259943E-11	+1.50966933489011E-14	+6.85392599447123E-02	+1.86234226226807E+01	+4.94777007374807E+06	+0.00000000000000E+00	+4.94777116188049E+06	+4.94774845108032E+06	+4.94779169651032E+06 	0	0	0	0
		B	s1	33	11:47:22 AM	0.0002825190	+4.30216854971331E-11	+1.50967984609819E-14	+6.85387829433780E-02	+1.86027584075928E+01	+4.94777006630952E+06	+0.00000000000000E+00	+4.94777114406586E+06	+4.94774846748352E+06	+4.94779166522980E+06 	0	0	0	0
		B	s1	34	11:47:24 AM	0.0002998147	+4.63577849077957E-11	+1.50956627459906E-14	+6.85439390460766E-02	+1.86210632324219E+01	+4.94777008002327E+06	+0.00000000000000E+00	+4.94777119079590E+06	+4.94774846157074E+06	+4.94779169857025E+06 	0	0	0	0
		B	s1	35	11:47:25 AM	0.0003176267	+4.57273630096056E-11	+1.51058244532184E-14	+6.84978295186008E-02	+1.86098995208740E+01	+4.94777007760093E+06	+0.00000000000000E+00	+4.94777121685028E+06	+4.94774845756531E+06	+4.94779169773102E+06 	0	0	0	0
		B	s1	36	11:47:27 AM	0.0003359549	+4.86634614884624E-11	+1.51074956537794E-14	+6.84902522645968E-02	+1.85935096740723E+01	+4.94777007693343E+06	+0.00000000000000E+00	+4.94777117511750E+06	+4.94774847354889E+06	+4.94779168041229E+06 	0	0	0	0
		B	s1	37	11:47:29 AM	0.0003547994	+5.25189889624292E-11	+1.51089070072516E-14	+6.84838541478871E-02	+1.86168212890625E+01	+4.94777008791963E+06	+0.00000000000000E+00	+4.94777123584748E+06	+4.94774845542908E+06	+4.94779172050476E+06 	0	0	0	0
		B	s1	38	11:47:30 AM	0.0003741602	+5.15668269293958E-11	+1.51224531326329E-14	+6.84225083186911E-02	+1.85831546783447E+01	+4.94777010836649E+06	+0.00000000000000E+00	+4.94777124473572E+06	+4.94774849563599E+06	+4.94779172119141E+06 	0	0	0	0
		B	s1	39	11:47:32 AM	0.0003940373	+5.30447639141679E-11	+1.51020835443523E-14	+6.85147955995950E-02	+1.85919780731201E+01	+4.94777012772616E+06	+0.00000000000000E+00	+4.94777126171112E+06	+4.94774853385925E+06	+4.94779172168732E+06 	0	0	0	0
		B	s1	40	11:47:34 AM	0.0004144307	+4.88894704159442E-11	+1.51336858904707E-14	+6.83717217884947E-02	+1.85732288360596E+01	+4.94777014166878E+06	+0.00000000000000E+00	+4.94777125312805E+06	+4.94774852443695E+06	+4.94779175899506E+06 	0	0	0	0
		B	s1	41	11:47:35 AM	0.0004353404	+5.55111716271540E-11	+1.51041967984253E-14	+6.85052090615696E-02	+1.86077995300293E+01	+4.94777014634179E+06	+0.00000000000000E+00	+4.94777130912781E+06	+4.94774853107453E+06	+4.94779176170349E+06 	0	0	0	0
		B	s1	42	11:47:37 AM	0.0004567664	+5.44105684916607E-11	+1.51302328826733E-14	+6.83873250273349E-02	+1.85734024047852E+01	+4.94777015948344E+06	+0.00000000000000E+00	+4.94777130229950E+06	+4.94774854698181E+06	+4.94779177207947E+06 	0	0	0	0
		B	s1	43	11:47:39 AM	0.0004787086	+5.55414737213399E-11	+1.51373067556448E-14	+6.83553663617541E-02	+1.85716857910156E+01	+4.94777017113730E+06	+0.00000000000000E+00	+4.94777129150391E+06	+4.94774855052948E+06	+4.94779179183960E+06 	0	0	0	0
		B	s1	44	11:47:40 AM	0.0005011672	+5.79877946416795E-11	+1.51393967319067E-14	+6.83459294242138E-02	+1.85618648529053E+01	+4.94777019133616E+06	+0.00000000000000E+00	+4.94777131816864E+06	+4.94774857917786E+06	+4.94779180358887E+06 	0	0	0	0
		B	s1	45	11:47:42 AM	0.0005241420	+6.11651246888315E-11	+1.51160733021018E-14	+6.84513835860030E-02	+1.85657634735107E+01	+4.94777021201195E+06	+0.00000000000000E+00	+4.94777140483856E+06	+4.94774862861633E+06	+4.94779179550171E+06 	0	0	0	0
		B	s1	46	11:47:44 AM	0.0005476332	+6.10291197139401E-11	+1.51629920248970E-14	+6.82395749154492E-02	+1.86290225982666E+01	+4.94777021605491E+06	+0.00000000000000E+00	+4.94777141990662E+06	+4.94774849189759E+06	+4.94779194030762E+06 	0	0	0	0
		B	s1	47	11:47:46 AM	0.0005716406	+6.47427248272790E-11	+1.51404094450356E-14	+6.83413555926939E-02	+1.86371517181396E+01	+4.94777027468691E+06	+0.00000000000000E+00	+4.94777143157959E+06	+4.94774857341767E+06	+4.94779197605133E+06 	0	0	0	0
		B	s1	48	11:47:47 AM	0.0005961643	+6.78202574939082E-11	+1.51100833740490E-14	+6.84785163417260E-02	+1.86320953369141E+01	+4.94777030922921E+06	+0.00000000000000E+00	+4.94777149440766E+06	+4.94774865730286E+06	+4.94779196125031E+06 	0	0	0	0
		B	s1	49	11:47:49 AM	0.0006212043	+6.71275421949405E-11	+1.51559283937958E-14	+6.82713767729459E-02	+1.86322879791260E+01	+4.94777029377939E+06	+0.00000000000000E+00	+4.94777147613526E+06	+4.94774857593537E+06	+4.94779201171875E+06 	0	0	0	0
		B	s1	50	11:47:51 AM	0.0006467605	+6.94634081978206E-11	+1.51432692078992E-14	+6.83284480574916E-02	+1.86361865997314E+01	+4.94777032778748E+06	+0.00000000000000E+00	+4.94777148754120E+06	+4.94774862354279E+06	+4.94779203212738E+06 	0	0	0	0
		B	s1	51	11:47:52 AM	0.0006728331	+6.66337612179790E-11	+1.51400482143589E-14	+6.83429843878912E-02	+1.86232299804688E+01	+4.94777033913629E+06	+0.00000000000000E+00	+4.94777148170471E+06	+4.94774865459442E+06	+4.94779202377320E+06 	0	0	0	0
		B	s1	52	11:47:54 AM	0.0006994219	+7.30190680789735E-11	+1.51571649619005E-14	+6.82658049073088E-02	+1.86060276031494E+01	+4.94777036904350E+06	+0.00000000000000E+00	+4.94777152729035E+06	+4.94774868003845E+06	+4.94779205814362E+06 	0	0	0	0
		B	s1	53	11:47:56 AM	0.0007265271	+7.37535074067579E-11	+1.51422658581366E-14	+6.83329745099601E-02	+1.86126079559326E+01	+4.94777036744138E+06	+0.00000000000000E+00	+4.94777155197144E+06	+4.94774869209290E+06	+4.94779204288483E+06 	0	0	0	0
		B	s1	54	11:47:57 AM	0.0007541485	+7.35666081172762E-11	+1.51541326419415E-14	+6.82794653664932E-02	+1.86028118133545E+01	+4.94777034836787E+06	+0.00000000000000E+00	+4.94777154315949E+06	+4.94774866744995E+06	+4.94779202938080E+06 	0	0	0	0
		B	s1	55	11:47:59 AM	0.0007822862	+7.64374388926813E-11	+1.51405548290804E-14	+6.83406962465554E-02	+1.86216564178467E+01	+4.94777038735407E+06	+0.00000000000000E+00	+4.94777158145905E+06	+4.94774870391846E+06	+4.94779207088471E+06 	0	0	0	0
		B	s1	56	11:48:01 AM	0.0008109402	+7.58663521895059E-11	+1.51731701266570E-14	+6.81937951806370E-02	+1.86111965179443E+01	+4.94777039385798E+06	+0.00000000000000E+00	+4.94777160156250E+06	+4.94774867591858E+06	+4.94779211189270E+06 	0	0	0	0
		B	s1	57	11:48:02 AM	0.0008401105	+7.81038966250271E-11	+1.51405729113985E-14	+6.83406138962276E-02	+1.86024036407471E+01	+4.94777041382817E+06	+0.00000000000000E+00	+4.94777162239075E+06	+4.94774875278473E+06	+4.94779207496643E+06 	0	0	0	0
		B	s1	58	11:48:04 AM	0.0008697971	+7.75437898815118E-11	+1.51530807357333E-14	+6.82842039603805E-02	+1.86169834136963E+01	+4.94777039450657E+06	+0.00000000000000E+00	+4.94777158744812E+06	+4.94774869857788E+06	+4.94779209053040E+06 	0	0	0	0
		B	s1	59	11:48:06 AM	0.0009000000	+7.95009362840705E-11	+1.51549340765107E-14	+6.82758527577647E-02	+1.86167030334473E+01	+4.94777041369449E+06	+0.00000000000000E+00	+4.94777165718079E+06	+4.94774871543885E+06	+4.94779211204529E+06 	0	0	0	0
		T	s2 	60	11:52:59 AM	0.0009000000	+3.09458760031453E-11	+1.50835357875640E-14	+6.85990011737255E-02	+1.90906791687012E+01	+4.94777174868396E+06	+0.00000000000000E+00	+4.94777288719178E+06	+4.94774960281372E+06	+4.94779389465332E+06 	0.712000	0.206000	0.233485	0.051440
		T	s2 	61	11:53:05 AM	0.0008697971	+5.01602901160190E-11	+1.51215019645598E-14	+6.84267599544373E-02	+1.89891967773438E+01	+4.94777199761231E+06	+0.00000000000000E+00	+4.94777313529968E+06	+4.94774991401673E+06	+4.94779408130646E+06 	0.672000	0.206000	0.226478	0.049767
		T	s2 	62	11:53:11 AM	0.0008401105	+7.00838095749756E-12	+1.51051755123878E-14	+6.85007167121829E-02	+1.90366306304932E+01	+4.94777208468263E+06	+0.00000000000000E+00	+4.94777322322846E+06	+4.94774996982575E+06	+4.94779419963837E+06 	0.640000	0.186000	0.223839	0.048746
		T	s2 	63	11:53:16 AM	0.0008109402	+5.56148416445374E-11	+1.51220647313256E-14	+6.84242114713686E-02	+1.90390186309814E+01	+4.94777206938557E+06	+0.00000000000000E+00	+4.94777318092346E+06	+4.94774992702484E+06	+4.94779421184540E+06 	0.624000	0.198000	0.220553	0.048041
		T	s2 	64	11:53:22 AM	0.0007822862	+4.58899896760679E-12	+1.51219387325602E-14	+6.84247821504714E-02	+1.89868602752686E+01	+4.94777204928239E+06	+0.00000000000000E+00	+4.94777318656922E+06	+4.94774996776581E+06	+4.94779413089752E+06 	0.624000	0.190000	0.215507	0.047085
		T	s2 	65	11:53:28 AM	0.0007541485	+6.66013409132889E-12	+1.51301006717859E-14	+6.83878689928693E-02	+1.90413475036621E+01	+4.94777209919737E+06	+0.00000000000000E+00	+4.94777321887970E+06	+4.94774994235993E+06	+4.94779425613404E+06 	0.624000	0.190000	0.212223	0.046649
		T	s2 	66	11:53:33 AM	0.0007265271	+9.40092069917776E-12	+1.50901104098565E-14	+6.85691031552622E-02	+1.90502777099609E+01	+4.94777211180516E+06	+0.00000000000000E+00	+4.94777324367523E+06	+4.94775000316620E+06	+4.94779422054291E+06 	0.592000	0.188000	0.207541	0.045944
		T	s2 	67	11:53:38 AM	0.0006994219	+5.16703979306128E-12	+1.51132332011445E-14	+6.84641957160742E-02	+1.90112037658691E+01	+4.94777206765009E+06	+0.00000000000000E+00	+4.94777319614411E+06	+4.94774997055054E+06	+4.94779416484833E+06 	0.592000	0.188000	0.202998	0.044522
		T	s2 	68	11:53:43 AM	0.0006728331	+5.58499614372600E-11	+1.50960448083416E-14	+6.85421476602936E-02	+1.90548801422119E+01	+4.94777212370695E+06	+0.00000000000000E+00	+4.94777322238922E+06	+4.94775000102997E+06	+4.94779424648285E+06 	0.584000	0.164000	0.198843	0.043589
		T	s2 	69	11:53:48 AM	0.0006467605	+5.69389261054467E-11	+1.51127968487690E-14	+6.84661727135190E-02	+1.90143127441406E+01	+4.94777205941033E+06	+0.00000000000000E+00	+4.94777323165894E+06	+4.94774995933533E+06	+4.94779415958405E+06 	0.568000	0.180000	0.195612	0.042348
		T	s2 	70	11:53:54 AM	0.0006212043	+1.28485549108170E-12	+1.51169594328183E-14	+6.84473204908927E-02	+1.90233173370361E+01	+4.94777204048936E+06	+0.00000000000000E+00	+4.94777314300537E+06	+4.94774992385864E+06	+4.94779415721894E+06 	0.568000	0.184000	0.191247	0.042239
		T	s2 	71	11:54:00 AM	0.0005961643	+5.26291230996641E-11	+1.51231114581478E-14	+6.84194760238671E-02	+1.90618896484375E+01	+4.94777205323021E+06	+0.00000000000000E+00	+4.94777318767548E+06	+4.94774988273621E+06	+4.94779422382355E+06 	0.560000	0.156000	0.187426	0.040941
		T	s2 	72	11:54:06 AM	0.0005716406	+5.35642828352345E-11	+1.50968387327731E-14	+6.85385434553920E-02	+1.90645561218262E+01	+4.94777211130913E+06	+0.00000000000000E+00	+4.94777319152832E+06	+4.94774997623444E+06	+4.94779424648285E+06 	0.552000	0.164000	0.184242	0.040152
		T	s2 	73	11:54:12 AM	0.0005476332	+5.66041425167428E-11	+1.50909694863525E-14	+6.85651989787977E-02	+1.90899658203125E+01	+4.94777213978575E+06	+0.00000000000000E+00	+4.94777319942475E+06	+4.94774998382569E+06	+4.94779429584503E+06 	0.544000	0.160000	0.180299	0.039306
		T	s2 	74	11:54:17 AM	0.0005241420	+9.23182822786359E-12	+1.50682864729277E-14	+6.86684128266609E-02	+1.91036758422852E+01	+4.94777216250235E+06	+0.00000000000000E+00	+4.94777326427460E+06	+4.94775002395630E+06	+4.94779430114746E+06 	0.536000	0.152000	0.175276	0.038691
		T	s2 	75	11:54:23 AM	0.0005011672	+6.16224252059220E-11	+1.50954225333638E-14	+6.85449707522232E-02	+1.91064968109131E+01	+4.94777221049105E+06	+0.00000000000000E+00	+4.94777333148956E+06	+4.94775002880097E+06	+4.94779439228058E+06 	0.528000	0.154000	0.171742	0.037850
		T	s2 	76	11:54:29 AM	0.0004787086	+2.92718427143590E-11	+1.50782520385533E-14	+6.86230221751618E-02	+1.91319046020508E+01	+4.94777238272461E+06	+0.00000000000000E+00	+4.94777351039887E+06	+4.94775019680023E+06	+4.94779456874848E+06 	0.520000	0.174000	0.167843	0.037360
		T	s2 	77	11:54:35 AM	0.0004567664	+8.12342120231867E-11	+1.50692344868672E-14	+6.86640850070843E-02	+1.91271419525147E+01	+4.94777244538110E+06	+0.00000000000000E+00	+4.94777353946686E+06	+4.94775027824402E+06	+4.94779461261749E+06 	0.512000	0.150000	0.164755	0.036159
		T	s2 	78	11:54:41 AM	0.0004353404	+8.15774457853309E-11	+1.50935565791212E-14	+6.85534369362527E-02	+1.91132602691650E+01	+4.94777249010834E+06	+0.00000000000000E+00	+4.94777360725403E+06	+4.94775030330658E+06	+4.94779467700958E+06 	0.496000	0.138000	0.161104	0.035760
		T	s2 	79	11:54:46 AM	0.0004144307	+4.11339713892132E-11	+1.50905436523995E-14	+6.85671218661519E-02	+1.91204776763916E+01	+4.94777257008345E+06	+0.00000000000000E+00	+4.94777366363526E+06	+4.94775037933350E+06	+4.94779476093292E+06 	0.472000	0.172000	0.155857	0.034766
		T	s2 	80	11:54:52 AM	0.0003940373	+4.09510338484776E-11	+1.50938770821378E-14	+6.85519791400442E-02	+1.91224822998047E+01	+4.94777256712703E+06	+0.00000000000000E+00	+4.94777367698670E+06	+4.94775036914826E+06	+4.94779476520539E+06 	0.488000	0.160000	0.152908	0.033701
		T	s2 	81	11:54:58 AM	0.0003741602	-1.00508631038980E-12	+1.50822002066093E-14	+6.86050520490060E-02	+1.91174888610840E+01	+4.94777260702886E+06	+0.00000000000000E+00	+4.94777373619080E+06	+4.94775043201447E+06	+4.94779478214264E+06 	0.464000	0.128000	0.147814	0.032873
		T	s2 	82	11:55:04 AM	0.0003547994	-6.84091735166902E-12	+1.51031079933916E-14	+6.85100809210180E-02	+1.91182498931885E+01	+4.94777255778098E+06	+0.00000000000000E+00	+4.94777365531922E+06	+4.94775035114288E+06	+4.94779476451874E+06 	0.464000	0.136000	0.144689	0.032765
		T	s2 	83	11:55:10 AM	0.0003359549	-6.47525662171130E-12	+1.50856377090751E-14	+6.85894209917046E-02	+1.91030883789063E+01	+4.94777254589839E+06	+0.00000000000000E+00	+4.94777366020203E+06	+4.94775038253784E+06	+4.94779470935822E+06 	0.456000	0.148000	0.140746	0.031470
		T	s2 	84	11:55:16 AM	0.0003176267	+3.70541360603153E-11	+1.50726575805175E-14	+6.86484862660447E-02	+1.90253562927246E+01	+4.94777261486860E+06	+0.00000000000000E+00	+4.94777363513947E+06	+4.94775056068421E+06	+4.94779466915131E+06 	0.448000	0.112000	0.137361	0.030337
		T	s2 	85	11:55:22 AM	0.0002998147	+4.07006383336180E-11	+1.50657689842865E-14	+6.86798748045282E-02	+1.90079803466797E+01	+4.94777261303768E+06	+0.00000000000000E+00	+4.94777364513397E+06	+4.94775058906555E+06	+4.94779463710785E+06 	0.440000	0.128000	0.133022	0.029989
		T	s2 	86	11:55:28 AM	0.0002825190	+4.07193172813568E-11	+1.50819252205098E-14	+6.86063035317555E-02	+1.90288105010986E+01	+4.94777258471335E+06	+0.00000000000000E+00	+4.94777364452362E+06	+4.94775051296234E+06	+4.94779465656281E+06 	0.424000	0.142000	0.129624	0.029559
		T	s2 	87	11:55:33 AM	0.0002657397	+4.10001568219643E-11	+1.50704613013291E-14	+6.86584906766009E-02	+1.90200653076172E+01	+4.94777261525012E+06	+0.00000000000000E+00	+4.94777365913391E+06	+4.94775057041168E+06	+4.94779466018677E+06 	0.408000	0.130000	0.124935	0.028097
		T	s2 	88	11:55:39 AM	0.0002494766	+4.02767310336735E-11	+1.50638336587319E-14	+6.86886981505964E-02	+1.90318908691406E+01	+4.94777262379502E+06	+0.00000000000000E+00	+4.94777368820191E+06	+4.94775057495117E+06	+4.94779467273712E+06 	0.376000	0.122000	0.121461	0.027562
		T	s2 	89	11:55:45 AM	0.0002337298	+4.13515957566862E-11	+1.50582888225839E-14	+6.87139904189980E-02	+1.90313720703125E+01	+4.94777264601567E+06	+0.00000000000000E+00	+4.94777370758057E+06	+4.94775060588837E+06	+4.94779468624115E+06 	0.368000	0.134000	0.117589	0.026827
		T	s2 	90	11:55:50 AM	0.0002184993	+4.69089846606632E-11	+1.50763402955035E-14	+6.86317150978613E-02	+1.90203628540039E+01	+4.94777269862028E+06	+0.00000000000000E+00	+4.94777374420166E+06	+4.94775064483643E+06	+4.94779475250244E+06 	0.392000	0.120000	0.115985	0.026518
		T	s2 	91	11:55:55 AM	0.0002037851	+9.83855441173602E-11	+1.50498799169350E-14	+6.87523819637379E-02	+1.90591926574707E+01	+4.94777269699901E+06	+0.00000000000000E+00	+4.94777379169464E+06	+4.94775063697815E+06	+4.94779475711823E+06 	0.368000	0.128000	0.109171	0.025737
		T	s2 	92	11:56:00 AM	0.0001895871	+6.89952347428158E-12	+1.50607082424957E-14	+6.87029481474554E-02	+1.90252838134766E+01	+4.94777278094153E+06	+0.00000000000000E+00	+4.94777384151459E+06	+4.94775074432373E+06	+4.94779481765747E+06 	0.384000	0.112000	0.106564	0.024366
		T	s2 	93	11:56:06 AM	0.0001759055	+5.69332593804901E-11	+1.50204668625461E-14	+6.88870101065807E-02	+1.90362644195557E+01	+4.94777279261471E+06	+0.00000000000000E+00	+4.94777388191223E+06	+4.94775080219269E+06	+4.94779478313446E+06 	0.344000	0.124000	0.102365	0.024174
		T	s2 	94	11:56:12 AM	0.0001627401	+1.24271499915727E-11	+1.50493073495238E-14	+6.87549944311170E-02	+1.90214042663574E+01	+4.94777281546463E+06	+0.00000000000000E+00	+4.94777390110016E+06	+4.94775080001831E+06	+4.94779483100891E+06 	0.360000	0.110000	0.097578	0.023325
		T	s2 	95	11:56:17 AM	0.0001500911	+1.49497834934794E-11	+1.50228935361557E-14	+6.88758801639187E-02	+1.90180339813232E+01	+4.94777288264164E+06	+0.00000000000000E+00	+4.94777393676758E+06	+4.94775090972901E+06	+4.94779485565186E+06 	0.312000	0.114000	0.095169	0.022238
		T	s2 	96	11:56:22 AM	0.0001379583	+6.19854682961551E-11	+1.50471857888277E-14	+6.87646863308545E-02	+1.90211353302002E+01	+4.94777289215914E+06	+0.00000000000000E+00	+4.94777396121979E+06	+4.94775088012696E+06	+4.94779490428925E+06 	0.336000	0.112000	0.090065	0.022111
		T	s2 	97	11:56:29 AM	0.0001263418	+7.07434470602647E-11	+1.50333205285087E-14	+6.88281058100735E-02	+1.90267505645752E+01	+4.94777297564385E+06	+0.00000000000000E+00	+4.94777402545929E+06	+4.94775097740174E+06	+4.94779497398377E+06 	0.288000	0.112000	0.087457	0.021424
		T	s2 	98	11:56:35 AM	0.0001152416	+2.59091707775473E-11	+1.50398797269008E-14	+6.87980878329129E-02	+1.89897766113281E+01	+4.94777299851311E+06	+0.00000000000000E+00	+4.94777405853272E+06	+4.94775103343964E+06	+4.94779496368408E+06 	0.288000	0.104000	0.082994	0.021332
		T	s2 	99	11:56:41 AM	0.0001046577	+2.85023902796984E-11	+1.50300636552171E-14	+6.88430176569308E-02	+1.90297012329102E+01	+4.94777306748269E+06	+0.00000000000000E+00	+4.94777409542084E+06	+4.94775107059479E+06	+4.94779506446839E+06 	0.272000	0.110000	0.080668	0.019110
		T	s2 	100	11:56:47 AM	0.0000945901	+3.27977902703688E-11	+1.50342395782050E-14	+6.88238958825558E-02	+1.89970321655273E+01	+4.94777306317222E+06	+0.00000000000000E+00	+4.94777415264130E+06	+4.94775109794617E+06	+4.94779502849579E+06 	0.256000	0.092000	0.074759	0.019385
		T	s2 	101	11:56:53 AM	0.0000850387	-1.22543289122431E-11	+1.50549149533870E-14	+6.87293752929715E-02	+1.90203952789307E+01	+4.94777315777646E+06	+0.00000000000000E+00	+4.94777419780731E+06	+4.94775113529206E+06	+4.94779518035889E+06 	0.280000	0.102000	0.072905	0.017987
		T	s2 	102	11:56:59 AM	0.0000760037	+3.56067452991475E-11	+1.50213686888709E-14	+6.88828645318158E-02	+1.90149269104004E+01	+4.94777314667594E+06	+0.00000000000000E+00	+4.94777418441773E+06	+4.94775117958069E+06	+4.94779511386871E+06 	0.256000	0.092000	0.070050	0.017559
		T	s2 	103	11:57:05 AM	0.0000674849	-6.71325443515925E-12	+1.50329951502032E-14	+6.88295898017132E-02	+1.90399627685547E+01	+4.94777318205705E+06	+0.00000000000000E+00	+4.94777429141998E+06	+4.94775116901398E+06	+4.94779519519806E+06 	0.240000	0.096000	0.063711	0.017285
		T	s2 	104	11:57:11 AM	0.0000594824	+4.86823487808927E-11	+1.50485418515661E-14	+6.87584801785155E-02	+1.90269336700439E+01	+4.94777323719847E+06	+0.00000000000000E+00	+4.94777431529999E+06	+4.94775121646881E+06	+4.94779525802613E+06 	0.240000	0.096000	0.061366	0.016763
		T	s2 	105	11:57:17 AM	0.0000519963	+4.62324823015930E-11	+1.50402677962958E-14	+6.87963043418802E-02	+1.90468158721924E+01	+4.94777329916817E+06	+0.00000000000000E+00	+4.94777438869476E+06	+4.94775126754761E+06	+4.94779533088684E+06 	0.232000	0.080000	0.056518	0.015634
		T	s2 	106	11:57:22 AM	0.0000450264	+4.60964885342640E-11	+1.50254469537429E-14	+6.88641633516123E-02	+1.89869041442871E+01	+4.94777331648730E+06	+0.00000000000000E+00	+4.94777436756134E+06	+4.94775137580872E+06	+4.94779525726318E+06 	0.192000	0.080000	0.054870	0.014721
		T	s2 	107	11:57:28 AM	0.0000385728	+4.81051574754188E-11	+1.50365586669275E-14	+6.88132731229185E-02	+1.90433330535889E+01	+4.94777335253583E+06	+0.00000000000000E+00	+4.94777437747955E+06	+4.94775133037567E+06	+4.94779537479401E+06 	0.192000	0.070000	0.049541	0.014786
		T	s2 	108	11:57:34 AM	0.0000326354	+5.62450536988064E-11	+1.50462713065939E-14	+6.87688521789185E-02	+1.89990139007568E+01	+4.94777337895278E+06	+0.00000000000000E+00	+4.94777437274933E+06	+4.94775139385224E+06	+4.94779536415100E+06 	0.176000	0.102000	0.047225	0.014728
		T	s2 	109	11:57:40 AM	0.0000272144	+3.48508347813644E-12	+1.50464445078967E-14	+6.87680603778759E-02	+1.90400676727295E+01	+4.94777338597160E+06	+0.00000000000000E+00	+4.94777442100525E+06	+4.94775135311127E+06	+4.94779541893006E+06 	0.168000	0.080000	0.043109	0.013557
		T	s2 	110	11:57:46 AM	0.0000223097	+6.19163820171961E-11	+1.50147980988461E-14	+6.89129991641208E-02	+1.90224361419678E+01	+4.94777347098243E+06	+0.00000000000000E+00	+4.94777458114624E+06	+4.94775150482178E+06	+4.94779543724060E+06 	0.160000	0.072000	0.044385	0.012725
		T	s2 	111	11:57:52 AM	0.0000179212	-3.45070360472928E-11	+1.50504775984716E-14	+6.87496315409024E-02	+1.90429077148438E+01	+4.94777342179157E+06	+0.00000000000000E+00	+4.94777449443817E+06	+4.94775137973786E+06	+4.94779546394348E+06 	0.144000	0.066000	0.038151	0.014038
		T	s2 	112	11:57:58 AM	0.0000140491	+6.36772022185553E-11	+1.50596329418177E-14	+6.87078338087647E-02	+1.89686851501465E+01	+4.94777349835287E+06	+0.00000000000000E+00	+4.94777458057404E+06	+4.94775152885437E+06	+4.94779546794891E+06 	0.152000	0.080000	0.032696	0.015057
		T	s2 	113	11:58:03 AM	0.0000106932	+5.98362260052856E-11	+1.50757068975567E-14	+6.86345774377437E-02	+1.90074691772461E+01	+4.94777346224645E+06	+0.00000000000000E+00	+4.94777466358185E+06	+4.94775142433167E+06	+4.94779550025940E+06 	0.120000	0.072000	0.029440	0.011762
		T	s2 	114	11:58:09 AM	0.0000078536	+1.16701373433244E-10	+1.50236108867727E-14	+6.88725722656548E-02	+1.90487823486328E+01	+4.94777357222430E+06	+0.00000000000000E+00	+4.94777467144013E+06	+4.94775156272888E+06	+4.94779558181763E+06 	0.144000	0.076000	0.025995	0.012195
		T	s2 	115	11:58:15 AM	0.0000055303	+6.78047617925466E-11	+1.50367039433600E-14	+6.88126017280676E-02	+1.90484580993652E+01	+4.94777358832224E+06	+0.00000000000000E+00	+4.94777465583801E+06	+4.94775156002045E+06	+4.94779561672211E+06 	0.144000	0.062000	0.026110	0.012202
		T	s2 	116	11:58:21 AM	0.0000037233	-2.16552465325782E-11	+1.50516666678195E-14	+6.87441948392502E-02	+1.91487159729004E+01	+4.94777362105173E+06	+0.00000000000000E+00	+4.94777471687317E+06	+4.94775145477295E+06	+4.94779578742981E+06 	0.120000	0.074000	0.024050	0.011226
		T	s2 	117	11:58:27 AM	0.0000024326	-2.49658704315654E-11	+1.50455768760160E-14	+6.87720210223772E-02	+1.92419013977051E+01	+4.94777356571910E+06	+0.00000000000000E+00	+4.94777463626862E+06	+4.94775130058289E+06	+4.94779583095551E+06 	0.112000	0.062000	0.020876	0.013251
		T	s2 	118	11:58:32 AM	0.0000016581	+1.49295955361147E-11	+1.50037187725061E-14	+6.89638852058136E-02	+1.93058319091797E+01	+4.94777354210607E+06	+0.00000000000000E+00	+4.94777459506989E+06	+4.94775126514435E+06	+4.94779581916809E+06 	0.096000	0.088000	0.016518	0.012300
		T	s2 	119	11:58:38 AM	0.0000014000	+5.75568965746921E-11	+1.50623055170767E-14	+6.86956469309353E-02	+1.92122669219971E+01	+4.94777334442856E+06	+0.00000000000000E+00	+4.94777457687378E+06	+4.94775108886719E+06	+4.94779560009003E+06 	0.088000	0.084000	0.020669	0.012519
		B	s3	120	12:00:00 PM	0.0000014000	+2.18573627583743E-11	+1.50263058160713E-14	+6.88603253893657E-02	+1.90410213470459E+01	+4.94776979126806E+06	+0.00000000000000E+00	+4.94777094390869E+06	+4.94774778682709E+06	+4.94779179580689E+06 	0	0	0	0
		B	s3	121	12:00:01 PM	0.0000016581	+1.86458410799746E-11	+1.50865224359750E-14	+6.85854762161504E-02	+1.90803890228271E+01	+4.94776974865729E+06	+0.00000000000000E+00	+4.94777085815430E+06	+4.94774761035919E+06	+4.94779188705445E+06 	0	0	0	0
		B	s3	122	12:00:03 PM	0.0000024326	+2.57114615994211E-11	+1.50893108471101E-14	+6.85727989612957E-02	+1.89368782043457E+01	+4.94776985991366E+06	+0.00000000000000E+00	+4.94777096839905E+06	+4.94774788406372E+06	+4.94779183586121E+06 	0	0	0	0
		B	s3	123	12:00:06 PM	0.0000037233	+1.23554243875262E-10	+1.50375936584221E-14	+6.88086313319914E-02	+1.90289535522461E+01	+4.94776995798939E+06	+0.00000000000000E+00	+4.94777103595734E+06	+4.94774795097351E+06	+4.94779196510315E+06 	0	0	0	0
		B	s3	124	12:00:08 PM	0.0000055303	+3.44661303318525E-11	+1.50598068193565E-14	+6.87071390514864E-02	+1.89999637603760E+01	+4.94776995066517E+06	+0.00000000000000E+00	+4.94777108432770E+06	+4.94774794471741E+06	+4.94779195671082E+06 	0	0	0	0
		B	s3	125	12:00:11 PM	0.0000078536	+1.27334769209875E-10	+1.50252562525427E-14	+6.88651318357809E-02	+1.90034790039063E+01	+4.94776992323771E+06	+0.00000000000000E+00	+4.94777109443665E+06	+4.94774796371460E+06	+4.94779188285828E+06 	0	0	0	0
		B	s3	126	12:00:13 PM	0.0000106932	+1.30590153786208E-10	+1.50177983481932E-14	+6.88993294018497E-02	+1.90413036346436E+01	+4.94776996487498E+06	+0.00000000000000E+00	+4.94777103645325E+06	+4.94774797256470E+06	+4.94779195728302E+06 	0	0	0	0
		B	s3	127	12:00:15 PM	0.0000140491	+2.98813630481154E-11	+1.50588533069693E-14	+6.87114904905903E-02	+1.89558277130127E+01	+4.94776991581815E+06	+0.00000000000000E+00	+4.94777102981568E+06	+4.94774796237946E+06	+4.94779186935425E+06 	0	0	0	0
		B	s3	128	12:00:17 PM	0.0000179212	+3.63291272338617E-11	+1.50580437762265E-14	+6.87151837828679E-02	+1.89161987304688E+01	+4.94776994046130E+06	+0.00000000000000E+00	+4.94777106651306E+06	+4.94774803409577E+06	+4.94779184692383E+06 	0	0	0	0
		B	s3	129	12:00:20 PM	0.0000223097	+8.60086815315058E-11	+1.50459291604508E-14	+6.87705108539380E-02	+1.89269294738770E+01	+4.94776996642034E+06	+0.00000000000000E+00	+4.94777110565186E+06	+4.94774806526184E+06	+4.94779186767578E+06 	0	0	0	0
		B	s3	130	12:00:22 PM	0.0000272144	+3.45625388510266E-11	+1.50145126889245E-14	+6.89144087317633E-02	+1.89172935485840E+01	+4.94776989537186E+06	+0.00000000000000E+00	+4.94777102943421E+06	+4.94774805107117E+06	+4.94779173976898E+06 	0	0	0	0
		B	s3	131	12:00:24 PM	0.0000326354	+2.74465752079111E-11	+1.50216663339717E-14	+6.88815879497376E-02	+1.88475608825684E+01	+4.94776997574784E+06	+0.00000000000000E+00	+4.94777097820282E+06	+4.94774820159912E+06	+4.94779174999237E+06 	0	0	0	0
		B	s3	132	12:00:26 PM	0.0000385728	+3.27980094024498E-11	+1.50444429394874E-14	+6.87773051632715E-02	+1.88592662811279E+01	+4.94776994627909E+06	+0.00000000000000E+00	+4.94777102851868E+06	+4.94774812557221E+06	+4.94779176708222E+06 	0	0	0	0
		B	s3	133	12:00:29 PM	0.0000450264	+3.55011105952306E-11	+1.50304396949389E-14	+6.88413817176333E-02	+1.88579273223877E+01	+4.94776996214833E+06	+0.00000000000000E+00	+4.94777105892182E+06	+4.94774816329956E+06	+4.94779176109314E+06 	0	0	0	0
		B	s3	134	12:00:31 PM	0.0000519963	+3.18417621668465E-11	+1.50249887417832E-14	+6.88663577914079E-02	+1.88218364715576E+01	+4.94776992848385E+06	+0.00000000000000E+00	+4.94777102130890E+06	+4.94774817924500E+06	+4.94779167781830E+06 	0	0	0	0
		B	s3	135	12:00:33 PM	0.0000594824	-1.90622020703992E-11	+1.50555614363943E-14	+6.87265127787654E-02	+1.88029708862305E+01	+4.94776996447542E+06	+0.00000000000000E+00	+4.94777100322724E+06	+4.94774819282532E+06	+4.94779173622131E+06 	0	0	0	0
		B	s3	136	12:00:35 PM	0.0000674849	+3.40421853956196E-11	+1.50668210993301E-14	+6.86751526058730E-02	+1.87864665985107E+01	+4.94776995770434E+06	+0.00000000000000E+00	+4.94777100788117E+06	+4.94774818889618E+06	+4.94779172660828E+06 	0	0	0	0
		B	s3	137	12:00:38 PM	0.0000760037	+2.99933790477350E-11	+1.50666303213854E-14	+6.86760225364071E-02	+1.87656021118164E+01	+4.94776994523039E+06	+0.00000000000000E+00	+4.94777100063324E+06	+4.94774820087433E+06	+4.94779168968201E+06 	0	0	0	0
		B	s3	138	12:00:40 PM	0.0000850387	+3.05231987694628E-11	+1.50676949374375E-14	+6.86711702725734E-02	+1.87887020111084E+01	+4.94776994244554E+06	+0.00000000000000E+00	+4.94777102306366E+06	+4.94774816978455E+06	+4.94779171520233E+06 	0	0	0	0
		B	s3	139	12:00:42 PM	0.0000945901	+3.07433311278527E-11	+1.50686821287971E-14	+6.86666720691904E-02	+1.87664375305176E+01	+4.94776991951931E+06	+0.00000000000000E+00	+4.94777099170685E+06	+4.94774817123413E+06	+4.94779166790009E+06 	0	0	0	0
		B	s3	140	12:00:44 PM	0.0001046577	+3.19290330864044E-11	+1.50721049815593E-14	+6.86510774327595E-02	+1.87643146514893E+01	+4.94776993885982E+06	+0.00000000000000E+00	+4.94777103504181E+06	+4.94774818809509E+06	+4.94779168972016E+06 	0	0	0	0
		B	s3	141	12:00:46 PM	0.0001152416	+3.21418012259582E-11	+1.50740928944887E-14	+6.86420237365575E-02	+1.87247562408447E+01	+4.94776994816787E+06	+0.00000000000000E+00	+4.94777098731995E+06	+4.94774824039460E+06	+4.94779165603638E+06 	0	0	0	0
		B	s3	142	12:00:49 PM	0.0001263418	+3.13402616776021E-11	+1.50678650773958E-14	+6.86703938475820E-02	+1.87424201965332E+01	+4.94776997916223E+06	+0.00000000000000E+00	+4.94777102260590E+06	+4.94774825988770E+06	+4.94779169853211E+06 	0	0	0	0
		B	s3	143	12:00:51 PM	0.0001379583	+3.08543492082044E-11	+1.50587617771047E-14	+6.87119074659816E-02	+1.87322254180908E+01	+4.94776993977559E+06	+0.00000000000000E+00	+4.94777100872040E+06	+4.94774824542999E+06	+4.94779163421631E+06 	0	0	0	0
		B	s3	144	12:00:52 PM	0.0001500911	+3.59957599868612E-11	+1.50620728082884E-14	+6.86968030181700E-02	+1.87281570434570E+01	+4.94776993266118E+06	+0.00000000000000E+00	+4.94777104152680E+06	+4.94774823825836E+06	+4.94779162715912E+06 	0	0	0	0
		B	s3	145	12:00:54 PM	0.0001627401	+3.13792688491037E-11	+1.50802467143736E-14	+6.86140127525687E-02	+1.87254695892334E+01	+4.94776995270731E+06	+0.00000000000000E+00	+4.94777099304199E+06	+4.94774823524475E+06	+4.94779167026520E+06 	0	0	0	0
		B	s3	146	12:00:56 PM	0.0001759055	+2.64247578104643E-11	+1.50633473923678E-14	+6.86909901339159E-02	+1.87019748687744E+01	+4.94776993659044E+06	+0.00000000000000E+00	+4.94777097980500E+06	+4.94774827068329E+06	+4.94779160259247E+06 	0	0	0	0
		B	s3	147	12:00:57 PM	0.0001895871	+3.37207601965232E-11	+1.50715080282458E-14	+6.86537966661551E-02	+1.87215995788574E+01	+4.94776993536959E+06	+0.00000000000000E+00	+4.94777105613709E+06	+4.94774823497772E+06	+4.94779163585663E+06 	0	0	0	0
		B	s3	148	12:01:00 PM	0.0002037851	+3.26013923103111E-11	+1.50816697909622E-14	+6.86075389728156E-02	+1.87089195251465E+01	+4.94776993456850E+06	+0.00000000000000E+00	+4.94777102645874E+06	+4.94774823425293E+06	+4.94779163497925E+06 	0	0	0	0
		B	s3	149	12:01:02 PM	0.0002184993	+3.44873593451223E-11	+1.50664553272460E-14	+6.86768205464419E-02	+1.87243061065674E+01	+4.94776993260395E+06	+0.00000000000000E+00	+4.94777105552674E+06	+4.94774823635101E+06	+4.94779162895203E+06 	0	0	0	0
		B	s3	150	12:01:04 PM	0.0002337298	+3.48672025210018E-11	+1.50854998650299E-14	+6.85901201799121E-02	+1.87070465087891E+01	+4.94776993275651E+06	+0.00000000000000E+00	+4.94777104518890E+06	+4.94774822910309E+06	+4.94779163650513E+06 	0	0	0	0
		B	s3	151	12:01:06 PM	0.0002494766	+3.30483446891638E-11	+1.50597710109754E-14	+6.87073022614998E-02	+1.86752090454102E+01	+4.94776995636981E+06	+0.00000000000000E+00	+4.94777104438782E+06	+4.94774832660675E+06	+4.94779158622742E+06 	0	0	0	0
		B	s3	152	12:01:08 PM	0.0002657397	+3.27375058812128E-11	+1.50976771473193E-14	+6.85347978006678E-02	+1.86878185272217E+01	+4.94776992836963E+06	+0.00000000000000E+00	+4.94777103389740E+06	+4.94774822952271E+06	+4.94779162731171E+06 	0	0	0	0
		B	s3	153	12:01:09 PM	0.0002825190	+3.53171694090614E-11	+1.51040729360259E-14	+6.85057761928907E-02	+1.86805782318115E+01	+4.94776995322238E+06	+0.00000000000000E+00	+4.94777105342865E+06	+4.94774825359345E+06	+4.94779165294647E+06 	0	0	0	0
		B	s3	154	12:01:11 PM	0.0002998147	+3.82349863265784E-11	+1.50870960072834E-14	+6.85828636616010E-02	+1.87013359069824E+01	+4.94776993323336E+06	+0.00000000000000E+00	+4.94777109848023E+06	+4.94774823390961E+06	+4.94779163265228E+06 	0	0	0	0
		B	s3	155	12:01:13 PM	0.0003176267	+3.75088562977432E-11	+1.50885606382359E-14	+6.85762055851188E-02	+1.86568508148193E+01	+4.94776996241601E+06	+0.00000000000000E+00	+4.94777106010437E+06	+4.94774831260681E+06	+4.94779161231995E+06 	0	0	0	0
		B	s3	156	12:01:15 PM	0.0003359549	+3.97626120898981E-11	+1.51045623516340E-14	+6.85035558813073E-02	+1.86702690124512E+01	+4.94776997483269E+06	+0.00000000000000E+00	+4.94777109367371E+06	+4.94774828647614E+06	+4.94779166328430E+06 	0	0	0	0
		B	s3	157	12:01:16 PM	0.0003547994	+3.42191539851427E-11	+1.51233673239854E-14	+6.84183765420719E-02	+1.86639938354492E+01	+4.94776995322234E+06	+0.00000000000000E+00	+4.94777105747223E+06	+4.94774824516297E+06	+4.94779166137695E+06 	0	0	0	0
		B	s3	158	12:01:18 PM	0.0003741602	+3.98237148425429E-11	+1.51178760915134E-14	+6.84432272478449E-02	+1.86314506530762E+01	+4.94776998028782E+06	+0.00000000000000E+00	+4.94777111049652E+06	+4.94774831794739E+06	+4.94779164272309E+06 	0	0	0	0
		B	s3	159	12:01:20 PM	0.0003940373	+3.78313599821661E-11	+1.51152910620711E-14	+6.84549324181112E-02	+1.86220359802246E+01	+4.94776998196635E+06	+0.00000000000000E+00	+4.94777110942841E+06	+4.94774833427429E+06	+4.94779162975312E+06 	0	0	0	0
		B	s3	160	12:01:21 PM	0.0004144307	+4.20188879539062E-11	+1.51005787929828E-14	+6.85216264964652E-02	+1.86466827392578E+01	+4.94777000157386E+06	+0.00000000000000E+00	+4.94777115318299E+06	+4.94774834632874E+06	+4.94779165691376E+06 	0	0	0	0
		B	s3	161	12:01:23 PM	0.0004353404	+4.40601450771436E-11	+1.51360852268519E-14	+6.83608869955773E-02	+1.86265354156494E+01	+4.94777002114313E+06	+0.00000000000000E+00	+4.94777117137909E+06	+4.94774833843231E+06	+4.94779170394898E+06 	0	0	0	0
		B	s3	162	12:01:25 PM	0.0004567664	+4.41990821392319E-11	+1.51295868568833E-14	+6.83902489763372E-02	+1.86201763153076E+01	+4.94777002041842E+06	+0.00000000000000E+00	+4.94777119125366E+06	+4.94774835441589E+06	+4.94779168651581E+06 	0	0	0	0
		B	s3	163	12:01:26 PM	0.0004787086	+4.23324715338996E-11	+1.51082495224090E-14	+6.84868358690762E-02	+1.86338500976563E+01	+4.94777003653558E+06	+0.00000000000000E+00	+4.94777118247986E+06	+4.94774838520050E+06	+4.94779168796539E+06 	0	0	0	0
		B	s3	164	12:01:28 PM	0.0005011672	+4.47291451188302E-11	+1.51206078043144E-14	+6.84308606957129E-02	+1.86335296630859E+01	+4.94777003418946E+06	+0.00000000000000E+00	+4.94777120407105E+06	+4.94774836551666E+06	+4.94779170295716E+06 	0	0	0	0
		B	s3	165	12:01:30 PM	0.0005241420	+5.18217648586021E-11	+1.51116282412248E-14	+6.84715221303192E-02	+1.86292076110840E+01	+4.94777007901223E+06	+0.00000000000000E+00	+4.94777127010346E+06	+4.94774842823029E+06	+4.94779172988892E+06 	0	0	0	0
		B	s3	166	12:01:31 PM	0.0005476332	+4.69387690355013E-11	+1.51406865751705E-14	+6.83401105430886E-02	+1.86203174591064E+01	+4.94777006299037E+06	+0.00000000000000E+00	+4.94777122749329E+06	+4.94774838092804E+06	+4.94779174514771E+06 	0	0	0	0
		B	s3	167	12:01:33 PM	0.0005716406	+5.72784309215177E-11	+1.51083353060683E-14	+6.84864448357200E-02	+1.87102546691895E+01	+4.94777011498443E+06	+0.00000000000000E+00	+4.94777130237580E+06	+4.94774837474823E+06	+4.94779185531616E+06 	0	0	0	0
		B	s3	168	12:01:35 PM	0.0005961643	+5.31653776584706E-11	+1.51386070876786E-14	+6.83494953123047E-02	+1.86896324157715E+01	+4.94777015879615E+06	+0.00000000000000E+00	+4.94777126281738E+06	+4.94774839900971E+06	+4.94779191867829E+06 	0	0	0	0
		B	s3	169	12:01:36 PM	0.0006212043	+5.86197933098935E-11	+1.51286176369555E-14	+6.83946262308858E-02	+1.86953830718994E+01	+4.94777017195689E+06	+0.00000000000000E+00	+4.94777134822846E+06	+4.94774841983795E+06	+4.94779192417145E+06 	0	0	0	0
		B	s3	170	12:01:38 PM	0.0006467605	+5.50893163162397E-11	+1.51446849984729E-14	+6.83220654290184E-02	+1.86905326843262E+01	+4.94777014637927E+06	+0.00000000000000E+00	+4.94777132087708E+06	+4.94774837680817E+06	+4.94779191604614E+06 	0	0	0	0
		B	s3	171	12:01:40 PM	0.0006728331	+5.86457105636438E-11	+1.51558732365943E-14	+6.82716285099926E-02	+1.86854076385498E+01	+4.94777017510389E+06	+0.00000000000000E+00	+4.94777134338379E+06	+4.94774839542389E+06	+4.94779195487976E+06 	0	0	0	0
		B	s3	172	12:01:41 PM	0.0006994219	+6.04784682954251E-11	+1.51326266896028E-14	+6.83765058340405E-02	+1.86885452270508E+01	+4.94777019955623E+06	+0.00000000000000E+00	+4.94777133735657E+06	+4.94774844963074E+06	+4.94779194957733E+06 	0	0	0	0
		B	s3	173	12:01:43 PM	0.0007265271	+5.88628338372555E-11	+1.51431587562286E-14	+6.83289505587199E-02	+1.86840801239014E+01	+4.94777017844184E+06	+0.00000000000000E+00	+4.94777138416291E+06	+4.94774841857910E+06	+4.94779193840027E+06 	0	0	0	0
		B	s3	174	12:01:45 PM	0.0007541485	+6.36518473376333E-11	+1.51555059062522E-14	+6.82732813556937E-02	+1.86837654113770E+01	+4.94777024331069E+06	+0.00000000000000E+00	+4.94777141056061E+06	+4.94774846607209E+06	+4.94779202064514E+06 	0	0	0	0
		B	s3	175	12:01:46 PM	0.0007822862	+6.53056408573177E-11	+1.51499944336486E-14	+6.82981187556655E-02	+1.86873703002930E+01	+4.94777024294831E+06	+0.00000000000000E+00	+4.94777141277313E+06	+4.94774846942902E+06	+4.94779201656342E+06 	0	0	0	0
		B	s3	176	12:01:48 PM	0.0008109402	+6.56618324018911E-11	+1.51362530379771E-14	+6.83601232179633E-02	+1.86742038726807E+01	+4.94777023396485E+06	+0.00000000000000E+00	+4.94777143112183E+06	+4.94774849552155E+06	+4.94779197250366E+06 	0	0	0	0
		B	s3	177	12:01:50 PM	0.0008401105	+6.62315256002424E-11	+1.51580354458843E-14	+6.82618875300869E-02	+1.86793384552002E+01	+4.94777026253677E+06	+0.00000000000000E+00	+4.94777144336701E+06	+4.94774848682404E+06	+4.94779203834534E+06 	0	0	0	0
		B	s3	178	12:01:51 PM	0.0008697971	+6.62324315207981E-11	+1.51410084558983E-14	+6.83386515687226E-02	+1.86832275390625E+01	+4.94777028529153E+06	+0.00000000000000E+00	+4.94777147117615E+06	+4.94774852951050E+06	+4.94779204116821E+06 	0	0	0	0
		B	s3	179	12:01:53 PM	0.0009000000	+6.75757790362747E-11	+1.51553776333272E-14	+6.82738576285554E-02	+1.86739082336426E+01	+4.94777030064564E+06	+0.00000000000000E+00	+4.94777149723053E+06	+4.94774853507996E+06	+4.94779206630707E+06 	0	0	0	0

