	10/11/2022	Test 006 Tip H10 Ramp 3 Loc 9 	H10 	Box 5b Xtal 1		DLC	200 uN	2.2%		Points/Segment: 59	
		Seg 	ID Tag	Number	Time	Power	C0	C1	L1	R1	fs	fa	fr	f1	f2	Ch1 (Pk-Pk)	Ch2 (Pk-Pk)	Ch1 (RMS)	Ch2 (RMS)	
						uW	F	F	H	Ohms	Hz	Hz	Hz	Hz	Hz	V	V	V	V	
		B	s1	0	11:02:36 AM	0.0000014000	+8.11013826359198E-11	+1.51563275842685E-14	+6.82695758993195E-02	+1.88155384063721E+01	+4.94777039263633E+06	+0.00000000000000E+00	+4.94777156200409E+06	+4.94774846061707E+06	+4.94779232475281E+06 	0	0	0	0
		B	s1	1	11:02:38 AM	0.0000016007	+6.76180566962238E-11	+1.51067962050811E-14	+6.84934164489652E-02	+1.88001041412354E+01	+4.94777032732911E+06	+0.00000000000000E+00	+4.94777142482758E+06	+4.94774848491669E+06	+4.94779216983795E+06 	0	0	0	0
		B	s1	2	11:02:41 AM	0.0000022028	+5.95192423564093E-11	+1.51343888599631E-14	+6.83685408053379E-02	+1.88507614135742E+01	+4.94777033055209E+06	+0.00000000000000E+00	+4.94777145076752E+06	+4.94774838928223E+06	+4.94779227191925E+06 	0	0	0	0
		B	s1	3	11:02:43 AM	0.0000032062	+1.73653065945575E-11	+1.50962356880700E-14	+6.85413260497867E-02	+1.88006210327148E+01	+4.94777049771263E+06	+0.00000000000000E+00	+4.94777148525238E+06	+4.94774866996765E+06	+4.94779232555390E+06 	0	0	0	0
		B	s1	4	11:02:46 AM	0.0000046110	+7.78370464361889E-11	+1.50667306597454E-14	+6.86755511313701E-02	+1.88155460357666E+01	+4.94777045136417E+06	+0.00000000000000E+00	+4.94777160850525E+06	+4.94774864898682E+06	+4.94779225383759E+06 	0	0	0	0
		B	s1	5	11:02:48 AM	0.0000064172	+7.38415442189878E-11	+1.50608803073361E-14	+6.87022268500344E-02	+1.87790527343750E+01	+4.94777049050318E+06	+0.00000000000000E+00	+4.94777157375336E+06	+4.94774873886109E+06	+4.94779224224091E+06 	0	0	0	0
		B	s1	6	11:02:51 AM	0.0000086248	+7.78460774394594E-11	+1.50989132979395E-14	+6.85291700861222E-02	+1.87017402648926E+01	+4.94777053336146E+06	+0.00000000000000E+00	+4.94777158515930E+06	+4.94774881656647E+06	+4.94779225025177E+06 	0	0	0	0
		B	s1	7	11:02:53 AM	0.0000112338	+7.69013790293537E-11	+1.50972289044822E-14	+6.85368159968307E-02	+1.86955146789551E+01	+4.94777052863128E+06	+0.00000000000000E+00	+4.94777163204193E+06	+4.94774882148743E+06	+4.94779223587036E+06 	0	0	0	0
		B	s1	8	11:02:55 AM	0.0000142441	+2.88644348338175E-11	+1.50691010680175E-14	+6.86647484629684E-02	+1.87311363220215E+01	+4.94777044516570E+06	+0.00000000000000E+00	+4.94777157691956E+06	+4.94774873718262E+06	+4.94779215324402E+06 	0	0	0	0
		B	s1	9	11:02:57 AM	0.0000176558	+7.17765190750002E-11	+1.50465723833666E-14	+6.87675559788361E-02	+1.87620162963867E+01	+4.94777050669675E+06	+0.00000000000000E+00	+4.94777154369354E+06	+4.94774879543305E+06	+4.94779221805573E+06 	0	0	0	0
		B	s1	10	11:02:59 AM	0.0000214689	+2.40614191837493E-11	+1.50888360250540E-14	+6.85749404991486E-02	+1.87178306579590E+01	+4.94777044941903E+06	+0.00000000000000E+00	+4.94777154979706E+06	+4.94774872844696E+06	+4.94779217048645E+06 	0	0	0	0
		B	s1	11	11:03:02 AM	0.0000256834	+2.06122683015376E-11	+1.50784255478256E-14	+6.86222860347254E-02	+1.86688117980957E+01	+4.94777045353922E+06	+0.00000000000000E+00	+4.94777154857636E+06	+4.94774880439758E+06	+4.94779210277558E+06 	0	0	0	0
		B	s1	12	11:03:04 AM	0.0000302993	+2.23293812862313E-11	+1.50555975823760E-14	+6.87263333795425E-02	+1.87341156005859E+01	+4.94777048275961E+06	+0.00000000000000E+00	+4.94777157745361E+06	+4.94774879077912E+06	+4.94779217483521E+06 	0	0	0	0
		B	s1	13	11:03:06 AM	0.0000353165	+7.04507119501985E-11	+1.50143434709290E-14	+6.89151688194690E-02	+1.86284885406494E+01	+4.94777049151513E+06	+0.00000000000000E+00	+4.94777157638550E+06	+4.94774898094177E+06	+4.94779200218201E+06 	0	0	0	0
		B	s1	14	11:03:09 AM	0.0000407351	+2.17743427394606E-11	+1.50179868787156E-14	+6.88984500225877E-02	+1.86366024017334E+01	+4.94777048340884E+06	+0.00000000000000E+00	+4.94777154399872E+06	+4.94774895824432E+06	+4.94779200866699E+06 	0	0	0	0
		B	s1	15	11:03:11 AM	0.0000465551	+7.82015281017595E-11	+1.50642544258582E-14	+6.86868388686100E-02	+1.86004028320313E+01	+4.94777048813896E+06	+0.00000000000000E+00	+4.94777151275635E+06	+4.94774893859863E+06	+4.94779203777313E+06 	0	0	0	0
		B	s1	16	11:03:13 AM	0.0000527765	+7.26257801827577E-11	+1.50614227228497E-14	+6.86997538069330E-02	+1.85707206726074E+01	+4.94777044840905E+06	+0.00000000000000E+00	+4.94777152389527E+06	+4.94774893730164E+06	+4.94779195960999E+06 	0	0	0	0
		B	s1	17	11:03:15 AM	0.0000593993	+1.87941297841379E-11	+1.50774234077192E-14	+6.86268469323101E-02	+1.85674285888672E+01	+4.94777045966232E+06	+0.00000000000000E+00	+4.94777149604797E+06	+4.94774892951966E+06	+4.94779198989868E+06 	0	0	0	0
		B	s1	18	11:03:16 AM	0.0000664234	+7.57580688172093E-11	+1.50433849119095E-14	+6.87821286708286E-02	+1.85888500213623E+01	+4.94777043976878E+06	+0.00000000000000E+00	+4.94777152275086E+06	+4.94774893344879E+06	+4.94779194618225E+06 	0	0	0	0
		B	s1	19	11:03:18 AM	0.0000738489	+7.21065211636556E-11	+1.50491644229229E-14	+6.87557141350995E-02	+1.85785636901855E+01	+4.94777041495419E+06	+0.00000000000000E+00	+4.94777151042938E+06	+4.94774891227722E+06	+4.94779191772461E+06 	0	0	0	0
		B	s1	20	11:03:20 AM	0.0000816758	+2.29318415389525E-11	+1.50499285385594E-14	+6.87522231604020E-02	+1.85949726104736E+01	+4.94777041878788E+06	+0.00000000000000E+00	+4.94777150077820E+06	+4.94774889602661E+06	+4.94779194164276E+06 	0	0	0	0
		B	s1	21	11:03:21 AM	0.0000899041	+6.63889524924030E-11	+1.50533252497816E-14	+6.87367104863724E-02	+1.85738735198975E+01	+4.94777038502789E+06	+0.00000000000000E+00	+4.94777146350861E+06	+4.94774888183594E+06	+4.94779188831330E+06 	0	0	0	0
		B	s1	22	11:03:23 AM	0.0000985337	+6.99669761561019E-11	+1.50673492555120E-14	+6.86727328349314E-02	+1.85493927001953E+01	+4.94777040797333E+06	+0.00000000000000E+00	+4.94777147491455E+06	+4.94774891311646E+06	+4.94779190292359E+06 	0	0	0	0
		B	s1	23	11:03:25 AM	0.0001075647	+1.73043520341594E-11	+1.50631373191145E-14	+6.86919350136807E-02	+1.85636348724365E+01	+4.94777040827846E+06	+0.00000000000000E+00	+4.94777146961212E+06	+4.94774890293122E+06	+4.94779191371918E+06 	0	0	0	0
		B	s1	24	11:03:28 AM	0.0001169971	+6.79326579572138E-11	+1.50715535315656E-14	+6.86535761585706E-02	+1.85572013854980E+01	+4.94777041215036E+06	+0.00000000000000E+00	+4.94777148780823E+06	+4.94774890224457E+06	+4.94779192214966E+06 	0	0	0	0
		B	s1	25	11:03:29 AM	0.0001268309	+7.43310865315792E-11	+1.50547310668677E-14	+6.87302907473448E-02	+1.85484333038330E+01	+4.94777042376626E+06	+0.00000000000000E+00	+4.94777151340485E+06	+4.94774894802094E+06	+4.94779189960480E+06 	0	0	0	0
		B	s1	26	11:03:31 AM	0.0001370661	+6.88571276428590E-11	+1.50661235574205E-14	+6.86783200005663E-02	+1.85275764465332E+01	+4.94777039628140E+06	+0.00000000000000E+00	+4.94777146240235E+06	+4.94774892845154E+06	+4.94779186420441E+06 	0	0	0	0
		B	s1	27	11:03:33 AM	0.0001477026	+7.11323665646952E-11	+1.50651833191536E-14	+6.86826057277098E-02	+1.85341815948486E+01	+4.94777041712869E+06	+0.00000000000000E+00	+4.94777148151398E+06	+4.94774894298554E+06	+4.94779189136505E+06 	0	0	0	0
		B	s1	28	11:03:34 AM	0.0001587405	+7.00262327142784E-11	+1.50816606103317E-14	+6.86075674502425E-02	+1.85147380828857E+01	+4.94777041363824E+06	+0.00000000000000E+00	+4.94777148437500E+06	+4.94774893856049E+06	+4.94779188880921E+06 	0	0	0	0
		B	s1	29	11:03:36 AM	0.0001701798	-3.07650157327937E-11	+1.50742530462685E-14	+6.86412818236348E-02	+1.85522823333740E+01	+4.94777040396784E+06	+0.00000000000000E+00	+4.94777151306153E+06	+4.94774889591217E+06	+4.94779191211701E+06 	0	0	0	0
		B	s1	30	11:03:38 AM	0.0001820205	+6.95889456778298E-11	+1.50791877940541E-14	+6.86188188905371E-02	+1.84967060089111E+01	+4.94777039290547E+06	+0.00000000000000E+00	+4.94777145446778E+06	+4.94774894226075E+06	+4.94779184364319E+06 	0	0	0	0
		B	s1	31	11:03:39 AM	0.0001942626	+7.08429886130290E-11	+1.50654353399492E-14	+6.86814566873580E-02	+1.85479793548584E+01	+4.94777042035204E+06	+0.00000000000000E+00	+4.94777152481079E+06	+4.94774892986298E+06	+4.94779191093445E+06 	0	0	0	0
		B	s1	32	11:03:41 AM	0.0002069060	+7.14354127170142E-11	+1.50992518692181E-14	+6.85276366252694E-02	+1.85312900543213E+01	+4.94777041884511E+06	+0.00000000000000E+00	+4.94777150466919E+06	+4.94774889949799E+06	+4.94779193828583E+06 	0	0	0	0
		B	s1	33	11:03:43 AM	0.0002199508	+7.16189793066533E-11	+1.50968291331189E-14	+6.85386336010831E-02	+1.85287113189697E+01	+4.94777043059441E+06	+0.00000000000000E+00	+4.94777148273468E+06	+4.94774891769409E+06	+4.94779194358826E+06 	0	0	0	0
		B	s1	34	11:03:44 AM	0.0002333970	-2.73133145754712E-11	+1.50849407533061E-14	+6.85926488619340E-02	+1.85491008758545E+01	+4.94777042174428E+06	+0.00000000000000E+00	+4.94777153686524E+06	+4.94774890213013E+06	+4.94779194145203E+06 	0	0	0	0
		B	s1	35	11:03:46 AM	0.0002472446	+7.06751947392261E-11	+1.50995157118656E-14	+6.85264393054440E-02	+1.85079059600830E+01	+4.94777041510683E+06	+0.00000000000000E+00	+4.94777146385193E+06	+4.94774892253876E+06	+4.94779190776825E+06 	0	0	0	0
		B	s1	36	11:03:48 AM	0.0002614935	+7.50231876101559E-11	+1.51094088788633E-14	+6.84815695953542E-02	+1.85307655334473E+01	+4.94777044209563E+06	+0.00000000000000E+00	+4.94777156642914E+06	+4.94774890888214E+06	+4.94779197540283E+06 	0	0	0	0
		B	s1	37	11:03:50 AM	0.0002761439	+6.97865994115253E-11	+1.50888338985838E-14	+6.85749503373344E-02	+1.85075302124023E+01	+4.94777044314492E+06	+0.00000000000000E+00	+4.94777155735016E+06	+4.94774896621704E+06	+4.94779192016602E+06 	0	0	0	0
		B	s1	38	11:03:51 AM	0.0002911956	+7.48930731617000E-11	+1.51119418214001E-14	+6.84700912763380E-02	+1.85137100219727E+01	+4.94777044163794E+06	+0.00000000000000E+00	+4.94777153831482E+06	+4.94774892463684E+06	+4.94779195873261E+06 	0	0	0	0
		B	s1	39	11:03:53 AM	0.0003066487	-2.38834507911905E-11	+1.50932597255290E-14	+6.85548417456127E-02	+1.85177459716797E+01	+4.94777045111756E+06	+0.00000000000000E+00	+4.94777160476685E+06	+4.94774895603180E+06	+4.94779194629669E+06 	0	0	0	0
		B	s1	40	11:03:55 AM	0.0003225031	+7.71126505327253E-11	+1.51154229305898E-14	+6.84543222521477E-02	+1.85069522857666E+01	+4.94777045025917E+06	+0.00000000000000E+00	+4.94777155853272E+06	+4.94774893615723E+06	+4.94779196445465E+06 	0	0	0	0
		B	s1	41	11:03:56 AM	0.0003387590	+7.97848984898653E-11	+1.51129780939952E-14	+6.84653957625883E-02	+1.85135726928711E+01	+4.94777046439260E+06	+0.00000000000000E+00	+4.94777159683228E+06	+4.94774894607544E+06	+4.94779198280335E+06 	0	0	0	0
		B	s1	42	11:03:58 AM	0.0003554162	+7.73483811877080E-11	+1.51251981004832E-14	+6.84100809477352E-02	+1.85032062530518E+01	+4.94777046427814E+06	+0.00000000000000E+00	+4.94777156589508E+06	+4.94774894062042E+06	+4.94779198802948E+06 	0	0	0	0
		B	s1	43	11:04:00 AM	0.0003724748	+8.11536049796982E-11	+1.51299143837562E-14	+6.83887553542445E-02	+1.85096664428711E+01	+4.94777049555859E+06	+0.00000000000000E+00	+4.94777161933899E+06	+4.94774895767212E+06	+4.94779203353882E+06 	0	0	0	0
		B	s1	44	11:04:01 AM	0.0003899348	+8.25716599893121E-11	+1.51275399764624E-14	+6.83994895032135E-02	+1.84773731231689E+01	+4.94777049912551E+06	+0.00000000000000E+00	+4.94777162982941E+06	+4.94774900218964E+06	+4.94779199615479E+06 	0	0	0	0
		B	s1	45	11:04:03 AM	0.0004077962	+8.23627788374563E-11	+1.51328902055848E-14	+6.83753068700777E-02	+1.84869995117188E+01	+4.94777049958320E+06	+0.00000000000000E+00	+4.94777165977478E+06	+4.94774898384094E+06	+4.94779201541901E+06 	0	0	0	0
		B	s1	46	11:04:05 AM	0.0004260589	+3.24875001021903E-11	+1.51289257374360E-14	+6.83932245085692E-02	+1.84969749450684E+01	+4.94777049265949E+06	+0.00000000000000E+00	+4.94777164806366E+06	+4.94774897094727E+06	+4.94779201446533E+06 	0	0	0	0
		B	s1	47	11:04:06 AM	0.0004447230	+8.35031468500502E-11	+1.51286127204180E-14	+6.83946390600619E-02	+1.84655876159668E+01	+4.94777051188573E+06	+0.00000000000000E+00	+4.94777165676117E+06	+4.94774902713776E+06	+4.94779199672699E+06 	0	0	0	0
		B	s1	48	11:04:08 AM	0.0004637885	+8.92808632711450E-11	+1.51275375029124E-14	+6.83994996865058E-02	+1.84993114471436E+01	+4.94777053532688E+06	+0.00000000000000E+00	+4.94777169792176E+06	+4.94774901287079E+06	+4.94779205787659E+06 	0	0	0	0
		B	s1	49	11:04:10 AM	0.0004832554	+8.61028589291136E-11	+1.51195706790931E-14	+6.84355405083589E-02	+1.84784183502197E+01	+4.94777054730518E+06	+0.00000000000000E+00	+4.94777172004700E+06	+4.94774906047821E+06	+4.94779203422547E+06 	0	0	0	0
		B	s1	50	11:04:11 AM	0.0005031236	+8.73931360076510E-11	+1.51365702850501E-14	+6.83586814323303E-02	+1.84866333007813E+01	+4.94777056065648E+06	+0.00000000000000E+00	+4.94777171379090E+06	+4.94774904010773E+06	+4.94779208129883E+06 	0	0	0	0
		B	s1	51	11:04:13 AM	0.0005233933	+3.70053198909680E-11	+1.51532663734492E-14	+6.82833619229537E-02	+1.84682445526123E+01	+4.94777059413044E+06	+0.00000000000000E+00	+4.94777172512055E+06	+4.94774907127380E+06	+4.94779211708069E+06 	0	0	0	0
		B	s1	52	11:04:15 AM	0.0005440643	-6.96334141861732E-12	+1.51541855299969E-14	+6.82792199740809E-02	+1.85411453247070E+01	+4.94777060551693E+06	+0.00000000000000E+00	+4.94777178558350E+06	+4.94774899639130E+06	+4.94779221473694E+06 	0	0	0	0
		B	s1	53	11:04:16 AM	0.0005651367	-3.77226513832686E-12	+1.51533054050658E-14	+6.82831844505059E-02	+1.85344314575195E+01	+4.94777065171295E+06	+0.00000000000000E+00	+4.94777182533264E+06	+4.94774905166626E+06	+4.94779225185394E+06 	0	0	0	0
		B	s1	54	11:04:18 AM	0.0005866105	-4.24801855831208E-12	+1.51542973422382E-14	+6.82787147329400E-02	+1.85400753021240E+01	+4.94777065840771E+06	+0.00000000000000E+00	+4.94777181968689E+06	+4.94774905036926E+06	+4.94779226654053E+06 	0	0	0	0
		B	s1	55	11:04:20 AM	0.0006084856	-2.63657106362292E-12	+1.51488368832572E-14	+6.83033253773999E-02	+1.85409297943115E+01	+4.94777068347030E+06	+0.00000000000000E+00	+4.94777184310913E+06	+4.94774908222199E+06	+4.94779228481293E+06 	0	0	0	0
		B	s1	56	11:04:21 AM	0.0006307621	+9.71753842697649E-11	+1.51344769682889E-14	+6.83681331002901E-02	+1.85191116333008E+01	+4.94777068097188E+06	+0.00000000000000E+00	+4.94777187282562E+06	+4.94774912559510E+06	+4.94779223644257E+06 	0	0	0	0
		B	s1	57	11:04:23 AM	0.0006534400	+1.19964224346878E-12	+1.51478691540649E-14	+6.83076883053765E-02	+1.85242519378662E+01	+4.94777070752206E+06	+0.00000000000000E+00	+4.94777188972473E+06	+4.94774912708283E+06	+4.94779228805542E+06 	0	0	0	0
		B	s1	58	11:04:25 AM	0.0006765193	+1.89376162073577E-12	+1.51319087146734E-14	+6.83797361856717E-02	+1.85383491516113E+01	+4.94777070458477E+06	+0.00000000000000E+00	+4.94777189830780E+06	+4.94774913047791E+06	+4.94779227878571E+06 	0	0	0	0
		B	s1	59	11:04:26 AM	0.0007000000	+1.01365992859638E-10	+1.51621507684687E-14	+6.82433471207185E-02	+1.85207557678223E+01	+4.94777072348650E+06	+0.00000000000000E+00	+4.94777189727783E+06	+4.94774912677765E+06	+4.94779232028961E+06 	0	0	0	0
		T	s2 	60	11:11:21 AM	0.0007000000	+2.27128855916949E-11	+1.50886569111482E-14	+6.85757012793910E-02	+1.91003684997559E+01	+4.94777237067027E+06	+0.00000000000000E+00	+4.94777343509674E+06	+4.94775020603180E+06	+4.94779453540802E+06 	0.600000	0.158000	0.203231	0.041327
		T	s2 	61	11:11:26 AM	0.0006765193	+4.95398901407863E-11	+1.50877402919172E-14	+6.85798592556092E-02	+1.91545047760010E+01	+4.94777266556516E+06	+0.00000000000000E+00	+4.94777380012512E+06	+4.94775043945313E+06	+4.94779489177704E+06 	0.592000	0.156000	0.200464	0.040831
		T	s2 	62	11:11:32 AM	0.0006534400	+1.03088189283956E-11	+1.50985144766851E-14	+6.85309176378577E-02	+1.91687755584717E+01	+4.94777279383421E+06	+0.00000000000000E+00	+4.94777389163971E+06	+4.94775053527832E+06	+4.94779505249024E+06 	0.584000	0.152000	0.196608	0.040742
		T	s2 	63	11:11:38 AM	0.0006307621	+1.59810252355023E-11	+1.50809173449587E-14	+6.86108819096557E-02	+1.91753387451172E+01	+4.94777282494315E+06	+0.00000000000000E+00	+4.94777394416809E+06	+4.94775058471680E+06	+4.94779506526947E+06 	0.560000	0.156000	0.194022	0.039247
		T	s2 	64	11:11:43 AM	0.0006084856	+2.10982474076851E-11	+1.50788723737664E-14	+6.86201853889504E-02	+1.92074451446533E+01	+4.94777287586921E+06	+0.00000000000000E+00	+4.94777402992249E+06	+4.94775060142517E+06	+4.94779515041352E+06 	0.584000	0.140000	0.190506	0.038801
		T	s2 	65	11:11:49 AM	0.0005866105	+2.49220378382281E-11	+1.50739924026452E-14	+6.86423986553315E-02	+1.92329616546631E+01	+4.94777292826397E+06	+0.00000000000000E+00	+4.94777406845093E+06	+4.94775063144684E+06	+4.94779522518158E+06 	0.568000	0.142000	0.186414	0.038247
		T	s2 	66	11:11:54 AM	0.0005651367	+6.61863735528459E-11	+1.50910754416275E-14	+6.85646960239204E-02	+1.92456684112549E+01	+4.94777291750634E+06	+0.00000000000000E+00	+4.94777402580261E+06	+4.94775058067322E+06	+4.94779525444031E+06 	0.560000	0.134000	0.183564	0.037535
		T	s2 	67	11:11:59 AM	0.0005440643	+6.79547169259294E-11	+1.50644340535277E-14	+6.86859513077486E-02	+1.92427940368652E+01	+4.94777295683607E+06	+0.00000000000000E+00	+4.94777406902313E+06	+4.94775066276551E+06	+4.94779525100708E+06 	0.552000	0.134000	0.179821	0.036996
		T	s2 	68	11:12:04 AM	0.0005233933	+2.92220772131885E-11	+1.50697561750005E-14	+6.86616925627280E-02	+1.92645015716553E+01	+4.94777300081938E+06	+0.00000000000000E+00	+4.94777411190033E+06	+4.94775067371369E+06	+4.94779532802582E+06 	0.552000	0.130000	0.177105	0.035884
		T	s2 	69	11:12:10 AM	0.0005031236	+6.92141440527034E-11	+1.50700609338289E-14	+6.86603043126732E-02	+1.92586154937744E+01	+4.94777299067231E+06	+0.00000000000000E+00	+4.94777407375336E+06	+4.94775066993714E+06	+4.94779531150818E+06 	0.520000	0.152000	0.173409	0.035528
		T	s2 	70	11:12:15 AM	0.0004832554	+2.65053281560096E-11	+1.50697531317591E-14	+6.86617070579507E-02	+1.92557010650635E+01	+4.94777297814105E+06	+0.00000000000000E+00	+4.94777409549713E+06	+4.94775066123963E+06	+4.94779529514313E+06 	0.520000	0.128000	0.169895	0.034482
		T	s2 	71	11:12:20 AM	0.0004637885	+3.08466962559131E-11	+1.50753818086010E-14	+6.86360692609798E-02	+1.92748985290527E+01	+4.94777303795536E+06	+0.00000000000000E+00	+4.94777415340424E+06	+4.94775069046021E+06	+4.94779538555145E+06 	0.512000	0.142000	0.165750	0.033824
		T	s2 	72	11:12:25 AM	0.0004447230	+3.44011674516752E-11	+1.50910890358788E-14	+6.85646298564739E-02	+1.92936038970947E+01	+4.94777307638823E+06	+0.00000000000000E+00	+4.94777419952393E+06	+4.94775068389893E+06	+4.94779546897888E+06 	0.504000	0.128000	0.162769	0.033654
		T	s2 	73	11:12:31 AM	0.0004260589	-1.30559962257432E-11	+1.50954531621546E-14	+6.85448077837079E-02	+1.93036994934082E+01	+4.94777307272604E+06	+0.00000000000000E+00	+4.94777419746399E+06	+4.94775066204071E+06	+4.94779548351288E+06 	0.480000	0.128000	0.158766	0.032211
		T	s2 	74	11:12:37 AM	0.0004077962	+3.79828401014105E-11	+1.50891558050945E-14	+6.85734125746130E-02	+1.93336315155029E+01	+4.94777314201990E+06	+0.00000000000000E+00	+4.94777426277161E+06	+4.94775070594788E+06	+4.94779557819367E+06 	0.488000	0.126000	0.155475	0.031562
		T	s2 	75	11:12:43 AM	0.0003899348	+3.88305792372002E-11	+1.50973239063250E-14	+6.85363112468813E-02	+1.93292655944824E+01	+4.94777318071997E+06	+0.00000000000000E+00	+4.94777427307129E+06	+4.94775073757172E+06	+4.94779562397003E+06 	0.464000	0.122000	0.151866	0.031756
		T	s2 	76	11:12:49 AM	0.0003724748	+8.53173037372853E-11	+1.50768727746247E-14	+6.86292780536173E-02	+1.93348903656006E+01	+4.94777317213701E+06	+0.00000000000000E+00	+4.94777428955078E+06	+4.94775075286865E+06	+4.94779559150696E+06 	0.456000	0.124000	0.149112	0.030835
		T	s2 	77	11:12:55 AM	0.0003554162	+3.67503027775043E-11	+1.50479507731040E-14	+6.87611811036521E-02	+1.93213558197021E+01	+4.94777323305799E+06	+0.00000000000000E+00	+4.94777430820465E+06	+4.94775087245941E+06	+4.94779559375763E+06 	0.472000	0.118000	0.144685	0.030125
		T	s2 	78	11:13:01 AM	0.0003387590	+4.14650224030681E-11	+1.50537980688992E-14	+6.87344722386015E-02	+1.92596988677979E+01	+4.94777323998195E+06	+0.00000000000000E+00	+4.94777427555085E+06	+4.94775094207764E+06	+4.94779553798676E+06 	0.440000	0.128000	0.142172	0.029294
		T	s2 	79	11:13:07 AM	0.0003225031	+4.00877368306877E-11	+1.50467783387522E-14	+6.87665381740253E-02	+1.92504215240479E+01	+4.94777326012365E+06	+0.00000000000000E+00	+4.94777430664063E+06	+4.94775098335266E+06	+4.94779553699494E+06 	0.448000	0.110000	0.138635	0.028782
		T	s2 	80	11:13:13 AM	0.0003066487	+4.65347791436540E-11	+1.50563576701250E-14	+6.87227850131065E-02	+1.92661094665527E+01	+4.94777332176901E+06	+0.00000000000000E+00	+4.94777436771393E+06	+4.94775101264954E+06	+4.94779563098908E+06 	0.448000	0.114000	0.135008	0.027909
		T	s2 	81	11:13:19 AM	0.0002911956	+4.75692563930238E-11	+1.50664835947954E-14	+6.86765958853796E-02	+1.92378520965576E+01	+4.94777338391051E+06	+0.00000000000000E+00	+4.94777439460755E+06	+4.94775109252930E+06	+4.94779567539215E+06 	0.416000	0.126000	0.130852	0.027628
		T	s2 	82	11:13:25 AM	0.0002761439	+5.54220584204689E-11	+1.50510667025374E-14	+6.87469392334682E-02	+1.92720241546631E+01	+4.94777347298362E+06	+0.00000000000000E+00	+4.94777447952271E+06	+4.94775116485596E+06	+4.94779578121186E+06 	0.408000	0.116000	0.128263	0.026952
		T	s2 	83	11:13:31 AM	0.0002614935	+5.42638172885271E-11	+1.50038055844186E-14	+6.89634881017720E-02	+1.92715377807617E+01	+4.94777347321282E+06	+0.00000000000000E+00	+4.94777448554993E+06	+4.94775123569489E+06	+4.94779571083069E+06 	0.408000	0.108000	0.124207	0.026133
		T	s2 	84	11:13:37 AM	0.0002472446	+5.65395905969346E-11	+1.50415673715255E-14	+6.87903555889143E-02	+1.92496528625488E+01	+4.94777347273584E+06	+0.00000000000000E+00	+4.94777448657990E+06	+4.94775120456696E+06	+4.94779574100495E+06 	0.392000	0.114000	0.121547	0.025461
		T	s2 	85	11:13:42 AM	0.0002333970	+2.40306201885309E-11	+1.50131036097356E-14	+6.89207728823408E-02	+1.92911529541016E+01	+4.94777362564795E+06	+0.00000000000000E+00	+4.94777467643738E+06	+4.94775135169983E+06	+4.94779589969635E+06 	0.400000	0.104000	0.118264	0.024832
		T	s2 	86	11:13:47 AM	0.0002199508	+1.68657769167762E-11	+1.50054279518697E-14	+6.89560286890142E-02	+1.92748413085938E+01	+4.94777358692891E+06	+0.00000000000000E+00	+4.94777461662293E+06	+4.94775134319306E+06	+4.94779583076477E+06 	0.384000	0.102000	0.114291	0.024088
		T	s2 	87	11:13:53 AM	0.0002069060	+6.87011741146594E-11	+1.50345398098202E-14	+6.88225048225047E-02	+1.92867908477783E+01	+4.94777366289835E+06	+0.00000000000000E+00	+4.94777468860626E+06	+4.94775136219025E+06	+4.94779596370697E+06 	0.368000	0.108000	0.111503	0.023752
		T	s2 	88	11:13:59 AM	0.0001942626	+2.72793746656894E-11	+1.50086836995345E-14	+6.89410663875689E-02	+1.92887859344482E+01	+4.94777373282192E+06	+0.00000000000000E+00	+4.94777475406647E+06	+4.94775146816254E+06	+4.94779599758148E+06 	0.360000	0.098000	0.107595	0.022673
		T	s2 	89	11:14:04 AM	0.0001820205	+2.38488617553248E-11	+1.50216262267363E-14	+6.88816673652213E-02	+1.92365550994873E+01	+4.94777372872130E+06	+0.00000000000000E+00	+4.94777470539093E+06	+4.94775150520325E+06	+4.94779595233917E+06 	0.344000	0.094000	0.103273	0.021962
		T	s2 	90	11:14:10 AM	0.0001701798	+2.98012962351556E-11	+1.50267459806600E-14	+6.88581978365983E-02	+1.92444419860840E+01	+4.94777376089820E+06	+0.00000000000000E+00	+4.94777475864411E+06	+4.94775152069092E+06	+4.94779600120545E+06 	0.320000	0.104000	0.100479	0.021494
		T	s2 	91	11:14:15 AM	0.0001587405	+8.07037935293677E-11	+1.50267293806220E-14	+6.88582723498418E-02	+1.92355175018311E+01	+4.94777381674541E+06	+0.00000000000000E+00	+4.94777481525421E+06	+4.94775158687592E+06	+4.94779604671478E+06 	0.320000	0.086000	0.096313	0.020858
		T	s2 	92	11:14:21 AM	0.0001477026	-6.04061913143372E-12	+1.50072582939378E-14	+6.89476105885303E-02	+1.92544422149658E+01	+4.94777387261169E+06	+0.00000000000000E+00	+4.94777492301941E+06	+4.94775164970398E+06	+4.94779609561920E+06 	0.320000	0.084000	0.093723	0.020656
		T	s2 	93	11:14:27 AM	0.0001370661	-7.36180715779714E-13	+1.49946881951541E-14	+6.90054075794477E-02	+1.92306728363037E+01	+4.94777394533910E+06	+0.00000000000000E+00	+4.94777498966217E+06	+4.94775176845551E+06	+4.94779612232208E+06 	0.328000	0.092000	0.090055	0.019755
		T	s2 	94	11:14:33 AM	0.0001268309	+2.80455526729385E-12	+1.50312688244080E-14	+6.88374716684977E-02	+1.92012290954590E+01	+4.94777401369838E+06	+0.00000000000000E+00	+4.94777503681183E+06	+4.94775181674957E+06	+4.94779621074677E+06 	0.312000	0.078000	0.086428	0.020131
		T	s2 	95	11:14:38 AM	0.0001169971	+8.42019945779973E-12	+1.50039595106256E-14	+6.89627623510483E-02	+1.92013664245606E+01	+4.94777412794874E+06	+0.00000000000000E+00	+4.94777511440277E+06	+4.94775197116852E+06	+4.94779628482819E+06 	0.288000	0.094000	0.086062	0.018998
		T	s2 	96	11:14:44 AM	0.0001075647	+1.40997493755802E-11	+1.49880723349387E-14	+6.90358596320348E-02	+1.91535129547119E+01	+4.94777421446643E+06	+0.00000000000000E+00	+4.94777519157410E+06	+4.94775213630676E+06	+4.94779629272461E+06 	0.272000	0.090000	0.081227	0.017913
		T	s2 	97	11:14:50 AM	0.0000985337	+7.06406875330800E-11	+1.49757852822103E-14	+6.90924980923910E-02	+1.91555976867676E+01	+4.94777431446879E+06	+0.00000000000000E+00	+4.94777528747559E+06	+4.94775225200653E+06	+4.94779637702942E+06 	0.272000	0.080000	0.077632	0.017419
		T	s2 	98	11:14:55 AM	0.0000899041	+2.60581345419278E-11	+1.49981457696203E-14	+6.89894877422728E-02	+1.91892623901367E+01	+4.94777436781701E+06	+0.00000000000000E+00	+4.94777537303925E+06	+4.94775223358155E+06	+4.94779650215149E+06 	0.256000	0.084000	0.075455	0.016544
		T	s2 	99	11:15:01 AM	0.0000816758	+3.99884651261724E-11	+1.49834655053516E-14	+6.90570770351470E-02	+1.91936454772949E+01	+4.94777451622788E+06	+0.00000000000000E+00	+4.94777549091339E+06	+4.94775239860535E+06	+4.94779663394928E+06 	0.248000	0.084000	0.070382	0.015877
		T	s2 	100	11:15:06 AM	0.0000738489	+4.69459159155674E-11	+1.49945586433273E-14	+6.90059856454777E-02	+1.91648902893066E+01	+4.94777459549736E+06	+0.00000000000000E+00	+4.94777561450958E+06	+4.94775249465943E+06	+4.94779669643402E+06 	0.312000	0.078000	0.067325	0.015953
		T	s2 	101	11:15:12 AM	0.0000664234	+5.14781077178725E-11	+1.50031525756410E-14	+6.89664557210584E-02	+1.91674003601074E+01	+4.94777469284837E+06	+0.00000000000000E+00	+4.94777566509247E+06	+4.94775257644653E+06	+4.94779680934906E+06 	0.224000	0.072000	0.064254	0.014780
		T	s2 	102	11:15:17 AM	0.0000593993	+1.02674670806378E-10	+1.49817347298234E-14	+6.90650486989380E-02	+1.91770725250244E+01	+4.94777473845317E+06	+0.00000000000000E+00	+4.94777571796417E+06	+4.94775264247894E+06	+4.94779683452606E+06 	0.224000	0.076000	0.060549	0.014245
		T	s2 	103	11:15:23 AM	0.0000527765	+1.12283627562677E-10	+1.49978152400361E-14	+6.89909953319789E-02	+1.91390151977539E+01	+4.94777482809864E+06	+0.00000000000000E+00	+4.94777584777832E+06	+4.94775275230408E+06	+4.94779690399170E+06 	0.208000	0.070000	0.057814	0.013356
		T	s2 	104	11:15:28 AM	0.0000465551	+2.52261206816275E-11	+1.50286706274185E-14	+6.88493490154127E-02	+1.91012058258057E+01	+4.94777485667072E+06	+0.00000000000000E+00	+4.94777593784332E+06	+4.94775277915955E+06	+4.94779693428040E+06 	0.208000	0.066000	0.057703	0.013355
		T	s2 	105	11:15:34 AM	0.0000407351	+7.77236006001031E-11	+1.50228733565810E-14	+6.88759157190269E-02	+1.91252994537354E+01	+4.94777492863489E+06	+0.00000000000000E+00	+4.94777602825165E+06	+4.94775283180237E+06	+4.94779702556610E+06 	0.192000	0.074000	0.054113	0.012856
		T	s2 	106	11:15:40 AM	0.0000353165	+8.26744739194144E-11	+1.50305698627743E-14	+6.88406434906102E-02	+1.91109676361084E+01	+4.94777506678418E+06	+0.00000000000000E+00	+4.94777609210968E+06	+4.94775297519684E+06	+4.94779715847016E+06 	0.192000	0.052000	0.049838	0.012333
		T	s2 	107	11:15:46 AM	0.0000302993	+8.68327397213570E-11	+1.50352143864718E-14	+6.88193772030568E-02	+1.91057071685791E+01	+4.94777509354428E+06	+0.00000000000000E+00	+4.94777620273590E+06	+4.94775300121307E+06	+4.94779718597412E+06 	0.200000	0.094000	0.046887	0.012369
		T	s2 	108	11:15:52 AM	0.0000256834	+5.22696745007269E-11	+1.50201601670349E-14	+6.88883500708952E-02	+1.91113491058350E+01	+4.94777518555484E+06	+0.00000000000000E+00	+4.94777621833801E+06	+4.94775310882569E+06	+4.94779726238251E+06 	0.176000	0.062000	0.041349	0.012088
		T	s2 	109	11:15:58 AM	0.0000214689	-4.73076990211028E-11	+1.50157103546619E-14	+6.89087625660415E-02	+1.90787601470947E+01	+4.94777526234490E+06	+0.00000000000000E+00	+4.94777635276795E+06	+4.94775322978974E+06	+4.94779729499817E+06 	0.152000	0.058000	0.042087	0.010745
		T	s2 	110	11:16:03 AM	0.0000176558	+1.01976707671686E-10	+1.50280467348493E-14	+6.88521928904225E-02	+1.90699958801270E+01	+4.94777537480214E+06	+0.00000000000000E+00	+4.94777642547608E+06	+4.94775333427429E+06	+4.94779741542816E+06 	0.184000	0.068000	0.040351	0.011127
		T	s2 	111	11:16:09 AM	0.0000142441	+1.69911817928556E-11	+1.50348214793243E-14	+6.88211680353549E-02	+1.90822200775146E+01	+4.94777536797372E+06	+0.00000000000000E+00	+4.94777645427704E+06	+4.94775330337525E+06	+4.94779743267060E+06 	0.176000	0.074000	0.040587	0.009643
		T	s2 	112	11:16:15 AM	0.0000112338	-3.24409052591974E-11	+1.50126949556670E-14	+6.89225966604881E-02	+1.92069835662842E+01	+4.94777550232686E+06	+0.00000000000000E+00	+4.94777643905640E+06	+4.94775332614899E+06	+4.94779767860413E+06 	0.160000	0.060000	0.032244	0.009296
		T	s2 	113	11:16:21 AM	0.0000086248	+7.69314016600021E-11	+1.50089853738453E-14	+6.89396310507133E-02	+1.90898017883301E+01	+4.94777551451545E+06	+0.00000000000000E+00	+4.94777659355164E+06	+4.94775347908020E+06	+4.94779755004883E+06 	0.128000	0.056000	0.027500	0.009887
		T	s2 	114	11:16:27 AM	0.0000064172	-1.99304798435577E-11	+1.50396439429811E-14	+6.87990943255708E-02	+1.90993671417236E+01	+4.94777559069470E+06	+0.00000000000000E+00	+4.94777660697937E+06	+4.94775349918366E+06	+4.94779768230438E+06 	0.128000	0.048000	0.025149	0.008552
		T	s2 	115	11:16:33 AM	0.0000046110	+8.39755402416080E-11	+1.50352494024242E-14	+6.88192019207250E-02	+1.90815429687500E+01	+4.94777563301889E+06	+0.00000000000000E+00	+4.94777669036865E+06	+4.94775356857300E+06	+4.94779769756317E+06 	0.112000	0.054000	0.025329	0.008302
		T	s2 	116	11:16:39 AM	0.0000032062	+8.05361270441831E-11	+1.50381805768342E-14	+6.88057873659511E-02	+1.91094875335693E+01	+4.94777565552544E+06	+0.00000000000000E+00	+4.94777679321289E+06	+4.94775355445862E+06	+4.94779775669098E+06 	0.136000	0.044000	0.020970	0.010405
		T	s2 	117	11:16:44 AM	0.0000022028	+4.08905827424170E-11	+1.50555077571866E-14	+6.87265976520732E-02	+1.91028137207031E+01	+4.94777572979752E+06	+0.00000000000000E+00	+4.94777676124573E+06	+4.94775361099243E+06	+4.94779784870148E+06 	0.112000	0.052000	0.019392	0.009729
		T	s2 	118	11:16:50 AM	0.0000016007	-4.77263791520684E-12	+1.50226330495434E-14	+6.88769942466574E-02	+1.91343650817871E+01	+4.94777576315710E+06	+0.00000000000000E+00	+4.94777681266785E+06	+4.94775365619660E+06	+4.94779787021637E+06 	0.112000	0.038000	0.018675	0.009333
		T	s2 	119	11:16:56 AM	0.0000014000	-9.74218040029676E-12	+1.50365125030135E-14	+6.88134204969415E-02	+1.91518516540527E+01	+4.94777564945986E+06	+0.00000000000000E+00	+4.94777676536560E+06	+4.94775350185395E+06	+4.94779779716492E+06 	0.096000	0.046000	0.019905	0.009454
		B	s3	120	11:18:16 AM	0.0000014000	+4.46139870418866E-11	+1.50731694079870E-14	+6.86462266146231E-02	+1.88921318054199E+01	+4.94777004210394E+06	+0.00000000000000E+00	+4.94777118057251E+06	+4.94774814163208E+06	+4.94779194267273E+06 	0	0	0	0
		B	s3	121	11:18:18 AM	0.0000016007	-7.01023732595314E-12	+1.50394416113962E-14	+6.88001709334693E-02	+1.89485321044922E+01	+4.94777016014967E+06	+0.00000000000000E+00	+4.94777117706299E+06	+4.94774824344635E+06	+4.94779207695008E+06 	0	0	0	0
		B	s3	122	11:18:20 AM	0.0000022028	+5.05994978719592E-11	+1.50452328413339E-14	+6.87736867994514E-02	+1.89108085632324E+01	+4.94777021359374E+06	+0.00000000000000E+00	+4.94777119464874E+06	+4.94774833209992E+06	+4.94779209518433E+06 	0	0	0	0
		B	s3	123	11:18:23 AM	0.0000032062	+5.64480306580998E-11	+1.50652052585079E-14	+6.86825088379721E-02	+1.89041748046875E+01	+4.94777030430714E+06	+0.00000000000000E+00	+4.94777135894776E+06	+4.94774840145111E+06	+4.94779220726013E+06 	0	0	0	0
		B	s3	124	11:18:25 AM	0.0000046110	+5.95215612454352E-12	+1.50574954546284E-14	+6.87176773017839E-02	+1.88907299041748E+01	+4.94777025574617E+06	+0.00000000000000E+00	+4.94777132682800E+06	+4.94774837966919E+06	+4.94779213191986E+06 	0	0	0	0
		B	s3	125	11:18:27 AM	0.0000064172	+5.70504534838754E-11	+1.50555482452919E-14	+6.87265642646232E-02	+1.88822021484375E+01	+4.94777027871070E+06	+0.00000000000000E+00	+4.94777138732910E+06	+4.94774841533661E+06	+4.94779214218140E+06 	0	0	0	0
		B	s3	126	11:18:29 AM	0.0000086248	+7.29648300093876E-12	+1.50740540161675E-14	+6.86421902793659E-02	+1.88371391296387E+01	+4.94777032643267E+06	+0.00000000000000E+00	+4.94777135639191E+06	+4.94774848842621E+06	+4.94779216453552E+06 	0	0	0	0
		B	s3	127	11:18:30 AM	0.0000112338	+5.94770660836336E-11	+1.50424087364216E-14	+6.87865968055932E-02	+1.88972778320313E+01	+4.94777027699409E+06	+0.00000000000000E+00	+4.94777141654969E+06	+4.94774841526032E+06	+4.94779213882446E+06 	0	0	0	0
		B	s3	128	11:18:32 AM	0.0000142441	+5.84683616541593E-11	+1.50583827111691E-14	+6.87136255883968E-02	+1.87657318115234E+01	+4.94777035626407E+06	+0.00000000000000E+00	+4.94777139053345E+06	+4.94774862365723E+06	+4.94779208896637E+06 	0	0	0	0
		B	s3	129	11:18:34 AM	0.0000176558	+6.12059857947577E-11	+1.50995032113242E-14	+6.85264985037875E-02	+1.87982292175293E+01	+4.94777032605124E+06	+0.00000000000000E+00	+4.94777138046265E+06	+4.94774849636078E+06	+4.94779215583801E+06 	0	0	0	0
		B	s3	130	11:18:37 AM	0.0000214689	+6.63534833148934E-11	+1.50064217364118E-14	+6.89515533105554E-02	+1.88022346496582E+01	+4.94777031615267E+06	+0.00000000000000E+00	+4.94777140605927E+06	+4.94774861640930E+06	+4.94779201599121E+06 	0	0	0	0
		B	s3	131	11:18:39 AM	0.0000256834	+8.57268496159017E-12	+1.50437534446613E-14	+6.87804484457465E-02	+1.87539443969727E+01	+4.94777026864063E+06	+0.00000000000000E+00	+4.94777137004852E+06	+4.94774857078552E+06	+4.94779196659088E+06 	0	0	0	0
		B	s3	132	11:18:42 AM	0.0000302993	+1.10363122428096E-11	+1.50706377710014E-14	+6.86577505160632E-02	+1.87460784912109E+01	+4.94777031653402E+06	+0.00000000000000E+00	+4.94777139396668E+06	+4.94774858901978E+06	+4.94779204414368E+06 	0	0	0	0
		B	s3	133	11:18:43 AM	0.0000353165	+6.47109470597894E-11	+1.50433947558760E-14	+6.87820883125605E-02	+1.86568603515625E+01	+4.94777027249396E+06	+0.00000000000000E+00	+4.94777133014679E+06	+4.94774868747711E+06	+4.94779185760498E+06 	0	0	0	0
		B	s3	134	11:18:46 AM	0.0000407351	+5.59809839090605E-11	+1.50612270981084E-14	+6.87006500609431E-02	+1.86829185485840E+01	+4.94777030659711E+06	+0.00000000000000E+00	+4.94777140739441E+06	+4.94774866580963E+06	+4.94779194747925E+06 	0	0	0	0
		B	s3	135	11:18:48 AM	0.0000465551	+9.13751776317275E-12	+1.50080527606780E-14	+6.89440595079525E-02	+1.86613826751709E+01	+4.94777032984814E+06	+0.00000000000000E+00	+4.94777136043549E+06	+4.94774879032135E+06	+4.94779186946869E+06 	0	0	0	0
		B	s3	136	11:18:50 AM	0.0000527765	-3.84907939727941E-11	+1.50441491711929E-14	+6.87786395857296E-02	+1.86583976745605E+01	+4.94777025551855E+06	+0.00000000000000E+00	+4.94777132694245E+06	+4.94774866764069E+06	+4.94779184349060E+06 	0	0	0	0
		B	s3	137	11:18:51 AM	0.0000593993	+5.55745463183994E-11	+1.50452530895072E-14	+6.87735932520565E-02	+1.86470394134521E+01	+4.94777024922435E+06	+0.00000000000000E+00	+4.94777128879547E+06	+4.94774867290497E+06	+4.94779182563782E+06 	0	0	0	0
		B	s3	138	11:18:53 AM	0.0000664234	+5.92201175519500E-11	+1.50312511914133E-14	+6.88376564031749E-02	+1.86283912658691E+01	+4.94777027678572E+06	+0.00000000000000E+00	+4.94777131191254E+06	+4.94774874210358E+06	+4.94779181156159E+06 	0	0	0	0
		B	s3	139	11:18:55 AM	0.0000738489	+1.31255528431853E-12	+1.50568472542457E-14	+6.87206371601084E-02	+1.86306056976318E+01	+4.94777020001477E+06	+0.00000000000000E+00	+4.94777126789093E+06	+4.94774862609863E+06	+4.94779177402496E+06 	0	0	0	0
		B	s3	140	11:18:56 AM	0.0000816758	+5.70644744188274E-11	+1.50694526256875E-14	+6.86631527759566E-02	+1.86207485198975E+01	+4.94777022164407E+06	+0.00000000000000E+00	+4.94777133415222E+06	+4.94774864109040E+06	+4.94779180229187E+06 	0	0	0	0
		B	s3	141	11:18:59 AM	0.0000899041	+6.10782136082425E-12	+1.50583308645055E-14	+6.87138649884260E-02	+1.86234664916992E+01	+4.94777025490829E+06	+0.00000000000000E+00	+4.94777132881165E+06	+4.94774868713379E+06	+4.94779182277680E+06 	0	0	0	0
		B	s3	142	11:19:01 AM	0.0000985337	+5.51952576941959E-11	+1.50665643373423E-14	+6.86763156308285E-02	+1.85921211242676E+01	+4.94777022160608E+06	+0.00000000000000E+00	+4.94777129180908E+06	+4.94774867835999E+06	+4.94779176494599E+06 	0	0	0	0
		B	s3	143	11:19:03 AM	0.0001075647	+5.62854799104571E-11	+1.50739496143873E-14	+6.86426677224085E-02	+1.85662631988525E+01	+4.94777025330630E+06	+0.00000000000000E+00	+4.94777135311127E+06	+4.94774872947693E+06	+4.94779177722931E+06 	0	0	0	0
		B	s3	144	11:19:05 AM	0.0001169971	+5.57458902086568E-11	+1.50608673209152E-14	+6.87022926167302E-02	+1.85894546508789E+01	+4.94777025546157E+06	+0.00000000000000E+00	+4.94777129058838E+06	+4.94774872344971E+06	+4.94779178756714E+06 	0	0	0	0
		B	s3	145	11:19:08 AM	0.0001268309	+5.37541346748482E-11	+1.50875411962583E-14	+6.85808311670420E-02	+1.85891857147217E+01	+4.94777025124617E+06	+0.00000000000000E+00	+4.94777132606506E+06	+4.94774868141174E+06	+4.94779182117462E+06 	0	0	0	0
		B	s3	146	11:19:09 AM	0.0001370661	+5.91787465281628E-11	+1.50567597576306E-14	+6.87210361732508E-02	+1.85847587585449E+01	+4.94777021191685E+06	+0.00000000000000E+00	+4.94777133438111E+06	+4.94774869121552E+06	+4.94779173271179E+06 	0	0	0	0
		B	s3	147	11:19:11 AM	0.0001477026	+5.53552135664714E-11	+1.50690448488690E-14	+6.86650099500361E-02	+1.85553874969482E+01	+4.94777025368786E+06	+0.00000000000000E+00	+4.94777131359101E+06	+4.94774874946594E+06	+4.94779175800324E+06 	0	0	0	0
		B	s3	148	11:19:13 AM	0.0001587405	+5.54043217621456E-11	+1.50757583193177E-14	+6.86344318029057E-02	+1.85590839385986E+01	+4.94777027339071E+06	+0.00000000000000E+00	+4.94777133701325E+06	+4.94774875530243E+06	+4.94779179157257E+06 	0	0	0	0
		B	s3	149	11:19:14 AM	0.0001701798	+5.91594979907990E-11	+1.50822938067622E-14	+6.86046912838020E-02	+1.85841426849365E+01	+4.94777026330067E+06	+0.00000000000000E+00	+4.94777136901856E+06	+4.94774870681763E+06	+4.94779181987763E+06 	0	0	0	0
		B	s3	150	11:19:16 AM	0.0001820205	+5.40005156826346E-11	+1.50742434924415E-14	+6.86413298348077E-02	+1.85709686279297E+01	+4.94777024151886E+06	+0.00000000000000E+00	+4.94777131031037E+06	+4.94774871181488E+06	+4.94779177131653E+06 	0	0	0	0
		B	s3	151	11:19:18 AM	0.0001942626	+5.71507710595366E-11	+1.50940038493162E-14	+6.85514666948194E-02	+1.85955867767334E+01	+4.94777028313696E+06	+0.00000000000000E+00	+4.94777137054443E+06	+4.94774869663239E+06	+4.94779186973572E+06 	0	0	0	0
		B	s3	152	11:19:19 AM	0.0002069060	+5.40647336821873E-11	+1.50556872895486E-14	+6.87259295408790E-02	+1.85839900970459E+01	+4.94777027911276E+06	+0.00000000000000E+00	+4.94777135101319E+06	+4.94774876083374E+06	+4.94779179748535E+06 	0	0	0	0
		B	s3	153	11:19:21 AM	0.0002199508	+5.79257399388981E-11	+1.50972910146622E-14	+6.85365416135951E-02	+1.85787906646729E+01	+4.94777025513715E+06	+0.00000000000000E+00	+4.94777135959625E+06	+4.94774868343353E+06	+4.94779182693482E+06 	0	0	0	0
		B	s3	154	11:19:23 AM	0.0002333970	+6.07633777112665E-11	+1.50873252777541E-14	+6.85818117366684E-02	+1.85693149566650E+01	+4.94777028399545E+06	+0.00000000000000E+00	+4.94777135932923E+06	+4.94774873752594E+06	+4.94779183055878E+06 	0	0	0	0
		B	s3	155	11:19:24 AM	0.0002472446	+6.01471335168731E-11	+1.50866772119101E-14	+6.85847580784679E-02	+1.85508136749268E+01	+4.94777027209369E+06	+0.00000000000000E+00	+4.94777135402680E+06	+4.94774874801636E+06	+4.94779179626465E+06 	0	0	0	0
		B	s3	156	11:19:26 AM	0.0002614935	+6.17548142324090E-11	+1.50591427619113E-14	+6.87101595229462E-02	+1.85676212310791E+01	+4.94777028485393E+06	+0.00000000000000E+00	+4.94777140472412E+06	+4.94774878059387E+06	+4.94779178920746E+06 	0	0	0	0
		B	s3	157	11:19:28 AM	0.0002761439	+6.22578742225445E-11	+1.51062698428692E-14	+6.84958045963781E-02	+1.85657119750977E+01	+4.94777027077742E+06	+0.00000000000000E+00	+4.94777137554169E+06	+4.94774870143891E+06	+4.94779184020996E+06 	0	0	0	0
		B	s3	158	11:19:29 AM	0.0002911956	+6.42574598419488E-11	+1.50838000952241E-14	+6.85978397171903E-02	+1.85568675994873E+01	+4.94777028531160E+06	+0.00000000000000E+00	+4.94777140014649E+06	+4.94774875831604E+06	+4.94779181240082E+06 	0	0	0	0
		B	s3	159	11:19:31 AM	0.0003066487	+5.99694079939132E-11	+1.50762200180641E-14	+6.86323287216122E-02	+1.85674476623535E+01	+4.94777031663026E+06	+0.00000000000000E+00	+4.94777140560150E+06	+4.94774878818512E+06	+4.94779184516907E+06 	0	0	0	0
		B	s3	160	11:19:33 AM	0.0003225031	+6.20010040750196E-11	+1.50964981340859E-14	+6.85401402181280E-02	+1.85605125427246E+01	+4.94777029091911E+06	+0.00000000000000E+00	+4.94777140350342E+06	+4.94774874156952E+06	+4.94779184036255E+06 	0	0	0	0
		B	s3	161	11:19:35 AM	0.0003387590	+6.58985135352672E-11	+1.50882062356997E-14	+6.85778069240842E-02	+1.85701866149902E+01	+4.94777030251579E+06	+0.00000000000000E+00	+4.94777145648957E+06	+4.94774875377655E+06	+4.94779185134888E+06 	0	0	0	0
		B	s3	162	11:19:36 AM	0.0003554162	+6.65435960477431E-11	+1.51105438635888E-14	+6.84764296525679E-02	+1.85464439392090E+01	+4.94777030293539E+06	+0.00000000000000E+00	+4.94777144515991E+06	+4.94774874988556E+06	+4.94779185607910E+06 	0	0	0	0
		B	s3	163	11:19:38 AM	0.0003724748	+6.98587922758063E-11	+1.51214602261303E-14	+6.84269955886830E-02	+1.85377292633057E+01	+4.94777030699802E+06	+0.00000000000000E+00	+4.94777146675110E+06	+4.94774874851227E+06	+4.94779186557770E+06 	0	0	0	0
		B	s3	164	11:19:40 AM	0.0003899348	+6.67598091027382E-11	+1.51187541781986E-14	+6.84392426071570E-02	+1.85350761413574E+01	+4.94777032389716E+06	+0.00000000000000E+00	+4.94777143600464E+06	+4.94774877235413E+06	+4.94779187553406E+06 	0	0	0	0
		B	s3	165	11:19:41 AM	0.0004077962	+7.02377211822248E-11	+1.50902087589649E-14	+6.85687052566933E-02	+1.85482959747314E+01	+4.94777034413424E+06	+0.00000000000000E+00	+4.94777150489807E+06	+4.94774881793976E+06	+4.94779187042236E+06 	0	0	0	0
		B	s3	166	11:19:43 AM	0.0004260589	+6.86218396598057E-11	+1.51296490020950E-14	+6.83899596956561E-02	+1.85024356842041E+01	+4.94777032307709E+06	+0.00000000000000E+00	+4.94777147506714E+06	+4.94774879398346E+06	+4.94779185226441E+06 	0	0	0	0
		B	s3	167	11:19:45 AM	0.0004447230	+7.14773397823290E-11	+1.51024733664994E-14	+6.85130210526531E-02	+1.85375518798828E+01	+4.94777034640396E+06	+0.00000000000000E+00	+4.94777151203156E+06	+4.94774881519318E+06	+4.94779187770844E+06 	0	0	0	0
		B	s3	168	11:19:46 AM	0.0004637885	+7.40063586414135E-11	+1.51362926803302E-14	+6.83599394617487E-02	+1.85063076019287E+01	+4.94777040474970E+06	+0.00000000000000E+00	+4.94777149868012E+06	+4.94774886169434E+06	+4.94779194789887E+06 	0	0	0	0
		B	s3	169	11:19:48 AM	0.0004832554	+7.36454339671504E-11	+1.51463989406784E-14	+6.83143272285946E-02	+1.85059452056885E+01	+4.94777039933277E+06	+0.00000000000000E+00	+4.94777154109955E+06	+4.94774884231568E+06	+4.94779195644379E+06 	0	0	0	0
		B	s3	170	11:19:50 AM	0.0005031236	+7.77706380202487E-11	+1.51324171401336E-14	+6.83774468931311E-02	+1.85430221557617E+01	+4.94777040938440E+06	+0.00000000000000E+00	+4.94777155818939E+06	+4.94774882911682E+06	+4.94779198974610E+06 	0	0	0	0
		B	s3	171	11:19:51 AM	0.0005233933	+7.57611247842326E-11	+1.51258603855764E-14	+6.84070867731985E-02	+1.85068397521973E+01	+4.94777042241181E+06	+0.00000000000000E+00	+4.94777157497406E+06	+4.94774889358521E+06	+4.94779195133209E+06 	0	0	0	0
		B	s3	172	11:19:53 AM	0.0005440643	+7.53543494540634E-11	+1.51257561589414E-14	+6.84075580011125E-02	+1.85026550292969E+01	+4.94777042758075E+06	+0.00000000000000E+00	+4.94777155548096E+06	+4.94774890377045E+06	+4.94779195148468E+06 	0	0	0	0
		B	s3	173	11:19:55 AM	0.0005651367	+7.89061149906932E-11	+1.51314133024271E-14	+6.83819820144690E-02	+1.85165691375732E+01	+4.94777045018273E+06	+0.00000000000000E+00	+4.94777159900665E+06	+4.94774890213013E+06	+4.94779199832916E+06 	0	0	0	0
		B	s3	174	11:19:56 AM	0.0005866105	+7.91664108621691E-11	+1.51494884738214E-14	+6.83003932760319E-02	+1.85115509033203E+01	+4.94777047793456E+06	+0.00000000000000E+00	+4.94777161888123E+06	+4.94774890998841E+06	+4.94779204597473E+06 	0	0	0	0
		B	s3	175	11:19:58 AM	0.0006084856	+8.49782491080686E-11	+1.51393790250617E-14	+6.83460004217742E-02	+1.85801658630371E+01	+4.94777051489869E+06	+0.00000000000000E+00	+4.94777168571472E+06	+4.94774888145447E+06	+4.94779214843750E+06 	0	0	0	0
		B	s3	176	11:20:00 AM	0.0006307621	+8.60517431732734E-11	+1.51429650642577E-14	+6.83298140945890E-02	+1.85835285186768E+01	+4.94777055686032E+06	+0.00000000000000E+00	+4.94777169120789E+06	+4.94774891437531E+06	+4.94779219944000E+06 	0	0	0	0
		B	s3	177	11:20:01 AM	0.0006534400	+8.62818040786192E-11	+1.51347709856851E-14	+6.83668076718058E-02	+1.85706157684326E+01	+4.94777058207559E+06	+0.00000000000000E+00	+4.94777173580170E+06	+4.94774896633148E+06	+4.94779219791413E+06 	0	0	0	0
		B	s3	178	11:20:03 AM	0.0006765193	+8.82545141020883E-11	+1.51565109908466E-14	+6.82687449873908E-02	+1.85752811431885E+01	+4.94777056630165E+06	+0.00000000000000E+00	+4.94777172588349E+06	+4.94774891407013E+06	+4.94779221862793E+06 	0	0	0	0
		B	s3	179	11:20:05 AM	0.0007000000	+8.88080754494755E-11	+1.51620940420295E-14	+6.82436069461949E-02	+1.85593795776367E+01	+4.94777056019819E+06	+0.00000000000000E+00	+4.94777175628662E+06	+4.94774891853333E+06	+4.94779220195770E+06 	0	0	0	0

