	10/07/22					5b XTal #1		2.2%	Testing baselines	Points/Segment: 59	
		Seg 	ID Tag	Number	Time	Power	C0	C1	L1	R1	fs	fa	fr	f1	f2	Ch1 (Pk-Pk)	Ch2 (Pk-Pk)	Ch1 (RMS)	Ch2 (RMS)	
						uW	F	F	H	Ohms	Hz	Hz	Hz	Hz	Hz	V	V	V	V	
		B	s1	0	4:00:03 PM	0.0000014000	+1.33778781051064E-12	+1.62278996626870E-14	+6.37615947697133E-02	+2.74001998901367E+01	+4.94776870494469E+06	+0.00000000000000E+00	+4.94777004238129E+06	+4.94773450832367E+06	+4.94780290180207E+06 	0	0	0	0
		B	s1	1	4:00:05 PM	0.0000017443	+6.20418072345914E-11	+1.62874102189575E-14	+6.35286229176281E-02	+2.74300613403320E+01	+4.94776875312319E+06	+0.00000000000000E+00	+4.94776990959168E+06	+4.94773439369202E+06	+4.94780311279297E+06 	0	0	0	0
		B	s1	2	4:00:07 PM	0.0000027773	+1.03802782897559E-10	+1.62511835690424E-14	+6.36702382175049E-02	+2.75195159912109E+01	+4.94776878407921E+06	+0.00000000000000E+00	+4.94776998203278E+06	+4.94773438926697E+06	+4.94780317913056E+06 	0	0	0	0
		B	s1	3	4:00:09 PM	0.0000044989	+6.28982312068175E-11	+1.62677081087599E-14	+6.36055630442114E-02	+2.74832229614258E+01	+4.94776877322647E+06	+0.00000000000000E+00	+4.94776999114990E+06	+4.94773438884735E+06	+4.94780315784455E+06 	0	0	0	0
		B	s1	4	4:00:12 PM	0.0000069092	+1.06622282588885E-10	+1.62439704551247E-14	+6.36985111528195E-02	+2.74923000335693E+01	+4.94776877440930E+06	+0.00000000000000E+00	+4.94777006221771E+06	+4.94773442886353E+06	+4.94780312019348E+06 	0	0	0	0
		B	s1	5	4:00:14 PM	0.0000100082	+6.51766985804734E-11	+1.62428720123761E-14	+6.37028177842947E-02	+2.75372467041016E+01	+4.94776881530248E+06	+0.00000000000000E+00	+4.94777003517151E+06	+4.94773441593170E+06	+4.94780321491242E+06 	0	0	0	0
		B	s1	6	4:00:16 PM	0.0000137957	+5.97288356521862E-11	+1.61941441544055E-14	+6.38945006016403E-02	+2.74783248901367E+01	+4.94776872607793E+06	+0.00000000000000E+00	+4.94776992729187E+06	+4.94773450328827E+06	+4.94780294910431E+06 	0	0	0	0
		B	s1	7	4:00:18 PM	0.0000182720	+1.24729850673364E-10	+1.61625887248369E-14	+6.40192460182641E-02	+2.74845123291016E+01	+4.94776874890931E+06	+0.00000000000000E+00	+4.94776995021820E+06	+4.94773458511353E+06	+4.94780291294098E+06 	0	0	0	0
		B	s1	8	4:00:20 PM	0.0000234369	+1.01907854185247E-10	+1.62279573246499E-14	+6.37613707224725E-02	+2.74533023834229E+01	+4.94776860742150E+06	+0.00000000000000E+00	+4.94777001369476E+06	+4.94773434440613E+06	+4.94780287067414E+06 	0	0	0	0
		B	s1	9	4:00:22 PM	0.0000292904	+1.02650507531374E-10	+1.62161712207595E-14	+6.38077105458488E-02	+2.75194263458252E+01	+4.94776871173399E+06	+0.00000000000000E+00	+4.94776992828369E+06	+4.94773439113617E+06	+4.94780303256989E+06 	0	0	0	0
		B	s1	10	4:00:24 PM	0.0000358326	+5.81533858370409E-11	+1.61888843081489E-14	+6.39152616455140E-02	+2.74463043212891E+01	+4.94776867135645E+06	+0.00000000000000E+00	+4.94776988143921E+06	+4.94773449954987E+06	+4.94780284339905E+06 	0	0	0	0
		B	s1	11	4:00:27 PM	0.0000430635	+1.45049889328470E-10	+1.62322366259418E-14	+6.37445579949057E-02	+2.74788818359375E+01	+4.94776873666316E+06	+0.00000000000000E+00	+4.94776991104126E+06	+4.94773443267822E+06	+4.94780304088593E+06 	0	0	0	0
		B	s1	12	4:00:28 PM	0.0000509830	+5.75703459088690E-11	+1.62146820304556E-14	+6.38135719582095E-02	+2.73811473846436E+01	+4.94776866603514E+06	+0.00000000000000E+00	+4.94776984134674E+06	+4.94773452102661E+06	+4.94780281127930E+06 	0	0	0	0
		B	s1	13	4:00:30 PM	0.0000595912	+1.01808780865304E-10	+1.62286563765740E-14	+6.37586208653962E-02	+2.73800792694092E+01	+4.94776873647333E+06	+0.00000000000000E+00	+4.94776995223999E+06	+4.94773456336975E+06	+4.94780290981293E+06 	0	0	0	0
		B	s1	14	4:00:33 PM	0.0000688880	+1.01789525965461E-10	+1.62037569109939E-14	+6.38565960530348E-02	+2.73453044891357E+01	+4.94776871127791E+06	+0.00000000000000E+00	+4.94776991416931E+06	+4.94773463394165E+06	+4.94780278884888E+06 	0	0	0	0
		B	s1	15	4:00:35 PM	0.0000788734	+1.01613187463484E-10	+1.61823869995408E-14	+6.39409241489446E-02	+2.73770484924316E+01	+4.94776866326998E+06	+0.00000000000000E+00	+4.94776985179901E+06	+4.94773459136963E+06	+4.94780273540497E+06 	0	0	0	0
		B	s1	16	4:00:37 PM	0.0000895475	+7.88301853792092E-11	+1.62146925323664E-14	+6.38135307972553E-02	+2.73676853179932E+01	+4.94776865945490E+06	+0.00000000000000E+00	+4.94776989250183E+06	+4.94773453121185E+06	+4.94780278793335E+06 	0	0	0	0
		B	s1	17	4:00:40 PM	0.0001009103	+5.88583951761829E-11	+1.62110490348395E-14	+6.38278720576123E-02	+2.73462066650391E+01	+4.94776870145495E+06	+0.00000000000000E+00	+4.94776981555939E+06	+4.94773460765839E+06	+4.94780279548645E+06 	0	0	0	0
		B	s1	18	4:00:41 PM	0.0001129617	+8.00104804171864E-11	+1.62023235161438E-14	+6.38622467623021E-02	+2.73570461273193E+01	+4.94776865651785E+06	+0.00000000000000E+00	+4.94776982307434E+06	+4.94773456756592E+06	+4.94780274570465E+06 	0	0	0	0
		B	s1	19	4:00:44 PM	0.0001257018	+5.56949462617707E-11	+1.61930136394720E-14	+6.38989634512733E-02	+2.73083419799805E+01	+4.94776864646668E+06	+0.00000000000000E+00	+4.94776987430573E+06	+4.94773463775635E+06	+4.94780265541077E+06 	0	0	0	0
		B	s1	20	4:00:46 PM	0.0001391305	+5.86171569144268E-11	+1.62257176339732E-14	+6.37701721034532E-02	+2.72886695861816E+01	+4.94776860030854E+06	+0.00000000000000E+00	+4.94776978389740E+06	+4.94773454746246E+06	+4.94780265338898E+06 	0	0	0	0
		B	s1	21	4:00:48 PM	0.0001532479	+9.85952404465163E-11	+1.62207905970282E-14	+6.37895417618647E-02	+2.72781982421875E+01	+4.94776861661653E+06	+0.00000000000000E+00	+4.94776982898712E+06	+4.94773458717346E+06	+4.94780264629364E+06 	0	0	0	0
		B	s1	22	4:00:50 PM	0.0001680540	+9.30006845457700E-11	+1.62033087684655E-14	+6.38583656536967E-02	+2.74153366088867E+01	+4.94776857612259E+06	+0.00000000000000E+00	+4.94776971511841E+06	+4.94773441246033E+06	+4.94780274002075E+06 	0	0	0	0
		B	s1	23	4:00:53 PM	0.0001835486	+9.58901279286091E-11	+1.61919946818513E-14	+6.39029859483201E-02	+2.74671936035156E+01	+4.94776859407046E+06	+0.00000000000000E+00	+4.94776973365784E+06	+4.94773438968659E+06	+4.94780279869080E+06 	0	0	0	0
		B	s1	24	4:00:54 PM	0.0001997320	+5.57086149740051E-11	+1.62188985823705E-14	+6.37969833553642E-02	+2.74567699432373E+01	+4.94776860776492E+06	+0.00000000000000E+00	+4.94776974102020E+06	+4.94773435955048E+06	+4.94780285621643E+06 	0	0	0	0
		B	s1	25	4:00:56 PM	0.0002166040	+5.58233128407632E-11	+1.62198265247524E-14	+6.37933344891166E-02	+2.74342060089111E+01	+4.94776856963720E+06	+0.00000000000000E+00	+4.94776973033905E+06	+4.94773434761048E+06	+4.94780279190064E+06 	0	0	0	0
		B	s1	26	4:00:58 PM	0.0002341646	+5.54919784855302E-11	+1.62426804673512E-14	+6.37035745363316E-02	+2.74426174163818E+01	+4.94776860078380E+06	+0.00000000000000E+00	+4.94776977287293E+06	+4.94773432003021E+06	+4.94780288177491E+06 	0	0	0	0
		B	s1	27	4:01:00 PM	0.0002524139	+9.47223631854717E-11	+1.62366717292596E-14	+6.37271501388839E-02	+2.74775943756104E+01	+4.94776857394719E+06	+0.00000000000000E+00	+4.94776982418061E+06	+4.94773426219940E+06	+4.94780288593292E+06 	0	0	0	0
		B	s1	28	4:01:03 PM	0.0002713519	+5.72275390540150E-11	+1.62606051614668E-14	+6.36333521834974E-02	+2.75050525665283E+01	+4.94776857894385E+06	+0.00000000000000E+00	+4.94776984264374E+06	+4.94773418228150E+06	+4.94780297584534E+06 	0	0	0	0
		B	s1	29	4:01:05 PM	0.0002909785	+5.62327276726292E-11	+1.62825600371599E-14	+6.35475498987233E-02	+2.74610958099365E+01	+4.94776862321348E+06	+0.00000000000000E+00	+4.94776978801727E+06	+4.94773423515320E+06	+4.94780301151276E+06 	0	0	0	0
		B	s1	30	4:01:07 PM	0.0003112937	+1.21466782890667E-10	+1.62848569697506E-14	+6.35385864596481E-02	+2.75153827667236E+01	+4.94776863250176E+06	+0.00000000000000E+00	+4.94776988159180E+06	+4.94773417160034E+06	+4.94780309364319E+06 	0	0	0	0
		B	s1	31	4:01:08 PM	0.0003322976	+6.02539232206466E-11	+1.62701815307390E-14	+6.35958970969429E-02	+2.74979324340820E+01	+4.94776863770919E+06	+0.00000000000000E+00	+4.94776983901978E+06	+4.94773422969818E+06	+4.94780304595948E+06 	0	0	0	0
		B	s1	32	4:01:11 PM	0.0003539902	+5.73959358597298E-11	+1.62914272349389E-14	+6.35129627476978E-02	+2.75086097717285E+01	+4.94776858821308E+06	+0.00000000000000E+00	+4.94776987827301E+06	+4.94773412189484E+06	+4.94780305477143E+06 	0	0	0	0
		B	s1	33	4:01:12 PM	0.0003763714	+5.78085343985090E-11	+1.62899905774191E-14	+6.35185642919979E-02	+2.75101833343506E+01	+4.94776858168996E+06	+0.00000000000000E+00	+4.94776988594055E+06	+4.94773411643982E+06	+4.94780304718018E+06 	0	0	0	0
		B	s1	34	4:01:15 PM	0.0003994413	+5.96249991399457E-11	+1.63138460556458E-14	+6.34256809443746E-02	+2.74990520477295E+01	+4.94776862689387E+06	+0.00000000000000E+00	+4.94776991565705E+06	+4.94773412513733E+06	+4.94780312889099E+06 	0	0	0	0
		B	s1	35	4:01:17 PM	0.0004231998	+5.90384529597370E-11	+1.63042344266312E-14	+6.34630690874156E-02	+2.75108661651611E+01	+4.94776872029677E+06	+0.00000000000000E+00	+4.94777003524780E+06	+4.94773422405243E+06	+4.94780321678162E+06 	0	0	0	0
		B	s1	36	4:01:20 PM	0.0004476469	+6.14234066646030E-11	+1.63170718746661E-14	+6.34131406206680E-02	+2.75142402648926E+01	+4.94776867852561E+06	+0.00000000000000E+00	+4.94776996559143E+06	+4.94773415088654E+06	+4.94780320640564E+06 	0	0	0	0
		B	s1	37	4:01:21 PM	0.0004727828	+6.12396151520790E-11	+1.63055946783104E-14	+6.34577759091778E-02	+2.75198268890381E+01	+4.94776867886906E+06	+0.00000000000000E+00	+4.94776996650696E+06	+4.94773416851044E+06	+4.94780318946839E+06 	0	0	0	0
		B	s1	38	4:01:23 PM	0.0004986072	+6.17220410432931E-11	+1.63170325301842E-14	+6.34132922741250E-02	+2.74809894561768E+01	+4.94776872735403E+06	+0.00000000000000E+00	+4.94776999431610E+06	+4.94773424152374E+06	+4.94780321342468E+06 	0	0	0	0
		B	s1	39	4:01:25 PM	0.0005251204	+6.10421964521907E-11	+1.63060431470325E-14	+6.34560303927923E-02	+2.75073890686035E+01	+4.94776868756667E+06	+0.00000000000000E+00	+4.94776999320984E+06	+4.94773419185639E+06	+4.94780318351746E+06 	0	0	0	0
		B	s1	40	4:01:27 PM	0.0005523221	+6.50566810734105E-11	+1.63238990335806E-14	+6.33866181014417E-02	+2.75073814392090E+01	+4.94776872475970E+06	+0.00000000000000E+00	+4.94777005226135E+06	+4.94773419128418E+06	+4.94780325847626E+06 	0	0	0	0
		B	s1	41	4:01:30 PM	0.0005802126	+1.03077690103146E-10	+1.63281627070003E-14	+6.33700646870902E-02	+2.75125160217285E+01	+4.94776878932335E+06	+0.00000000000000E+00	+4.94777000923157E+06	+4.94773424037934E+06	+4.94780333850861E+06 	0	0	0	0
		B	s1	42	4:01:32 PM	0.0006087917	+6.28504263061727E-11	+1.63532500706603E-14	+6.32728504232893E-02	+2.74916477203369E+01	+4.94776874463398E+06	+0.00000000000000E+00	+4.94777001777649E+06	+4.94773416885376E+06	+4.94780332065583E+06 	0	0	0	0
		B	s1	43	4:01:34 PM	0.0006380594	+6.46487219803471E-11	+1.63549567543149E-14	+6.32662475226737E-02	+2.74853820800781E+01	+4.94776875279746E+06	+0.00000000000000E+00	+4.94777003494263E+06	+4.94773418128968E+06	+4.94780332454682E+06 	0	0	0	0
		B	s1	44	4:01:37 PM	0.0006680158	+6.51151290701119E-11	+1.63573949840899E-14	+6.32568181760427E-02	+2.74831504821777E+01	+4.94776870951971E+06	+0.00000000000000E+00	+4.94777004184723E+06	+4.94773413566590E+06	+4.94780328361511E+06 	0	0	0	0
		B	s1	45	4:01:38 PM	0.0006986608	+6.40313124031111E-11	+1.63502288789435E-14	+6.32845408972324E-02	+2.74897193908691E+01	+4.94776878644313E+06	+0.00000000000000E+00	+4.94777010231018E+06	+4.94773421947479E+06	+4.94780335365296E+06 	0	0	0	0
		B	s1	46	4:01:41 PM	0.0007299945	+6.38297259277817E-11	+1.63530349940939E-14	+6.32736815260457E-02	+2.75005016326904E+01	+4.94776878636669E+06	+0.00000000000000E+00	+4.94777009815216E+06	+4.94773419990540E+06	+4.94780337306977E+06 	0	0	0	0
		B	s1	47	4:01:43 PM	0.0007620169	+6.57990515516369E-11	+1.63641379155909E-14	+6.32307516755331E-02	+2.74971046447754E+01	+4.94776875594435E+06	+0.00000000000000E+00	+4.94777008930206E+06	+4.94773415027619E+06	+4.94780336185456E+06 	0	0	0	0
		B	s1	48	4:01:45 PM	0.0007947279	+6.52068889758736E-11	+1.63588072847016E-14	+6.32513550291945E-02	+2.75065040588379E+01	+4.94776878823576E+06	+0.00000000000000E+00	+4.94777012676239E+06	+4.94773418201447E+06	+4.94780339469910E+06 	0	0	0	0
		B	s1	49	4:01:47 PM	0.0008281275	+6.66403800991908E-11	+1.63765753493262E-14	+6.31827288887437E-02	+2.74980888366699E+01	+4.94776880496302E+06	+0.00000000000000E+00	+4.94777007854462E+06	+4.94773417175293E+06	+4.94780343841553E+06 	0	0	0	0
		B	s1	50	4:01:50 PM	0.0008622159	+6.67987302634303E-11	+1.63818076305298E-14	+6.31625493023973E-02	+2.74978599548340E+01	+4.94776877698214E+06	+0.00000000000000E+00	+4.94777009860993E+06	+4.94773413299561E+06	+4.94780342121124E+06 	0	0	0	0
		B	s1	51	4:01:52 PM	0.0008969928	+6.77982062498360E-11	+1.63615462673666E-14	+6.32407653357956E-02	+2.75029144287109E+01	+4.94776883460340E+06	+0.00000000000000E+00	+4.94777018383026E+06	+4.94773422710419E+06	+4.94780344234467E+06 	0	0	0	0
		B	s1	52	4:01:54 PM	0.0009324584	+6.75666849049161E-11	+1.63768475701748E-14	+6.31816788735694E-02	+2.75150470733643E+01	+4.94776879607462E+06	+0.00000000000000E+00	+4.94777014720917E+06	+4.94773414093018E+06	+4.94780345146179E+06 	0	0	0	0
		B	s1	53	4:01:56 PM	0.0009686127	+6.80761027116132E-11	+1.63586631202929E-14	+6.32519109176782E-02	+2.75160846710205E+01	+4.94776884801198E+06	+0.00000000000000E+00	+4.94777020996094E+06	+4.94773423004150E+06	+4.94780346622467E+06 	0	0	0	0
		B	s1	54	4:01:58 PM	0.0010054556	+6.80212574383146E-11	+1.63810755852890E-14	+6.31653702902706E-02	+2.75170135498047E+01	+4.94776884160295E+06	+0.00000000000000E+00	+4.94777015132904E+06	+4.94773417503357E+06	+4.94780350841522E+06 	0	0	0	0
		B	s1	55	4:02:00 PM	0.0010429872	+6.70331354998356E-11	+1.63856149392975E-14	+6.31478729013370E-02	+2.75404644012451E+01	+4.94776878302800E+06	+0.00000000000000E+00	+4.94777017509461E+06	+4.94773407730103E+06	+4.94780348899841E+06 	0	0	0	0
		B	s1	56	4:02:03 PM	0.0010812074	+6.97808998628972E-11	+1.63894740854064E-14	+6.31330019621982E-02	+2.75596275329590E+01	+4.94776885476315E+06	+0.00000000000000E+00	+4.94777016624451E+06	+4.94773411670685E+06	+4.94780359306336E+06 	0	0	0	0
		B	s1	57	4:02:05 PM	0.0011201163	+6.85549792624019E-11	+1.63886373655407E-14	+6.31362255262535E-02	+2.75515918731689E+01	+4.94776884236547E+06	+0.00000000000000E+00	+4.94777017601013E+06	+4.94773411621094E+06	+4.94780356876374E+06 	0	0	0	0
		B	s1	58	4:02:08 PM	0.0011597138	+6.78827400247817E-11	+1.63875770650538E-14	+6.31403110460831E-02	+2.75480022430420E+01	+4.94776882228114E+06	+0.00000000000000E+00	+4.94777017372132E+06	+4.94773410289765E+06	+4.94780354190827E+06 	0	0	0	0
		B	s1	59	4:02:10 PM	0.0012000000	+6.87547011689120E-11	+1.63915358730798E-14	+6.31250617457937E-02	+2.75347976684570E+01	+4.94776882008775E+06	+0.00000000000000E+00	+4.94777019245148E+06	+4.94773410896301E+06	+4.94780353145600E+06 	0	0	0	0
		B	s2 	60	4:02:18 PM	0.0012000000	+6.99037642141909E-11	+1.63913992463683E-14	+6.31255864067296E-02	+2.75552253723145E+01	+4.94776887900557E+06	+0.00000000000000E+00	+4.94777028953552E+06	+4.94773414241791E+06	+4.94780361583710E+06 	0.936000	0.355992	0.317878	0.068780
		B	s2 	61	4:02:23 PM	0.0011597138	+8.48511726390607E-11	+1.64402185999296E-14	+6.29381221515591E-02	+2.76742401123047E+01	+4.94776936438586E+06	+0.00000000000000E+00	+4.94777065265656E+06	+4.94773437385559E+06	+4.94780435516358E+06 	0.944000	0.339992	0.314121	0.066953
		B	s2 	62	4:02:28 PM	0.0011201163	+8.78338276161750E-11	+1.64461283047181E-14	+6.29155030225847E-02	+2.77495861053467E+01	+4.94776948721835E+06	+0.00000000000000E+00	+4.94777083026886E+06	+4.94773438880921E+06	+4.94780458587647E+06 	0.920000	0.324000	0.310520	0.064443
		B	s2 	63	4:02:34 PM	0.0010812074	+9.01037423209724E-11	+1.64688219602975E-14	+6.28288070199013E-02	+2.77579708099365E+01	+4.94776948309805E+06	+0.00000000000000E+00	+4.94777084938050E+06	+4.94773432563782E+06	+4.94780464080811E+06 	0.872000	0.296000	0.303921	0.060922
		B	s2 	64	4:02:40 PM	0.0010429872	+8.86854757362876E-11	+1.64588322848438E-14	+6.28669387599921E-02	+2.77688655853271E+01	+4.94776956791790E+06	+0.00000000000000E+00	+4.94777089870453E+06	+4.94773441799164E+06	+4.94780471809387E+06 	0.840000	0.292000	0.297736	0.058895
		B	s2 	65	4:02:46 PM	0.0010054556	+9.23398782072260E-11	+1.64792929019385E-14	+6.27888838906586E-02	+2.77970542907715E+01	+4.94776955044602E+06	+0.00000000000000E+00	+4.94777087234497E+06	+4.94773432109833E+06	+4.94780478004456E+06 	0.800000	0.286000	0.290190	0.055918
		B	s2 	66	4:02:52 PM	0.0009686127	+9.05211134700050E-11	+1.64886117342145E-14	+6.27533968859043E-02	+2.77924442291260E+01	+4.94776958000983E+06	+0.00000000000000E+00	+4.94777090415955E+06	+4.94773433658600E+06	+4.94780482368469E+06 	0.776000	0.248000	0.283298	0.053307
		B	s2 	67	4:02:57 PM	0.0009324584	+9.19839177508820E-11	+1.64841469448927E-14	+6.27703930390885E-02	+2.78095703125000E+01	+4.94776961254911E+06	+0.00000000000000E+00	+4.94777093341828E+06	+4.94773435695648E+06	+4.94780486839295E+06 	0.776000	0.244000	0.274507	0.050013
		B	s2 	68	4:03:02 PM	0.0008969928	+9.02953425207203E-11	+1.64805784720119E-14	+6.27839838620747E-02	+2.77797012329102E+01	+4.94776963602889E+06	+0.00000000000000E+00	+4.94777092323303E+06	+4.94773442592621E+06	+4.94780484638214E+06 	0.752000	0.200000	0.264086	0.044837
		B	s2 	69	4:03:07 PM	0.0008622159	+9.22905296336432E-11	+1.64885366448155E-14	+6.27536827542573E-02	+2.77889308929443E+01	+4.94776957657663E+06	+0.00000000000000E+00	+4.94777085304260E+06	+4.94773433776856E+06	+4.94780481563568E+06 	0.736000	0.172000	0.256095	0.043671
		B	s2 	70	4:03:12 PM	0.0008281275	+9.03685682305496E-11	+1.64865082856949E-14	+6.27614036034857E-02	+2.77897624969482E+01	+4.94776956978649E+06	+0.00000000000000E+00	+4.94777086273194E+06	+4.94773433425904E+06	+4.94780480556488E+06 	0.720000	0.190000	0.251836	0.042381
		B	s2 	71	4:03:18 PM	0.0007947279	+8.84492667375131E-11	+1.64868500417573E-14	+6.27601044334081E-02	+2.77377414703369E+01	+4.94776949837582E+06	+0.00000000000000E+00	+4.94777076744080E+06	+4.94773432807923E+06	+4.94780466892243E+06 	0.712000	0.186000	0.246772	0.041390
		B	s2 	72	4:03:24 PM	0.0007620169	+8.86065985906850E-11	+1.64823903151183E-14	+6.27770866932136E-02	+2.77387619018555E+01	+4.94776946173571E+06	+0.00000000000000E+00	+4.94777079353333E+06	+4.94773429965973E+06	+4.94780462406159E+06 	0.688000	0.204000	0.241681	0.040335
		B	s2 	73	4:03:30 PM	0.0007299945	+8.64431093198688E-11	+1.64637161188157E-14	+6.28482925659981E-02	+2.77423419952393E+01	+4.94776945782590E+06	+0.00000000000000E+00	+4.94777074104309E+06	+4.94773433105469E+06	+4.94780458484650E+06 	0.688000	0.166000	0.236545	0.040135
		B	s2 	74	4:03:35 PM	0.0006986608	+8.54640569604375E-11	+1.64643595351088E-14	+6.28458372419526E-02	+2.77557640075684E+01	+4.94776942847168E+06	+0.00000000000000E+00	+4.94777072456360E+06	+4.94773428333283E+06	+4.94780457386017E+06 	0.680000	0.186000	0.230202	0.039260
		B	s2 	75	4:03:41 PM	0.0006680158	+8.44285636733084E-11	+1.64567156397840E-14	+6.28750284744193E-02	+2.77447700500488E+01	+4.94776941697058E+06	+0.00000000000000E+00	+4.94777071609497E+06	+4.94773430206299E+06	+4.94780453212738E+06 	0.728000	0.192000	0.226112	0.039018
		B	s2 	76	4:03:47 PM	0.0006380594	+8.29237657453908E-11	+1.64434709892464E-14	+6.29256728137664E-02	+2.77351131439209E+01	+4.94776939080204E+06	+0.00000000000000E+00	+4.94777066581726E+06	+4.94773431636811E+06	+4.94780446548462E+06 	0.648000	0.178000	0.220930	0.037207
		B	s2 	77	4:03:53 PM	0.0006087917	+8.39284175125131E-11	+1.64259793314562E-14	+6.29926807961894E-02	+2.77493076324463E+01	+4.94776939702014E+06	+0.00000000000000E+00	+4.94777072715759E+06	+4.94773434196472E+06	+4.94780445232392E+06 	0.640000	0.156000	0.215606	0.036983
		B	s2 	78	4:03:58 PM	0.0005802126	+8.26098906657589E-11	+1.64439425013059E-14	+6.29238699016721E-02	+2.77381191253662E+01	+4.94776933526002E+06	+0.00000000000000E+00	+4.94777060123444E+06	+4.94773425601959E+06	+4.94780441474915E+06 	0.648000	0.144000	0.210577	0.035398
		B	s2 	79	4:04:03 PM	0.0005523221	+8.29400101679532E-11	+1.64327330547752E-14	+6.29667911147159E-02	+2.77435321807861E+01	+4.94776940440152E+06	+0.00000000000000E+00	+4.94777070465088E+06	+4.94773434223175E+06	+4.94780446681977E+06 	0.632000	0.136000	0.205263	0.035138
		B	s2 	80	4:04:08 PM	0.0005251204	+8.05817660190165E-11	+1.64385881818628E-14	+6.29443654754812E-02	+2.77498092651367E+01	+4.94776932618101E+06	+0.00000000000000E+00	+4.94777063995362E+06	+4.94773424358368E+06	+4.94780440902710E+06 	0.584000	0.160000	0.199477	0.033779
		B	s2 	81	4:04:13 PM	0.0004986072	+8.09144338595905E-11	+1.64321729536264E-14	+6.29689405527517E-02	+2.77502899169922E+01	+4.94776927967995E+06	+0.00000000000000E+00	+4.94777054088593E+06	+4.94773421016693E+06	+4.94780434944153E+06 	0.592000	0.130000	0.194954	0.032831
		B	s2 	82	4:04:19 PM	0.0004727828	+7.94245092939632E-11	+1.64351057130769E-14	+6.29577036973588E-02	+2.77330093383789E+01	+4.94776929438571E+06	+0.00000000000000E+00	+4.94777055049897E+06	+4.94773424045563E+06	+4.94780434856415E+06 	0.592000	0.146000	0.189108	0.032289
		B	s2 	83	4:04:25 PM	0.0004476469	+7.79069730952757E-11	+1.64128334745349E-14	+6.30431402820638E-02	+2.77245121002197E+01	+4.94776918095610E+06	+0.00000000000000E+00	+4.94777049053192E+06	+4.94773418525696E+06	+4.94780417690277E+06 	0.568000	0.176000	0.184000	0.031928
		B	s2 	84	4:04:30 PM	0.0004231998	+7.68742654484237E-11	+1.63909990448243E-14	+6.31271196550046E-02	+2.77213325500488E+01	+4.94776919337330E+06	+0.00000000000000E+00	+4.94777047763825E+06	+4.94773424823761E+06	+4.94780413875580E+06 	0.552000	0.144000	0.179406	0.031719
		B	s2 	85	4:04:35 PM	0.0003994413	+7.84533591740433E-11	+1.63914157413456E-14	+6.31255145243693E-02	+2.77525978088379E+01	+4.94776920655279E+06	+0.00000000000000E+00	+4.94777048664093E+06	+4.94773422111511E+06	+4.94780419223785E+06 	0.560000	0.124000	0.173647	0.029818
		B	s2 	86	4:04:41 PM	0.0003763714	+7.57996551194779E-11	+1.64018042520813E-14	+6.30855338057111E-02	+2.77092399597168E+01	+4.94776914877943E+06	+0.00000000000000E+00	+4.94777037895203E+06	+4.94773419586182E+06	+4.94780410194397E+06 	0.536000	0.198000	0.169395	0.029071
		B	s2 	87	4:04:47 PM	0.0003539902	+7.31504892030401E-11	+1.63507862889371E-14	+6.32823749710620E-02	+2.77084083557129E+01	+4.94776911915908E+06	+0.00000000000000E+00	+4.94777040775299E+06	+4.94773427600861E+06	+4.94780396255493E+06 	0.512000	0.144000	0.163414	0.030407
		B	s2 	88	4:04:53 PM	0.0003322976	+7.23477169826877E-11	+1.63729095612363E-14	+6.31968690836232E-02	+2.76860408782959E+01	+4.94776904013750E+06	+0.00000000000000E+00	+4.94777030525208E+06	+4.94773417800904E+06	+4.94780390251160E+06 	0.512000	0.116000	0.158860	0.028783
		B	s2 	89	4:04:59 PM	0.0003112937	+7.12713010694001E-11	+1.63618729764351E-14	+6.32394974745288E-02	+2.77030487060547E+01	+4.94776903365252E+06	+0.00000000000000E+00	+4.94777031311035E+06	+4.94773417362213E+06	+4.94780389392853E+06 	0.504000	0.162000	0.153112	0.027311
		B	s2 	90	4:05:05 PM	0.0002909785	+7.00701405991620E-11	+1.63548490508367E-14	+6.32666571249004E-02	+2.76761264801025E+01	+4.94776902777824E+06	+0.00000000000000E+00	+4.94777029762268E+06	+4.94773421657562E+06	+4.94780383922577E+06 	0.504000	0.120000	0.148177	0.027741
		B	s2 	91	4:05:11 PM	0.0002713519	+1.11183099765566E-10	+1.63456430050206E-14	+6.33022895816279E-02	+2.76961898803711E+01	+4.94776902856021E+06	+0.00000000000000E+00	+4.94777026779175E+06	+4.94773421173096E+06	+4.94780384563446E+06 	0.464000	0.114000	0.143647	0.025299
		B	s2 	92	4:05:16 PM	0.0002524139	+7.01058959132569E-11	+1.63277268143663E-14	+6.33717514266724E-02	+2.76877269744873E+01	+4.94776898518744E+06	+0.00000000000000E+00	+4.94777023239136E+06	+4.94773421714783E+06	+4.94780375347138E+06 	0.448000	0.132000	0.137997	0.025256
		B	s2 	93	4:05:22 PM	0.0002341646	+1.07744821920206E-10	+1.63449756192163E-14	+6.33048756774973E-02	+2.77034816741943E+01	+4.94776897446775E+06	+0.00000000000000E+00	+4.94777018928528E+06	+4.94773414989472E+06	+4.94780379928589E+06 	0.424000	0.126000	0.132811	0.024907
		B	s2 	94	4:05:28 PM	0.0002166040	+6.70945766764063E-11	+1.63124371016659E-14	+6.34311506586427E-02	+2.76787567138672E+01	+4.94776896041129E+06	+0.00000000000000E+00	+4.94777019649506E+06	+4.94773423618317E+06	+4.94780368488312E+06 	0.408000	0.122000	0.127808	0.024918
		B	s2 	95	4:05:34 PM	0.0001997320	+1.07758874019968E-10	+1.63094483640230E-14	+6.34427763697982E-02	+2.76704177856445E+01	+4.94776888900028E+06	+0.00000000000000E+00	+4.94777012325287E+06	+4.94773418159485E+06	+4.94780359664917E+06 	0.424000	0.172000	0.122913	0.022659
		B	s2 	96	4:05:40 PM	0.0001835486	+6.53760666677708E-11	+1.62833013619122E-14	+6.35446489280594E-02	+2.76413917541504E+01	+4.94776892926505E+06	+0.00000000000000E+00	+4.94777013778687E+06	+4.94773431385040E+06	+4.94780354492188E+06 	0.376000	0.138000	0.117207	0.023317
		B	s2 	97	4:05:46 PM	0.0001680540	+6.67528025255499E-11	+1.62843940067169E-14	+6.35403847058522E-02	+2.76320590972900E+01	+4.94776894969282E+06	+0.00000000000000E+00	+4.94777012157440E+06	+4.94773434364319E+06	+4.94780355598450E+06 	0.368000	0.102000	0.112116	0.021684
		B	s2 	98	4:05:51 PM	0.0001532479	+6.59961424527072E-11	+1.62949235750866E-14	+6.34993270563035E-02	+2.76096534729004E+01	+4.94776889813723E+06	+0.00000000000000E+00	+4.94777006549835E+06	+4.94773429779053E+06	+4.94780349872589E+06 	0.352000	0.128000	0.107455	0.022256
		B	s2 	99	4:05:57 PM	0.0001391305	+6.55333834627552E-11	+1.62576626105561E-14	+6.36448615563621E-02	+2.76678371429443E+01	+4.94776888707465E+06	+0.00000000000000E+00	+4.94777010101319E+06	+4.94773429309845E+06	+4.94780348129273E+06 	0.336000	0.094000	0.102029	0.021076
		B	s2 	100	4:06:03 PM	0.0001257018	+8.32696301343916E-11	+1.62588644346007E-14	+6.36401568776694E-02	+2.76586227416992E+01	+4.94776889378858E+06	+0.00000000000000E+00	+4.94777004302979E+06	+4.94773430877686E+06	+4.94780347904205E+06 	0.320000	0.122000	0.098079	0.019883
		B	s2 	101	4:06:09 PM	0.0001129617	+6.65120764885587E-11	+1.62241746648560E-14	+6.37762285703106E-02	+2.75853366851807E+01	+4.94776892123648E+06	+0.00000000000000E+00	+4.94777010665894E+06	+4.94773450145722E+06	+4.94780334125519E+06 	0.304000	0.104000	0.092169	0.018627
		B	s2 	102	4:06:15 PM	0.0001009103	+6.92566277318035E-11	+1.62801304812856E-14	+6.35570237532200E-02	+2.74864711761475E+01	+4.94776899795008E+06	+0.00000000000000E+00	+4.94777015411377E+06	+4.94773458324433E+06	+4.94780341289520E+06 	0.320000	0.094000	0.087676	0.019039
		B	s2 	103	4:06:21 PM	0.0000895475	+6.65069233389731E-11	+1.62780207162989E-14	+6.35652624772272E-02	+2.75214195251465E+01	+4.94776895076200E+06	+0.00000000000000E+00	+4.94777014049530E+06	+4.94773449676514E+06	+4.94780340499878E+06 	0.352000	0.088000	0.082235	0.020487
		B	s2 	104	4:06:26 PM	0.0000788734	+6.88420034384108E-11	+1.62719477473030E-14	+6.35889849723246E-02	+2.75315990447998E+01	+4.94776899539396E+06	+0.00000000000000E+00	+4.94777019935608E+06	+4.94773454151154E+06	+4.94780344951630E+06 	0.296000	0.098000	0.077797	0.017421
		B	s2 	105	4:06:32 PM	0.0000688880	+6.92996171468732E-11	+1.62602930204988E-14	+6.36345627239438E-02	+2.75159015655518E+01	+4.94776900651411E+06	+0.00000000000000E+00	+4.94777012638092E+06	+4.94773459693909E+06	+4.94780341632843E+06 	0.304000	0.112000	0.071615	0.016396
		B	s2 	106	4:06:38 PM	0.0000595912	+4.76043080531555E-11	+1.62352792861273E-14	+6.37326048257589E-02	+2.75486412048340E+01	+4.94776899968588E+06	+0.00000000000000E+00	+4.94777023925781E+06	+4.94773460216522E+06	+4.94780339744568E+06 	0.248000	0.114000	0.067489	0.018476
		B	s2 	107	4:06:43 PM	0.0000509830	+6.96839546496759E-11	+1.62581500599487E-14	+6.36429513436345E-02	+2.75625305175781E+01	+4.94776896567740E+06	+0.00000000000000E+00	+4.94777024929047E+06	+4.94773450233460E+06	+4.94780342926026E+06 	0.320000	0.118000	0.062673	0.016625
		B	s2 	108	4:06:49 PM	0.0000430635	+6.65749125241473E-11	+1.62839458578543E-14	+6.35421330079558E-02	+2.76293926239014E+01	+4.94776896474183E+06	+0.00000000000000E+00	+4.94777016002655E+06	+4.94773436298371E+06	+4.94780356674194E+06 	0.232000	0.116000	0.058887	0.015228
		B	s2 	109	4:06:54 PM	0.0000358326	+2.28789351570569E-11	+1.62505984108947E-14	+6.36725259908715E-02	+2.76307220458984E+01	+4.94776897408832E+06	+0.00000000000000E+00	+4.94777022586823E+06	+4.94773444152832E+06	+4.94780350688935E+06 	0.192000	0.084000	0.055488	0.014678
		B	s2 	110	4:07:00 PM	0.0000292904	+6.51639799104767E-11	+1.62552968209927E-14	+6.36541232111376E-02	+2.75932292938232E+01	+4.94776893346206E+06	+0.00000000000000E+00	+4.94777016620636E+06	+4.94773443778992E+06	+4.94780342937470E+06 	0.208000	0.156000	0.048345	0.015246
		B	s2 	111	4:07:05 PM	0.0000234369	+1.04630192693076E-10	+1.62545421883712E-14	+6.36570774167362E-02	+2.76294040679932E+01	+4.94776897223815E+06	+0.00000000000000E+00	+4.94777006740570E+06	+4.94773443294525E+06	+4.94780351177216E+06 	0.176000	0.074000	0.043644	0.013696
		B	s2 	112	4:07:11 PM	0.0000182720	+8.77131454143767E-11	+1.62476187444562E-14	+6.36842050400033E-02	+2.76075973510742E+01	+4.94776889315977E+06	+0.00000000000000E+00	+4.94777021995545E+06	+4.94773439582825E+06	+4.94780339073181E+06 	0.176000	0.132000	0.038841	0.015455
		B	s2 	113	4:07:17 PM	0.0000137957	+7.08795655227915E-11	+1.62726124147187E-14	+6.35863883905549E-02	+2.76036148071289E+01	+4.94776896584849E+06	+0.00000000000000E+00	+4.94777014175415E+06	+4.94773442043305E+06	+4.94780351150513E+06 	0.168000	0.070000	0.034217	0.012637
		B	s2 	114	4:07:23 PM	0.0000100082	+4.67009103681227E-11	+1.62731823877187E-14	+6.35841615625554E-02	+2.76746120452881E+01	+4.94776895402230E+06	+0.00000000000000E+00	+4.94777023677826E+06	+4.94773431854248E+06	+4.94780358974457E+06 	0.160000	0.140000	0.031564	0.013372
		B	s2 	115	4:07:29 PM	0.0000069092	+9.02815366975475E-11	+1.62792172742396E-14	+6.35605899200162E-02	+2.76573143005371E+01	+4.94776896523757E+06	+0.00000000000000E+00	+4.94777030071259E+06	+4.94773433856964E+06	+4.94780359214783E+06 	0.136000	0.106000	0.026977	0.015169
		B	s2 	116	4:07:35 PM	0.0000044989	+4.66874248661288E-11	+1.63094267345307E-14	+6.34428568877124E-02	+2.77248001098633E+01	+4.94776903014360E+06	+0.00000000000000E+00	+4.94777021804810E+06	+4.94773425457001E+06	+4.94780380596161E+06 	0.224000	0.092000	0.026216	0.015375
		B	s2 	117	4:07:41 PM	0.0000027773	+8.69462314664719E-11	+1.62544684141221E-14	+6.36573682265702E-02	+2.77395534515381E+01	+4.94776889882334E+06	+0.00000000000000E+00	+4.94777017848969E+06	+4.94773422199249E+06	+4.94780357589722E+06 	0.120000	0.130000	0.023945	0.012075
		B	s2 	118	4:07:47 PM	0.0000017443	+8.74690032344378E-11	+1.62655456088958E-14	+6.36140154864047E-02	+2.76027545928955E+01	+4.94776892489783E+06	+0.00000000000000E+00	+4.94777005416870E+06	+4.94773439556122E+06	+4.94780345447541E+06 	0.144000	0.076000	0.021217	0.015205
		B	s2 	119	4:07:53 PM	0.0000014000	+6.81731417482940E-11	+1.62345409829966E-14	+6.37355034225378E-02	+2.75765209197998E+01	+4.94776899154127E+06	+0.00000000000000E+00	+4.94777015285492E+06	+4.94773456077576E+06	+4.94780342254639E+06 	0.128000	0.102000	0.018888	0.014367
		B	s3	120	4:08:06 PM	0.0000014000	+1.08226626575199E-10	+1.62525810822424E-14	+6.36647582758180E-02	+2.75518932342529E+01	+4.94776898299630E+06	+0.00000000000000E+00	+4.94777007389069E+06	+4.94773454475403E+06	+4.94780342147827E+06 	0	0	0	0
		B	s3	121	4:08:08 PM	0.0000017443	+8.31689798324263E-11	+1.62345776071645E-14	+6.37353631296915E-02	+2.75231609344482E+01	+4.94776885606276E+06	+0.00000000000000E+00	+4.94776998912811E+06	+4.94773449184418E+06	+4.94780322052002E+06 	0	0	0	0
		B	s3	122	4:08:10 PM	0.0000027773	+1.08602277942562E-10	+1.62516035514246E-14	+6.36685902999514E-02	+2.76919784545898E+01	+4.94776888192469E+06	+0.00000000000000E+00	+4.94777015747070E+06	+4.94773427066803E+06	+4.94780349342346E+06 	0	0	0	0
		B	s3	123	4:08:12 PM	0.0000044989	+1.06493760484635E-10	+1.62548536589778E-14	+6.36558593086686E-02	+2.77242946624756E+01	+4.94776890734931E+06	+0.00000000000000E+00	+4.94777021217346E+06	+4.94773424877167E+06	+4.94780356616974E+06 	0	0	0	0
		B	s3	124	4:08:15 PM	0.0000069092	+9.01025459056718E-11	+1.62676099754493E-14	+6.36059417445756E-02	+2.77882022857666E+01	+4.94776896754449E+06	+0.00000000000000E+00	+4.94777027320862E+06	+4.94773420181275E+06	+4.94780373352051E+06 	0	0	0	0
		B	s3	125	4:08:17 PM	0.0000100082	+7.04662811316350E-11	+1.62629030080858E-14	+6.36243500207084E-02	+2.77396068572998E+01	+4.94776901316876E+06	+0.00000000000000E+00	+4.94777033611298E+06	+4.94773431827545E+06	+4.94780370830536E+06 	0	0	0	0
		B	s3	126	4:08:19 PM	0.0000137957	+1.08348201484657E-10	+1.62454406128750E-14	+6.36927394085638E-02	+2.77308921813965E+01	+4.94776905574112E+06	+0.00000000000000E+00	+4.94777027656555E+06	+4.94773440898895E+06	+4.94780370273590E+06 	0	0	0	0
		B	s3	127	4:08:21 PM	0.0000182720	+7.41912497850242E-11	+1.62536391265765E-14	+6.36606137890543E-02	+2.76963672637939E+01	+4.94776898982333E+06	+0.00000000000000E+00	+4.94777025440216E+06	+4.94773436874390E+06	+4.94780361114502E+06 	0	0	0	0
		B	s3	128	4:08:23 PM	0.0000234369	+6.79615119069104E-11	+1.62419408494357E-14	+6.37064653783289E-02	+2.76680641174316E+01	+4.94776899150222E+06	+0.00000000000000E+00	+4.94777016384125E+06	+4.94773443069458E+06	+4.94780355255127E+06 	0	0	0	0
		B	s3	129	4:08:25 PM	0.0000292904	+6.69553997120343E-11	+1.62374204268560E-14	+6.37242013525882E-02	+2.76552543640137E+01	+4.94776897637712E+06	+0.00000000000000E+00	+4.94777013381958E+06	+4.94773444118500E+06	+4.94780351181030E+06 	0	0	0	0
		B	s3	130	4:08:28 PM	0.0000358326	+8.90781669667983E-11	+1.62322653836639E-14	+6.37444395045949E-02	+2.76908206939697E+01	+4.94776895236337E+06	+0.00000000000000E+00	+4.94777017963410E+06	+4.94773438373566E+06	+4.94780352123261E+06 	0	0	0	0
		B	s3	131	4:08:29 PM	0.0000430635	+6.28669976484578E-11	+1.62483167347277E-14	+6.36814673689301E-02	+2.76452102661133E+01	+4.94776896869043E+06	+0.00000000000000E+00	+4.94777017581940E+06	+4.94773442287445E+06	+4.94780351474762E+06 	0	0	0	0
		B	s3	132	4:08:32 PM	0.0000509830	+1.08601520070069E-10	+1.62591731780795E-14	+6.36389470441679E-02	+2.76809005737305E+01	+4.94776894736580E+06	+0.00000000000000E+00	+4.94777023571015E+06	+4.94773433383942E+06	+4.94780356113434E+06 	0	0	0	0
		B	s3	133	4:08:34 PM	0.0000595912	+6.73605426706310E-11	+1.62501640929580E-14	+6.36742282585744E-02	+2.75988311767578E+01	+4.94776895493883E+06	+0.00000000000000E+00	+4.94777013858795E+06	+4.94773446315766E+06	+4.94780344696045E+06 	0	0	0	0
		B	s3	134	4:08:36 PM	0.0000688880	+6.65121887382451E-11	+1.62344513731788E-14	+6.37358568598139E-02	+2.75599308013916E+01	+4.94776892810300E+06	+0.00000000000000E+00	+4.94777016719818E+06	+4.94773451824188E+06	+4.94780333820343E+06 	0	0	0	0
		B	s3	135	4:08:39 PM	0.0000788734	+6.40570665611343E-11	+1.62426879727436E-14	+6.37035361093385E-02	+2.76024646759033E+01	+4.94776894994165E+06	+0.00000000000000E+00	+4.94777010070801E+06	+4.94773446949005E+06	+4.94780343063355E+06 	0	0	0	0
		B	s3	136	4:08:41 PM	0.0000895475	+6.66092080013023E-11	+1.62494441320456E-14	+6.36770515249386E-02	+2.75470638275146E+01	+4.94776887471621E+06	+0.00000000000000E+00	+4.94777006042481E+06	+4.94773444915772E+06	+4.94780330051422E+06 	0	0	0	0
		B	s3	137	4:08:44 PM	0.0001009103	+8.63165614900931E-11	+1.62369768869975E-14	+6.37259432012185E-02	+2.75508785247803E+01	+4.94776893302400E+06	+0.00000000000000E+00	+4.94777014785767E+06	+4.94773452911377E+06	+4.94780333717346E+06 	0	0	0	0
		B	s3	138	4:08:45 PM	0.0001129617	+6.50722189145145E-11	+1.62654216518239E-14	+6.36144999505683E-02	+2.75089492797852E+01	+4.94776893779232E+06	+0.00000000000000E+00	+4.94777014667511E+06	+4.94773452606201E+06	+4.94780334976197E+06 	0	0	0	0
		B	s3	139	4:08:48 PM	0.0001257018	+8.80486282988149E-11	+1.62872310585533E-14	+6.35293177586371E-02	+2.75402393341064E+01	+4.94776890799894E+06	+0.00000000000000E+00	+4.94777010196686E+06	+4.94773441093445E+06	+4.94780340530396E+06 	0	0	0	0
		B	s3	140	4:08:50 PM	0.0001391305	+6.36431995258663E-11	+1.62603701796204E-14	+6.36342639418108E-02	+2.75169315338135E+01	+4.94776888295605E+06	+0.00000000000000E+00	+4.94777006462097E+06	+4.94773447193146E+06	+4.94780329421997E+06 	0	0	0	0
		B	s3	141	4:08:53 PM	0.0001532479	+6.44536950125080E-11	+1.63028687163249E-14	+6.34683821419987E-02	+2.74615993499756E+01	+4.94776884972990E+06	+0.00000000000000E+00	+4.94777008640290E+06	+4.94773441814423E+06	+4.94780328155518E+06 	0	0	0	0
		B	s3	142	4:08:55 PM	0.0001680540	+6.43578069413642E-11	+1.62736391584995E-14	+6.35823786950058E-02	+2.74546890258789E+01	+4.94776888314713E+06	+0.00000000000000E+00	+4.94777008689881E+06	+4.94773452194214E+06	+4.94780324459076E+06 	0	0	0	0
		B	s3	143	4:08:57 PM	0.0001835486	+5.93126113482105E-11	+1.62625526146780E-14	+6.36257262157570E-02	+2.76216220855713E+01	+4.94776880542139E+06	+0.00000000000000E+00	+4.94776995456696E+06	+4.94773425884247E+06	+4.94780335224152E+06 	0	0	0	0
		B	s3	144	4:09:00 PM	0.0001997320	+6.45663217489427E-11	+1.62648650811575E-14	+6.36166793339593E-02	+2.76414356231689E+01	+4.94776883878071E+06	+0.00000000000000E+00	+4.94777003692627E+06	+4.94773426250458E+06	+4.94780341529846E+06 	0	0	0	0
		B	s3	145	4:09:02 PM	0.0002166040	+8.35189786251016E-11	+1.62724658475579E-14	+6.35869655472187E-02	+2.76367855072021E+01	+4.94776879350018E+06	+0.00000000000000E+00	+4.94777002235413E+06	+4.94773420688629E+06	+4.94780338035584E+06 	0	0	0	0
		B	s3	146	4:09:03 PM	0.0002341646	+6.17323342678309E-11	+1.62760169510747E-14	+6.35730916779088E-02	+2.76396846771240E+01	+4.94776881127659E+06	+0.00000000000000E+00	+4.94777004455567E+06	+4.94773421348572E+06	+4.94780340930939E+06 	0	0	0	0
		B	s3	147	4:09:06 PM	0.0002524139	+1.03682142446847E-10	+1.63025500212759E-14	+6.34696244010173E-02	+2.76369762420654E+01	+4.94776879012372E+06	+0.00000000000000E+00	+4.94776998947144E+06	+4.94773413932801E+06	+4.94780344116211E+06 	0	0	0	0
		B	s3	148	4:09:08 PM	0.0002713519	+6.29641908774696E-11	+1.63220938127045E-14	+6.33936272887757E-02	+2.76526889801025E+01	+4.94776877791626E+06	+0.00000000000000E+00	+4.94776999031067E+06	+4.94773406585693E+06	+4.94780349021912E+06 	0	0	0	0
		B	s3	149	4:09:10 PM	0.0002909785	+6.30429650684080E-11	+1.63271722057520E-14	+6.33739093433480E-02	+2.76535511016846E+01	+4.94776877919410E+06	+0.00000000000000E+00	+4.94777008975983E+06	+4.94773405525208E+06	+4.94780350337982E+06 	0	0	0	0
		B	s3	150	4:09:12 PM	0.0003112937	+6.46409774681673E-11	+1.63231566573225E-14	+6.33894994106882E-02	+2.76726150512695E+01	+4.94776878371441E+06	+0.00000000000000E+00	+4.94777000671387E+06	+4.94773404438019E+06	+4.94780352329254E+06 	0	0	0	0
		B	s3	151	4:09:15 PM	0.0003322976	+6.36206425466734E-11	+1.63328334408410E-14	+6.33519427972031E-02	+2.76664085388184E+01	+4.94776878239825E+06	+0.00000000000000E+00	+4.94777006198883E+06	+4.94773403026581E+06	+4.94780353477478E+06 	0	0	0	0
		B	s3	152	4:09:17 PM	0.0003539902	+6.50069428278519E-11	+1.63391376138561E-14	+6.33274996620281E-02	+2.76869564056396E+01	+4.94776877795385E+06	+0.00000000000000E+00	+4.94777009639740E+06	+4.94773398658753E+06	+4.94780356956482E+06 	0	0	0	0
		B	s3	153	4:09:19 PM	0.0003763714	+1.04149035662845E-10	+1.63498280562064E-14	+6.32860921085599E-02	+2.77033920288086E+01	+4.94776879563467E+06	+0.00000000000000E+00	+4.94777006374359E+06	+4.94773396083832E+06	+4.94780363067627E+06 	0	0	0	0
		B	s3	154	4:09:21 PM	0.0003994413	+6.39379409241932E-11	+1.63429764206546E-14	+6.33126238308138E-02	+2.76939888000488E+01	+4.94776880980645E+06	+0.00000000000000E+00	+4.94777010543823E+06	+4.94773400142670E+06	+4.94780361843109E+06 	0	0	0	0
		B	s3	155	4:09:23 PM	0.0004231998	+6.74929580248691E-11	+1.63474670002968E-14	+6.32952313981908E-02	+2.77036151885986E+01	+4.94776883811135E+06	+0.00000000000000E+00	+4.94777013557434E+06	+4.94773400806427E+06	+4.94780366840363E+06 	0	0	0	0
		B	s3	156	4:09:26 PM	0.0004476469	+6.57229044092508E-11	+1.63451067703500E-14	+6.33043699715751E-02	+2.76894073486328E+01	+4.94776888674891E+06	+0.00000000000000E+00	+4.94777023643494E+06	+4.94773407958985E+06	+4.94780369415283E+06 	0	0	0	0
		B	s3	157	4:09:28 PM	0.0004727828	+6.82256821389645E-11	+1.63685030028510E-14	+6.32138868404810E-02	+2.77152233123779E+01	+4.94776886199094E+06	+0.00000000000000E+00	+4.94777019962311E+06	+4.94773397251129E+06	+4.94780375171662E+06 	0	0	0	0
		B	s3	158	4:09:30 PM	0.0004986072	+6.94648658750153E-11	+1.63652132515480E-14	+6.32265925579636E-02	+2.77126560211182E+01	+4.94776892460927E+06	+0.00000000000000E+00	+4.94777021518707E+06	+4.94773404537201E+06	+4.94780380409241E+06 	0	0	0	0
		B	s3	159	4:09:32 PM	0.0005251204	+7.11913974836051E-11	+1.63784303958676E-14	+6.31755695840293E-02	+2.77044048309326E+01	+4.94776892754646E+06	+0.00000000000000E+00	+4.94777019969940E+06	+4.94773403053284E+06	+4.94780382480622E+06 	0	0	0	0
		B	s3	160	4:09:35 PM	0.0005523221	+6.87503704848827E-11	+1.63753014141990E-14	+6.31876406162304E-02	+2.76909790039062E+01	+4.94776894765008E+06	+0.00000000000000E+00	+4.94777024150849E+06	+4.94773407421112E+06	+4.94780382133484E+06 	0	0	0	0
		B	s3	161	4:09:37 PM	0.0005802126	+6.99723290354850E-11	+1.63827553808341E-14	+6.31588904718657E-02	+2.77052803039551E+01	+4.94776896681869E+06	+0.00000000000000E+00	+4.94777024410248E+06	+4.94773405948639E+06	+4.94780387439728E+06 	0	0	0	0
		B	s3	162	4:09:40 PM	0.0006087917	+7.01390228201406E-11	+1.63973584040618E-14	+6.31026442800713E-02	+2.76903476715088E+01	+4.94776891474799E+06	+0.00000000000000E+00	+4.94777026927948E+06	+4.94773399513245E+06	+4.94780383460999E+06 	0	0	0	0
		B	s3	163	4:09:41 PM	0.0006380594	+7.21208854105497E-11	+1.64104719752849E-14	+6.30522191967558E-02	+2.76786632537842E+01	+4.94776891091413E+06	+0.00000000000000E+00	+4.94777026512146E+06	+4.94773397811890E+06	+4.94780384395600E+06 	0	0	0	0
		B	s3	164	4:09:44 PM	0.0006680158	+7.07612247063478E-11	+1.64038523368165E-14	+6.30776624185145E-02	+2.76727027893066E+01	+4.94776894927106E+06	+0.00000000000000E+00	+4.94777025474548E+06	+4.94773403808594E+06	+4.94780386070252E+06 	0	0	0	0
		B	s3	165	4:09:46 PM	0.0006986608	+7.09280598712021E-11	+1.64118780453888E-14	+6.30468159640358E-02	+2.76691436767578E+01	+4.94776896197391E+06	+0.00000000000000E+00	+4.94777028518677E+06	+4.94773403820038E+06	+4.94780388599396E+06 	0	0	0	0
		B	s3	166	4:09:49 PM	0.0007299945	+7.27920157292376E-11	+1.64075256528269E-14	+6.30635402829910E-02	+2.76738986968994E+01	+4.94776896149710E+06	+0.00000000000000E+00	+4.94777031074524E+06	+4.94773404098511E+06	+4.94780388225556E+06 	0	0	0	0
		B	s3	167	4:09:50 PM	0.0007620169	+7.17660484192104E-11	+1.63966424668632E-14	+6.31053977991553E-02	+2.76814975738525E+01	+4.94776898423279E+06	+0.00000000000000E+00	+4.94777035877228E+06	+4.94773407730103E+06	+4.94780389141083E+06 	0	0	0	0
		B	s3	168	4:09:52 PM	0.0007947279	+7.19064533880089E-11	+1.64088057473644E-14	+6.30586198591772E-02	+2.76787071228027E+01	+4.94776898776123E+06	+0.00000000000000E+00	+4.94777029861450E+06	+4.94773405845642E+06	+4.94780391731262E+06 	0	0	0	0
		B	s3	169	4:09:54 PM	0.0008281275	+7.22125627763471E-11	+1.64143037271479E-14	+6.30374982222548E-02	+2.76783504486084E+01	+4.94776899241508E+06	+0.00000000000000E+00	+4.94777032997131E+06	+4.94773405185700E+06	+4.94780393321991E+06 	0	0	0	0
		B	s3	170	4:09:57 PM	0.0008622159	+7.34661719246136E-11	+1.64241325679118E-14	+6.29997738774227E-02	+2.76844215393066E+01	+4.94776900223772E+06	+0.00000000000000E+00	+4.94777035213471E+06	+4.94773403308869E+06	+4.94780397163391E+06 	0	0	0	0
		B	s3	171	4:09:59 PM	0.0008969928	+7.32571259379166E-11	+1.64222971773631E-14	+6.30068148460030E-02	+2.76936016082764E+01	+4.94776900298153E+06	+0.00000000000000E+00	+4.94777036777496E+06	+4.94773402614594E+06	+4.94780398006439E+06 	0	0	0	0
		B	s3	172	4:10:02 PM	0.0009324584	+7.48389833881448E-11	+1.64294547130711E-14	+6.29793654932014E-02	+2.77011604309082E+01	+4.94776901343363E+06	+0.00000000000000E+00	+4.94777036407471E+06	+4.94773401180268E+06	+4.94780401531220E+06 	0	0	0	0
		B	s3	173	4:10:04 PM	0.0009686127	+7.23364832332637E-11	+1.64178534016635E-14	+6.30238685658432E-02	+2.77120037078857E+01	+4.94776900939013E+06	+0.00000000000000E+00	+4.94777030761719E+06	+4.94773401878357E+06	+4.94780400024414E+06 	0	0	0	0
		B	s3	174	4:10:06 PM	0.0010054556	+7.53301874383681E-11	+1.64371702234083E-14	+6.29498032395065E-02	+2.77215023040771E+01	+4.94776901785838E+06	+0.00000000000000E+00	+4.94777034111023E+06	+4.94773397407532E+06	+4.94780406188965E+06 	0	0	0	0
		B	s3	175	4:10:09 PM	0.0010429872	+7.36369241024090E-11	+1.64453658937743E-14	+6.29184318641246E-02	+2.77286491394043E+01	+4.94776901286094E+06	+0.00000000000000E+00	+4.94777037025452E+06	+4.94773394256592E+06	+4.94780408340454E+06 	0	0	0	0
		B	s3	176	4:10:10 PM	0.0010812074	+7.49230744279718E-11	+1.64490090441229E-14	+6.29044954347281E-02	+2.77304077148437E+01	+4.94776905863724E+06	+0.00000000000000E+00	+4.94777038871765E+06	+4.94773397834778E+06	+4.94780413917542E+06 	0	0	0	0
		B	s3	177	4:10:12 PM	0.0011201163	+7.53778203081841E-11	+1.64555809495909E-14	+6.28793739260860E-02	+2.77309532165527E+01	+4.94776902665090E+06	+0.00000000000000E+00	+4.94777039402008E+06	+4.94773393165589E+06	+4.94780412189484E+06 	0	0	0	0
		B	s3	178	4:10:15 PM	0.0011597138	+7.61760170239098E-11	+1.64428570473432E-14	+6.29280305795808E-02	+2.77364540100098E+01	+4.94776906636204E+06	+0.00000000000000E+00	+4.94777042331696E+06	+4.94773399154663E+06	+4.94780414142609E+06 	0	0	0	0
		B	s3	179	4:10:16 PM	0.0012000000	+7.40856172301695E-11	+1.64575544051491E-14	+6.28718329701294E-02	+2.77260150909424E+01	+4.94776906500769E+06	+0.00000000000000E+00	+4.94777041034699E+06	+4.94773397205353E+06	+4.94780415821076E+06 	0	0	0	0

